synthetic_268000_268000_avg420_std8_random_n14,0,0,0,0,0,0,0,128,0,0,0,0,0
synthetic_863000_863000_avg105_std0.2_diagonal_0.5_n14,863000,863000,90183433,863000,863000,260855072,189.249,128,2.26527,17.6975,10.1917,29.4794,2130.43
synthetic_863000_863000_avg105_std0.2_diagonal_0.05_n14,863000,863000,90183433,863000,863000,372116768,312.622,128,3.35213,26.1885,6.88724,28.4183,3039.09
synthetic_863000_863000_avg105_std0.02_diagonal_0.5_n14,863000,863000,90183433,863000,863000,260855072,189.249,128,2.26519,17.6968,10.1921,29.4805,2130.43
synthetic_863000_863000_avg105_std0.02_diagonal_0.05_n14,863000,863000,90183433,863000,863000,372116768,312.622,128,3.35214,26.1886,6.88723,28.4182,3039.09
synthetic_863000_863000_avg105_std0.02_diagonal_0.005_n14,863000,863000,90183433,863000,863000,497580608,451.743,128,5.37588,41.9991,4.29454,23.6948,4064.61
synthetic_863000_863000_avg105_std0.2_diagonal_0.005_n14,863000,863000,90183433,863000,863000,497580608,451.743,128,5.37592,41.9994,4.29452,23.6947,4064.61
synthetic_863000_863000_avg105_std0.2_random_n14,0,0,0,0,0,0,0,128,0,0,0,0,0
synthetic_863000_863000_avg105_std0.02_random_n14,0,0,0,0,0,0,0,128,0,0,0,0,0
synthetic_863000_863000_avg105_std0.64_diagonal_0.5_n14,863000,863000,90183370,863000,863000,260862016,189.257,128,2.2652,17.6969,10.192,29.4811,2130.49
synthetic_863000_863000_avg105_std0.64_diagonal_0.05_n14,863000,863000,90183370,863000,863000,372122816,312.629,128,3.35242,26.1908,6.88665,28.4163,3039.14
synthetic_863000_863000_avg105_std0.64_diagonal_0.005_n14,863000,863000,90183370,863000,863000,497552448,451.712,128,5.38714,42.0871,4.28556,23.644,4064.33
synthetic_863000_863000_avg105_std0.64_random_n14,0,0,0,0,0,0,0,128,0,0,0,0,0
synthetic_863000_863000_avg105_std0.84_random_n14,0,0,0,0,0,0,0,128,0,0,0,0,0
synthetic_863000_863000_avg105_std1.6_diagonal_0.5_n14,863000,863000,90182763,863000,863000,260917024,189.32,128,2.26545,17.6988,10.1908,29.4841,2130.93
synthetic_863000_863000_avg105_std1.6_diagonal_0.05_n14,863000,863000,90182763,863000,863000,372106720,312.614,128,3.35405,26.2035,6.88326,28.4013,3039.01
synthetic_863000_863000_avg105_std1.6_diagonal_0.005_n14,863000,863000,90182763,863000,863000,497508416,451.667,128,5.41589,42.3116,4.26279,23.5164,4064.02
synthetic_863000_863000_avg105_std1.6_random_n14,0,0,0,0,0,0,0,128,0,0,0,0,0
synthetic_863000_863000_avg105_std2.5_diagonal_0.5_n14,863000,863000,90182147,863000,863000,260978240,189.39,128,2.26592,17.7025,10.1886,29.4848,2131.43
synthetic_863000_863000_avg105_std2.5_diagonal_0.05_n14,863000,863000,90182147,863000,863000,372094176,312.603,128,3.3564,26.2218,6.8784,28.3805,3038.89
synthetic_863000_863000_avg105_std2.5_diagonal_0.005_n14,863000,863000,90182147,863000,863000,497770912,451.962,128,5.43825,42.4863,4.24523,23.4321,4066.14
synthetic_863000_863000_avg105_std2.5_random_n14,0,0,0,0,0,0,0,128,0,0,0,0,0
synthetic_863000_863000_avg105_std2.25_diagonal_0.5_n14,863000,863000,90182693,863000,863000,260959776,189.368,128,2.26611,17.704,10.1879,29.4804,2131.28
synthetic_863000_863000_avg105_std2.25_diagonal_0.05_n14,863000,863000,90182693,863000,863000,372102144,312.609,128,3.35579,26.2171,6.87967,28.3862,3038.96
synthetic_863000_863000_avg105_std2.25_diagonal_0.005_n14,863000,863000,90182693,863000,863000,497690336,451.869,128,5.43249,42.4413,4.24976,23.4531,4065.48
synthetic_863000_863000_avg105_std2.25_random_n14,0,0,0,0,0,0,0,128,0,0,0,0,0
synthetic_863000_863000_avg105_std3_diagonal_0.5_n14,863000,863000,90182280,863000,863000,261010496,189.425,128,2.26624,17.705,10.1872,29.4844,2131.69
synthetic_863000_863000_avg105_std3_diagonal_0.05_n14,863000,863000,90182280,863000,863000,372102592,312.612,128,3.35825,26.2363,6.87461,28.3654,3038.95
synthetic_863000_863000_avg105_std3_diagonal_0.005_n14,863000,863000,90182280,863000,863000,497845504,452.044,128,5.44905,42.5707,4.23682,23.3891,4066.76
synthetic_863000_863000_avg105_std3_random_n14,0,0,0,0,0,0,0,128,0,0,0,0,0
synthetic_863000_863000_avg105_std8_diagonal_0.5_n14,863000,863000,90179895,863000,863000,261098176,189.53,128,2.26783,17.7175,10.1798,29.4735,2132.39
synthetic_863000_863000_avg105_std8_diagonal_0.05_n14,863000,863000,90179895,863000,863000,372063296,312.579,128,3.38057,26.4107,6.82903,28.1752,3038.64
synthetic_863000_863000_avg105_std8_diagonal_0.005_n14,863000,863000,90179895,863000,863000,497553728,451.735,128,5.59275,43.6934,4.12785,22.7748,4064.63
synthetic_863000_863000_avg105_std8_random_n14,0,0,0,0,0,0,0,128,0,0,0,0,0
synthetic_952000_952000_avg3.1_std125_diagonal_0.5_n14,952000,952000,94555668,952000,952000,274544832,190.353,128,2.43221,19.0016,9.95237,28.897,2242.22
synthetic_952000_952000_avg3.1_std125_diagonal_0.05_n14,952000,952000,94555668,952000,952000,390771232,313.271,128,3.85809,30.1413,6.27415,25.9293,3191.74
synthetic_952000_952000_avg3.1_std125_diagonal_0.005_n14,0,0,0,0,0,0,0,128,0,0,0,0,0
synthetic_952000_952000_avg3.1_std125_random_n14,0,0,0,0,0,0,0,128,0,0,0,0,0
synthetic_952000_952000_avg4_std125_diagonal_0.5_n14,952000,952000,94575244,952000,952000,274601056,190.352,128,2.43288,19.0069,9.95169,28.8949,2242.68
synthetic_952000_952000_avg4_std125_diagonal_0.05_n14,952000,952000,94575244,952000,952000,390863168,313.283,128,3.85908,30.1491,6.27384,25.9287,3192.49
synthetic_952000_952000_avg4_std125_diagonal_0.005_n14,0,0,0,0,0,0,0,128,0,0,0,0,0
synthetic_952000_952000_avg4_std125_random_n14,0,0,0,0,0,0,0,128,0,0,0,0,0
synthetic_952000_952000_avg6_std125_diagonal_0.5_n14,952000,952000,94636497,952000,952000,274764768,190.337,128,2.4354,19.0266,9.94782,28.8822,2244.02
synthetic_952000_952000_avg6_std125_diagonal_0.05_n14,952000,952000,94636497,952000,952000,391120960,313.288,128,3.8633,30.182,6.27105,25.9175,3194.6
synthetic_952000_952000_avg6_std125_diagonal_0.005_n14,0,0,0,0,0,0,0,128,0,0,0,0,0
synthetic_952000_952000_avg6_std125_random_n14,0,0,0,0,0,0,0,128,0,0,0,0,0
synthetic_952000_952000_avg10_std125_diagonal_0.5_n14,952000,952000,94831081,952000,952000,275301984,190.308,128,2.44011,19.0633,9.94905,28.8829,2248.4
synthetic_952000_952000_avg10_std125_diagonal_0.05_n14,952000,952000,94831081,952000,952000,391881376,313.241,128,3.86995,30.234,6.27314,25.9232,3200.8
synthetic_952000_952000_avg10_std125_diagonal_0.005_n14,0,0,0,0,0,0,0,128,0,0,0,0,0
synthetic_952000_952000_avg10_std125_random_n14,0,0,0,0,0,0,0,128,0,0,0,0,0
synthetic_952000_952000_avg20_std125_diagonal_0.5_n14,952000,952000,95738825,952000,952000,277789088,190.153,128,2.46122,19.2283,9.95813,28.8938,2268.71
synthetic_952000_952000_avg20_std125_diagonal_0.05_n14,952000,952000,95738825,952000,952000,395515360,313.119,128,3.9051,30.5086,6.27618,25.9281,3230.48
synthetic_952000_952000_avg20_std125_diagonal_0.005_n14,0,0,0,0,0,0,0,128,0,0,0,0,0
synthetic_952000_952000_avg20_std125_random_n14,0,0,0,0,0,0,0,128,0,0,0,0,0
synthetic_952000_952000_avg105_std0.2_diagonal_0.5_n14,952000,952000,99484151,952000,952000,287765312,189.257,128,2.49783,19.5143,10.196,29.4928,2350.21
synthetic_952000_952000_avg105_std0.02_diagonal_0.5_n14,952000,952000,99484151,952000,952000,287765312,189.257,128,2.49799,19.5155,10.1954,29.4909,2350.21
synthetic_952000_952000_avg105_std0.2_diagonal_0.05_n14,952000,952000,99484151,952000,952000,410476448,312.605,128,3.69698,28.8826,6.88886,28.4238,3352.37
synthetic_952000_952000_avg105_std0.02_diagonal_0.05_n14,952000,952000,99484151,952000,952000,410476448,312.605,128,3.69728,28.885,6.88829,28.4214,3352.37
synthetic_952000_952000_avg105_std0.02_diagonal_0.005_n14,0,0,0,0,0,0,0,128,0,0,0,0,0
synthetic_952000_952000_avg105_std0.2_diagonal_0.005_n14,0,0,0,0,0,0,0,128,0,0,0,0,0
synthetic_952000_952000_avg105_std0.2_random_n14,0,0,0,0,0,0,0,128,0,0,0,0,0
synthetic_952000_952000_avg105_std0.02_random_n14,0,0,0,0,0,0,0,128,0,0,0,0,0
synthetic_952000_952000_avg105_std0.64_diagonal_0.5_n14,952000,952000,99484110,952000,952000,287772896,189.265,128,2.49789,19.5147,10.1958,29.4929,2350.27
synthetic_952000_952000_avg105_std0.64_diagonal_0.05_n14,952000,952000,99484110,952000,952000,410483904,312.613,128,3.69732,28.8853,6.88821,28.4216,3352.44
synthetic_952000_952000_avg105_std0.64_diagonal_0.005_n14,0,0,0,0,0,0,0,128,0,0,0,0,0
synthetic_952000_952000_avg105_std0.64_random_n14,0,0,0,0,0,0,0,128,0,0,0,0,0
synthetic_952000_952000_avg105_std0.84_diagonal_0.5_n14,952000,952000,99484292,952000,952000,287777920,189.27,128,2.49771,19.5133,10.1965,29.4955,2350.32
synthetic_952000_952000_avg105_std0.84_diagonal_0.05_n14,952000,952000,99484292,952000,952000,410475936,312.604,128,3.69759,28.8874,6.88772,28.419,3352.37
synthetic_952000_952000_avg105_std0.84_diagonal_0.005_n14,0,0,0,0,0,0,0,128,0,0,0,0,0
synthetic_952000_952000_avg105_std0.84_random_n14,0,0,0,0,0,0,0,128,0,0,0,0,0
synthetic_952000_952000_avg105_std1.6_diagonal_0.5_n14,952000,952000,99483781,952000,952000,287830112,189.324,128,2.49823,19.5174,10.1944,29.4947,2350.74
synthetic_952000_952000_avg105_std1.6_diagonal_0.05_n14,952000,952000,99483781,952000,952000,410466944,312.597,128,3.69889,28.8975,6.88527,28.4084,3352.3
synthetic_952000_952000_avg105_std1.6_diagonal_0.005_n14,0,0,0,0,0,0,0,128,0,0,0,0,0
synthetic_952000_952000_avg105_std1.6_random_n14,0,0,0,0,0,0,0,128,0,0,0,0,0
synthetic_952000_952000_avg105_std2.5_diagonal_0.05_n14,952000,952000,99483222,952000,952000,410453504,312.586,128,3.70186,28.9208,6.8797,28.3847,3352.17
synthetic_952000_952000_avg105_std2.5_diagonal_0.005_n14,0,0,0,0,0,0,0,128,0,0,0,0,0
synthetic_952000_952000_avg105_std2.25_diagonal_0.5_n14,952000,952000,99483888,952000,952000,287874336,189.368,128,2.49867,19.5208,10.1926,29.494,2351.09
synthetic_952000_952000_avg105_std2.25_diagonal_0.05_n14,952000,952000,99483888,952000,952000,410458560,312.588,128,3.70126,28.9161,6.88087,28.3896,3352.22
synthetic_952000_952000_avg105_std2.25_diagonal_0.005_n14,0,0,0,0,0,0,0,128,0,0,0,0,0
synthetic_952000_952000_avg105_std2.25_random_n14,0,0,0,0,0,0,0,128,0,0,0,0,0
synthetic_987000_987000_avg105_std0.2_diagonal_0.5_n14,987000,987000,103141576,987000,987000,298346272,189.259,128,2.59071,20.24,10.1919,29.4809,2436.63
synthetic_987000_987000_avg105_std0.2_diagonal_0.05_n14,987000,987000,103141576,987000,987000,425594976,312.632,128,3.83387,29.9521,6.8871,28.4184,3475.85
synthetic_987000_987000_avg105_std0.2_diagonal_0.005_n14,0,0,0,0,0,0,0,128,0,0,0,0,0
synthetic_987000_987000_avg105_std0.2_random_n14,0,0,0,0,0,0,0,128,0,0,0,0,0
synthetic_987000_987000_avg105_std0.64_diagonal_0.5_n14,987000,987000,103141658,987000,987000,298355008,189.267,128,2.59074,20.2402,10.1918,29.4815,2436.7
synthetic_987000_987000_avg105_std0.64_diagonal_0.05_n14,987000,987000,103141658,987000,987000,425603264,312.64,128,3.83429,29.9554,6.88634,28.4158,3475.92
synthetic_987000_987000_avg105_std0.64_random_n14,0,0,0,0,0,0,0,128,0,0,0,0,0
synthetic_987000_987000_avg105_std1.6_diagonal_0.5_n14,987000,987000,103141614,987000,987000,298415680,189.326,128,2.59089,20.2413,10.1912,29.4858,2437.19
synthetic_987000_987000_avg105_std1.6_diagonal_0.05_n14,987000,987000,103141614,987000,987000,425588288,312.625,128,3.83584,29.9675,6.88357,28.4033,3475.79
synthetic_987000_987000_avg105_std1.6_diagonal_0.005_n14,0,0,0,0,0,0,0,128,0,0,0,0,0
synthetic_987000_987000_avg105_std1.6_random_n14,0,0,0,0,0,0,0,128,0,0,0,0,0
synthetic_987000_987000_avg105_std2.5_diagonal_0.5_n14,987000,987000,103141210,987000,987000,298478624,189.388,128,2.59156,20.2466,10.1885,29.4844,2437.7
synthetic_987000_987000_avg105_std2.5_diagonal_0.05_n14,987000,987000,103141210,987000,987000,425572256,312.611,128,3.83886,29.9911,6.87812,28.3799,3475.64
synthetic_987000_987000_avg105_std2.5_diagonal_0.005_n14,0,0,0,0,0,0,0,128,0,0,0,0,0
synthetic_987000_987000_avg105_std2.5_random_n14,0,0,0,0,0,0,0,128,0,0,0,0,0
synthetic_987000_987000_avg105_std8_diagonal_0.5_n14,987000,987000,103141576,987000,987000,298632960,189.537,128,2.59447,20.2693,10.1771,29.4665,2438.93
synthetic_987000_987000_avg105_std8_diagonal_0.05_n14,987000,987000,103141576,987000,987000,425552192,312.59,128,3.86631,30.2056,6.82931,28.1771,3475.48
synthetic_987000_987000_avg105_std8_diagonal_0.005_n14,0,0,0,0,0,0,0,128,0,0,0,0,0
synthetic_987000_987000_avg105_std8_random_n14,0,0,0,0,0,0,0,128,0,0,0,0,0
synthetic_1000000_1000000_avg10_std125_diagonal_0.5_n14,1000000,1000000,99612031,1000000,1000000,289184064,190.31,128,2.56292,20.0228,9.94985,28.8854,2361.78
synthetic_1000000_1000000_avg10_std125_diagonal_0.05_n14,1000000,1000000,99612031,1000000,1000000,411632480,313.236,128,4.06487,31.7568,6.27343,25.924,3362.13
synthetic_1000000_1000000_avg10_std125_diagonal_0.005_n14,0,0,0,0,0,0,0,128,0,0,0,0,0
synthetic_1000000_1000000_avg10_std125_random_n14,0,0,0,0,0,0,0,128,0,0,0,0,0
synthetic_1000000_1000000_avg20_std125_diagonal_0.5_n14,1000000,1000000,100565297,1000000,1000000,291799040,190.159,128,2.58526,20.1973,9.95827,28.8948,2383.13
synthetic_1000000_1000000_avg20_std125_random_n14,0,0,0,0,0,0,0,128,0,0,0,0,0
synthetic_1383000_1383000_avg70_std2.5_diagonal_0.5_n14,1383000,1383000,96118582,1383000,1383000,284945984,196.453,128,2.47348,19.324,9.94809,29.4914,2327.3
synthetic_1383000_1383000_avg70_std2.5_diagonal_0.05_n14,1383000,1383000,96118582,1383000,1383000,403541376,319.837,128,3.66596,28.6403,6.71212,28.18,3295.74
synthetic_1383000_1383000_avg70_std2.5_random_n14,0,0,0,0,0,0,0,128,0,0,0,0,0
synthetic_4690000_4690000_avg20_std0.2_diagonal_0.5_n14,4690000,4690000,91453528,4690000,4690000,304319168,232.758,128,2.66901,20.8516,8.77184,29.189,2486.85
synthetic_4690000_4690000_avg20_std0.2_diagonal_0.05_n14,4690000,4690000,91453528,4690000,4690000,456514432,399.176,128,4.13139,32.2765,5.66688,28.2877,3729.4
synthetic_4690000_4690000_avg20_std0.02_diagonal_0.05_n14,4690000,4690000,91453529,4690000,4690000,456514432,399.176,128,4.13131,32.2758,5.667,28.2883,3729.4
synthetic_4690000_4690000_avg20_std0.02_diagonal_0.005_n14,0,0,0,0,0,0,0,128,0,0,0,0,0
synthetic_4690000_4690000_avg20_std0.2_diagonal_0.005_n14,0,0,0,0,0,0,0,128,0,0,0,0,0
synthetic_4690000_4690000_avg20_std0.2_random_n14,0,0,0,0,0,0,0,128,0,0,0,0,0
synthetic_4690000_4690000_avg20_std13_diagonal_0.5_n14,4690000,4690000,94702902,4690000,4690000,333554240,252.211,128,2.93012,22.8916,8.27405,29.1421,2725.24
synthetic_4690000_4690000_avg20_std13_diagonal_0.05_n14,4690000,4690000,94702902,4690000,4690000,445431232,370.346,128,4.31822,33.7361,5.61434,26.4068,3638.96
synthetic_4690000_4690000_avg20_std13_diagonal_0.005_n14,0,0,0,0,0,0,0,128,0,0,0,0,0
synthetic_4690000_4690000_avg20_std13_random_n14,0,0,0,0,0,0,0,128,0,0,0,0,0
synthetic_5155000_5155000_avg20_std0.2_diagonal_0.5_n14,5155000,5155000,100520742,5155000,5155000,334491200,232.758,128,2.93257,22.9107,8.775,29.1995,2733.41
synthetic_5155000_5155000_avg20_std0.2_diagonal_0.05_n14,0,0,0,0,0,0,0,128,0,0,0,0,0
synthetic_5155000_5155000_avg20_std0.2_diagonal_0.005_n14,0,0,0,0,0,0,0,128,0,0,0,0,0
synthetic_5155000_5155000_avg20_std0.2_random_n14,0,0,0,0,0,0,0,128,0,0,0,0,0
synthetic_5155000_5155000_avg20_std8_diagonal_0.5_n14,5155000,5155000,100660975,5155000,5155000,356229120,253.89,128,3.1243,24.4086,8.248,29.1888,2910.65
synthetic_5155000_5155000_avg20_std8_diagonal_0.05_n14,5155000,5155000,100660975,5155000,5155000,475378208,372.257,128,4.48827,35.0646,5.74146,27.1144,3883.68
synthetic_5155000_5155000_avg20_std8_diagonal_0.005_n14,0,0,0,0,0,0,0,128,0,0,0,0,0
synthetic_5155000_5155000_avg20_std8_random_n14,0,0,0,0,0,0,0,128,0,0,0,0,0
synthetic_5558000_5558000_avg20_std0.02_diagonal_0.5_n14,5558000,5558000,108379219,5558000,5558000,360638720,232.756,128,3.16168,24.7006,8.77542,29.2008,2947.08
synthetic_5558000_5558000_avg20_std0.02_diagonal_0.05_n14,0,0,0,0,0,0,0,128,0,0,0,0,0
synthetic_5558000_5558000_avg20_std0.02_diagonal_0.005_n14,0,0,0,0,0,0,0,128,0,0,0,0,0
synthetic_5558000_5558000_avg20_std0.02_random_n14,0,0,0,0,0,0,0,128,0,0,0,0,0
synthetic_5558000_5558000_avg20_std0.64_diagonal_0.5_n14,5558000,5558000,108378117,5558000,5558000,361243232,233.318,128,3.1664,24.7375,8.76226,29.2061,2952.03
synthetic_5558000_5558000_avg20_std0.64_diagonal_0.05_n14,0,0,0,0,0,0,0,128,0,0,0,0,0
synthetic_5558000_5558000_avg20_std0.64_diagonal_0.005_n14,0,0,0,0,0,0,0,128,0,0,0,0,0
synthetic_5558000_5558000_avg20_std0.64_random_n14,0,0,0,0,0,0,0,128,0,0,0,0,0
synthetic_5558000_5558000_avg20_std0.84_diagonal_0.5_n14,5558000,5558000,108377288,5558000,5558000,361970944,233.992,128,3.17259,24.7858,8.7451,29.2079,2957.93
synthetic_5558000_5558000_avg20_std0.84_diagonal_0.05_n14,0,0,0,0,0,0,0,128,0,0,0,0,0
synthetic_5558000_5558000_avg20_std0.84_diagonal_0.005_n14,0,0,0,0,0,0,0,128,0,0,0,0,0
synthetic_5558000_5558000_avg20_std0.84_random_n14,0,0,0,0,0,0,0,128,0,0,0,0,0
synthetic_5558000_5558000_avg20_std1.6_diagonal_0.5_n14,5558000,5558000,108374325,5558000,5558000,366448736,238.132,128,3.21064,25.0831,8.64122,29.2188,2994.23
synthetic_5558000_5558000_avg20_std1.6_diagonal_0.05_n14,0,0,0,0,0,0,0,128,0,0,0,0,0
synthetic_5558000_5558000_avg20_std1.6_diagonal_0.005_n14,0,0,0,0,0,0,0,128,0,0,0,0,0
synthetic_5558000_5558000_avg20_std1.6_random_n14,0,0,0,0,0,0,0,128,0,0,0,0,0
synthetic_5558000_5558000_avg20_std2.5_diagonal_0.05_n14,0,0,0,0,0,0,0,128,0,0,0,0,0
synthetic_5558000_5558000_avg20_std2.5_diagonal_0.005_n14,0,0,0,0,0,0,0,128,0,0,0,0,0
synthetic_5558000_5558000_avg20_std2.25_diagonal_0.5_n14,5558000,5558000,108371407,5558000,5558000,371584288,242.88,128,3.25452,25.4259,8.52449,29.2288,3036.26
synthetic_5558000_5558000_avg20_std2.25_diagonal_0.05_n14,0,0,0,0,0,0,0,128,0,0,0,0,0
synthetic_5558000_5558000_avg20_std2.25_diagonal_0.005_n14,0,0,0,0,0,0,0,128,0,0,0,0,0
synthetic_5558000_5558000_avg20_std2.25_random_n14,0,0,0,0,0,0,0,128,0,0,0,0,0
synthetic_5558000_5558000_avg20_std8_diagonal_0.5_n14,5558000,5558000,108532193,5558000,5558000,384070208,253.877,128,3.36785,26.3113,8.24984,29.1943,3138.13
synthetic_5558000_5558000_avg20_std8_diagonal_0.05_n14,0,0,0,0,0,0,0,128,0,0,0,0,0
synthetic_5558000_5558000_avg20_std8_diagonal_0.005_n14,0,0,0,0,0,0,0,128,0,0,0,0,0
synthetic_5558000_5558000_avg20_std8_random_n14,0,0,0,0,0,0,0,128,0,0,0,0,0
