synthetic_171000_171000_avg105_std125_random_n14,171000,171000,22644684,171000,171000,200616576,785.932,128,2.59454,20.2698,2.23432,19.7946,1639.27
synthetic_171000_171000_avg105_std125_diagonal_0.5_n14,171000,171000,22644684,171000,171000,64821696,186.256,128,0.575631,4.49711,10.0708,28.8281,529.384
synthetic_171000_171000_avg105_std125_diagonal_0.05_n14,171000,171000,22644684,171000,171000,92671136,309.24,128,0.903134,7.05573,6.4188,26.2683,756.889
synthetic_268000_268000_avg105_std0.2_random_n14,268000,268000,28006098,268000,268000,450281536,1507.8,128,6.00291,46.8977,1.19435,19.2027,3679
synthetic_268000_268000_avg105_std0.2_diagonal_0.5_n14,268000,268000,28006098,268000,268000,81007040,189.248,128,0.705128,5.50881,10.1677,29.41,661.594
synthetic_526000_526000_avg70_std2.5_random_n14,526000,526000,36556775,526000,526000,906367744,2379.34,128,0,0,0,0,7409.73
synthetic_171000_171000_avg105_std125_diagonal_0.005_n14,171000,171000,22644684,171000,171000,120444416,431.888,128,1.78015,13.9074,3.25649,17.3209,984.415
synthetic_218000_218000_avg105_std0.2_random_n14,218000,218000,22780969,218000,218000,321330592,1310.52,128,4.18317,32.681,1.39414,19.6647,2625.32
synthetic_526000_526000_avg70_std2.5_diagonal_0.5_n14,526000,526000,36556775,526000,526000,108369664,196.442,128,0.943538,7.37139,9.91856,29.4028,885.11
synthetic_268000_268000_avg105_std0.2_diagonal_0.05_n14,268000,268000,28006098,268000,268000,115502432,312.419,128,1.04155,8.13708,6.88358,28.3892,943.312
synthetic_218000_218000_avg105_std0.2_diagonal_0.5_n14,218000,218000,22780969,218000,218000,65894368,189.252,128,0.574133,4.48542,10.1578,29.3816,538.167
synthetic_268000_268000_avg105_std0.2_diagonal_0.005_n14,268000,268000,28006098,268000,268000,153251584,447.208,128,1.65169,12.9038,4.34075,23.7529,1251.87
synthetic_526000_526000_avg70_std2.5_diagonal_0.05_n14,526000,526000,36556775,526000,526000,153455648,319.773,128,1.39643,10.9096,6.70175,28.1322,1253.28
synthetic_218000_218000_avg105_std0.2_diagonal_0.05_n14,218000,218000,22780969,218000,218000,93952448,312.416,128,0.848211,6.62664,6.87557,28.356,767.313
synthetic_68000_68000_avg420_std1.6_random_n14,68000,68000,28526083,68000,68000,129222080,352.996,128,1.25248,9.78498,5.83058,26.4123,1055.4
synthetic_526000_526000_avg70_std2.5_diagonal_0.005_n14,526000,526000,36556775,526000,526000,204652256,459.82,128,2.25493,17.6167,4.15025,23.2339,1671.8
synthetic_218000_218000_avg105_std0.2_diagonal_0.005_n14,218000,218000,22780969,218000,218000,124396448,446.054,128,1.33942,10.4642,4.35409,23.7757,1016.16
synthetic_68000_68000_avg420_std1.6_diagonal_0.5_n14,68000,68000,28526083,68000,68000,79165152,177.518,128,0.690043,5.39096,10.5829,29.3696,646.474
synthetic_68000_68000_avg420_std1.6_diagonal_0.05_n14,68000,68000,28526083,68000,68000,114053280,299.821,128,1.01812,7.95407,7.1727,28.678,931.399
synthetic_68000_68000_avg420_std1.6_diagonal_0.005_n14,68000,68000,28526083,68000,68000,129222080,352.996,128,1.2524,9.78436,5.83096,26.414,1055.4
synthetic_526000_526000_avg45_std0.84_random_n14,526000,526000,23407446,526000,526000,635297504,2614.08,128,0,0,0,0,5196.23
synthetic_526000_526000_avg45_std0.84_diagonal_0.5_n14,526000,526000,23407446,526000,526000,70972736,203.206,128,0.62007,4.8443,9.66391,29.3015,579.712
synthetic_526000_526000_avg45_std0.84_diagonal_0.05_n14,526000,526000,23407446,526000,526000,102296864,337.027,128,0.932291,7.28353,6.4275,28.0899,835.525
synthetic_526000_526000_avg45_std0.84_diagonal_0.005_n14,526000,526000,23407446,526000,526000,134217536,473.397,128,1.47073,11.4901,4.07436,23.3623,1096.44
synthetic_4690000_4690000_avg6_std8_random_n14,4690000,4690000,35653194,4690000,4690000,1135184992,3083.96,128,0,0,0,0,10075.1
synthetic_121000_121000_avg220_std2.5_random_n14,121000,121000,26558853,121000,121000,152671392,474.842,128,1.7531,13.6961,3.87831,22.2941,1247.33
synthetic_121000_121000_avg220_std2.5_diagonal_0.5_n14,121000,121000,26558853,121000,121000,74771104,181.53,128,0.651586,5.09052,10.4346,29.3766,610.612
synthetic_4690000_4690000_avg6_std8_diagonal_0.5_n14,4690000,4690000,35653194,4690000,4690000,174888224,390.526,128,2.48594,19.4214,3.67154,18.0099,1429.88
synthetic_5155000_5155000_avg6_std2.25_random_n14,5155000,5155000,28375480,5155000,5155000,905956352,3092.74,128,0,0,0,0,8351.33
synthetic_121000_121000_avg220_std2.5_diagonal_0.05_n14,121000,121000,26558853,121000,121000,107460736,304.614,128,0.963751,7.5293,7.0548,28.5447,877.581
synthetic_4690000_4690000_avg6_std8_diagonal_0.05_n14,4690000,4690000,35653194,4690000,4690000,211902272,494.343,128,2.48654,19.4261,3.67065,21.8163,1731.99
synthetic_5155000_5155000_avg6_std2.25_diagonal_0.5_n14,5155000,5155000,28375480,5155000,5155000,164698880,480.427,128,2.73216,21.345,2.65875,15.4321,1346.49
synthetic_121000_121000_avg220_std2.5_diagonal_0.005_n14,121000,121000,26558853,121000,121000,137335712,417.1,128,1.45001,11.3282,4.68899,24.2468,1121.79
synthetic_64000_64000_avg420_std125_random_n14,64000,64000,26843052,64000,64000,120572480,349.176,128,1.16155,9.0746,5.91608,26.5736,984.737
synthetic_5155000_5155000_avg6_std2.25_diagonal_0.05_n14,5155000,5155000,28375480,5155000,5155000,180857600,537.373,128,2.73242,21.3471,2.65849,16.9445,1478.6
synthetic_4690000_4690000_avg6_std8_diagonal_0.005_n14,4690000,4690000,35653194,4690000,4690000,265458016,644.556,128,4.07533,31.8385,2.23963,16.6753,2170.76
synthetic_64000_64000_avg420_std125_diagonal_0.5_n14,64000,64000,26843052,64000,64000,74463936,177.405,128,0.65241,5.09695,10.533,29.219,608.084
synthetic_5155000_5155000_avg6_std2.25_diagonal_0.005_n14,5155000,5155000,28375480,5155000,5155000,230428800,712.07,128,2.82587,22.0771,2.57058,20.8749,1883.77
synthetic_64000_64000_avg420_std125_diagonal_0.05_n14,64000,64000,26843052,64000,64000,107234912,299.489,128,0.97906,7.6489,7.0188,28.0393,875.74
synthetic_171000_171000_avg220_std0.2_random_n14,171000,171000,37534470,171000,171000,247247136,558.72,128,2.99454,23.3948,3.20878,21.1369,2020.22
synthetic_64000_64000_avg420_std125_diagonal_0.005_n14,64000,64000,26843052,64000,64000,120350240,348.348,128,1.15983,9.06113,5.92488,26.5641,982.918
synthetic_141000_141000_avg220_std0.84_random_n14,141000,141000,30949435,141000,141000,186399776,502.272,128,2.20063,17.1924,3.60036,21.684,1522.87
synthetic_171000_171000_avg220_std0.2_diagonal_0.5_n14,171000,171000,37534470,171000,171000,105694080,181.592,128,0.919469,7.18335,10.4504,29.4275,863.141
synthetic_64000_64000_avg420_std0.64_random_n14,64000,64000,26848108,64000,64000,120699776,349.565,128,1.16252,9.08217,5.91227,26.5795,985.789
synthetic_141000_141000_avg220_std0.84_diagonal_0.5_n14,141000,141000,30949435,141000,141000,87140480,181.558,128,0.759826,5.93614,10.4275,29.3593,711.625
synthetic_64000_64000_avg420_std0.64_diagonal_0.5_n14,64000,64000,26848108,64000,64000,74489088,177.446,128,0.648846,5.06911,10.5928,29.3894,608.289
synthetic_171000_171000_avg220_std0.2_diagonal_0.05_n14,171000,171000,37534470,171000,171000,151947552,304.821,128,1.36066,10.6301,7.0619,28.5881,1240.89
synthetic_141000_141000_avg220_std0.84_diagonal_0.05_n14,141000,141000,30949435,141000,141000,125271680,304.762,128,1.12279,8.77176,7.05661,28.5625,1023.04
synthetic_64000_64000_avg420_std0.64_diagonal_0.05_n14,64000,64000,26848108,64000,64000,107302496,299.665,128,0.956373,7.47166,7.18665,28.7225,876.27
synthetic_171000_171000_avg220_std0.2_diagonal_0.005_n14,171000,171000,37534470,171000,171000,197232160,425.469,128,2.09116,16.3372,4.59498,24.1452,1611.05
synthetic_141000_141000_avg220_std0.84_diagonal_0.005_n14,141000,141000,30949435,141000,141000,161675584,422.386,128,1.70978,13.3577,4.63395,24.2071,1320.6
synthetic_64000_64000_avg420_std0.64_diagonal_0.005_n14,64000,64000,26848108,64000,64000,120699776,349.565,128,1.16275,9.08398,5.91109,26.5742,985.789
synthetic_1383000_1383000_avg20_std2.5_random_n14,1383000,1383000,26968582,1383000,1383000,839347936,3012.32,128,0,0,0,0,6903.69
synthetic_863000_863000_avg45_std0.84_random_n14,863000,863000,38403518,863000,863000,1110169824,2790.8,128,0,0,0,0,9095.05
synthetic_1383000_1383000_avg20_std2.5_diagonal_0.5_n14,1383000,1383000,26968582,1383000,1383000,92944256,244.639,128,0.816669,6.38023,8.4538,29.1351,759.487
synthetic_863000_863000_avg45_std0.84_diagonal_0.5_n14,863000,863000,38403518,863000,863000,116451296,203.231,128,1.01526,7.93171,9.68355,29.3635,951.184
synthetic_1383000_1383000_avg20_std2.5_diagonal_0.05_n14,1383000,1383000,26968582,1383000,1383000,128926432,378.062,128,1.17993,9.21822,5.85115,27.9721,1053.26
synthetic_5558000_5558000_avg6_std0.2_random_n14,5558000,5558000,30567218,5558000,5558000,976423680,3094.35,128,0,0,0,0,9122.82
synthetic_863000_863000_avg45_std0.84_diagonal_0.05_n14,863000,863000,38403518,863000,863000,167847968,337.064,128,1.52846,11.9411,6.43217,28.1127,1370.92
synthetic_1383000_1383000_avg20_std2.5_diagonal_0.005_n14,1383000,1383000,26968582,1383000,1383000,168063360,523.182,128,1.95167,15.2474,3.53745,22.0448,1373.27
synthetic_5558000_5558000_avg6_std0.2_diagonal_0.5_n14,5558000,5558000,30567218,5558000,5558000,178566592,484.177,128,2.94562,23.0126,2.65656,15.519,1459.57
synthetic_863000_863000_avg45_std0.84_diagonal_0.005_n14,863000,863000,38403518,863000,863000,220465504,474.076,128,2.41476,18.8653,4.07134,23.3726,1801.01
synthetic_5558000_5558000_avg6_std0.2_diagonal_0.05_n14,5558000,5558000,30567218,5558000,5558000,184497824,503.581,128,2.94562,23.0126,2.65656,16.0345,1508.05
synthetic_186000_186000_avg220_std0.84_random_n14,186000,186000,40826933,186000,186000,285666304,599.701,128,3.48983,27.2643,2.9949,20.9553,2333.72
synthetic_5558000_5558000_avg6_std0.2_diagonal_0.005_n14,5558000,5558000,30567218,5558000,5558000,244008064,698.267,128,2.94647,23.0193,2.65579,21.2003,1994.51
synthetic_186000_186000_avg220_std0.84_diagonal_0.5_n14,186000,186000,40826933,186000,186000,114977344,181.621,128,1.00049,7.81635,10.4465,29.4197,938.953
synthetic_4690000_4690000_avg6_std3_random_n14,4690000,4690000,26038818,4690000,4690000,830936768,3091.15,128,0,0,0,0,7545.35
synthetic_4690000_4690000_avg6_std3_diagonal_0.5_n14,4690000,4690000,26038818,4690000,4690000,148676224,470.979,128,2.48598,19.4218,2.68141,15.3103,1215.57
synthetic_186000_186000_avg220_std0.84_diagonal_0.05_n14,186000,186000,40826933,186000,186000,165317920,304.924,128,1.48045,11.566,7.0598,28.5868,1350.08
synthetic_4690000_4690000_avg6_std3_diagonal_0.05_n14,4690000,4690000,26038818,4690000,4690000,169758688,551.945,128,2.48633,19.4244,2.68104,17.4789,1387.97
synthetic_1635000_1635000_avg20_std8_random_n14,1635000,1635000,31934039,1635000,1635000,994459712,3014.11,128,0,0,0,0,8196.66
synthetic_186000_186000_avg220_std0.84_diagonal_0.005_n14,186000,186000,40826933,186000,186000,215601408,428.086,128,2.29233,17.9089,4.55941,24.0776,1761.1
synthetic_1635000_1635000_avg20_std8_diagonal_0.5_n14,1635000,1635000,31934039,1635000,1635000,113021920,253.923,128,0.99494,7.77297,8.21669,29.0808,923.469
synthetic_4690000_4690000_avg6_std3_diagonal_0.005_n14,4690000,4690000,26038818,4690000,4690000,211747136,713.198,128,2.76516,21.6028,2.41069,19.6037,1731.52
synthetic_1635000_1635000_avg20_std8_diagonal_0.05_n14,1635000,1635000,31934039,1635000,1635000,150801632,372.228,128,1.42701,11.1485,5.72883,27.0531,1232
synthetic_1635000_1635000_avg20_std8_diagonal_0.005_n14,1635000,1635000,31934039,1635000,1635000,198408960,521.309,128,2.59503,20.2736,3.1503,19.5731,1621.6
synthetic_952000_952000_avg45_std2.25_random_n14,952000,952000,42363888,952000,952000,1235925536,2817.4,128,0,0,0,0,10117.9
synthetic_83000_83000_avg420_std2.25_random_n14,83000,83000,34818356,83000,83000,162645440,367.126,128,1.60951,12.5743,5.53804,25.8696,1328.44
synthetic_83000_83000_avg420_std2.25_diagonal_0.5_n14,83000,83000,34818356,83000,83000,96691008,177.701,128,0.841341,6.57298,10.5944,29.4208,789.593
synthetic_952000_952000_avg45_std2.25_diagonal_0.5_n14,952000,952000,42363888,952000,952000,129679936,206.11,128,1.12962,8.82516,9.60071,29.3887,1059.25
synthetic_83000_83000_avg420_std2.25_diagonal_0.05_n14,83000,83000,34818356,83000,83000,139401600,300.368,128,1.24393,9.71818,7.16561,28.6888,1138.41
synthetic_952000_952000_avg45_std2.25_diagonal_0.05_n14,952000,952000,42363888,952000,952000,183406464,332.931,128,1.67568,13.0913,6.47209,28.0197,1498
synthetic_83000_83000_avg420_std2.25_diagonal_0.005_n14,83000,83000,34818356,83000,83000,162645536,367.126,128,1.60969,12.5757,5.5374,25.8666,1328.44
synthetic_952000_952000_avg45_std2.25_diagonal_0.005_n14,952000,952000,42363888,952000,952000,243270208,474.24,128,2.69647,21.0662,4.02198,23.0958,1987.34
synthetic_161000_161000_avg220_std2.5_random_n14,161000,161000,35338973,161000,161000,226315296,540.413,128,2.72487,21.2881,3.32007,21.2622,1848.89
synthetic_161000_161000_avg220_std2.5_diagonal_0.5_n14,161000,161000,35338973,161000,161000,99518528,181.611,128,0.86603,6.76586,10.4463,29.4179,812.71
synthetic_161000_161000_avg220_std2.5_diagonal_0.05_n14,161000,161000,35338973,161000,161000,143073056,304.859,128,1.28264,10.0206,7.05324,28.5557,1168.41
synthetic_161000_161000_avg220_std2.5_diagonal_0.005_n14,161000,161000,35338973,161000,161000,185460000,424.803,128,1.9729,15.4133,4.58552,24.0649,1514.89
synthetic_987000_987000_avg45_std0.2_random_n14,987000,987000,43921576,987000,987000,1285760736,2827.4,128,0,0,0,0,10528.6
synthetic_987000_987000_avg45_std0.2_diagonal_0.5_n14,987000,987000,43921576,987000,987000,132981824,202.771,128,1.15887,9.05364,9.70253,29.3764,1086.2
synthetic_987000_987000_avg45_std0.2_diagonal_0.05_n14,987000,987000,43921576,987000,987000,192263424,337.743,128,1.74949,13.6679,6.42696,28.1335,1570.31
synthetic_987000_987000_avg45_std0.2_diagonal_0.005_n14,987000,987000,43921576,987000,987000,252400256,474.661,128,2.7465,21.457,4.09391,23.5261,2061.95
synthetic_121000_121000_avg220_std2.25_diagonal_0.5_n14,121000,121000,26558865,121000,121000,74767424,181.516,128,0.651202,5.08752,10.4408,29.3925,610.582
synthetic_121000_121000_avg220_std2.25_diagonal_0.05_n14,121000,121000,26558865,121000,121000,107464320,304.627,128,0.963292,7.52572,7.05816,28.5592,877.612
synthetic_121000_121000_avg220_std2.25_diagonal_0.005_n14,121000,121000,26558865,121000,121000,137362240,417.199,128,1.44943,11.3237,4.69086,24.2611,1122
synthetic_121000_121000_avg220_std2.25_random_n14,121000,121000,26558865,121000,121000,152670080,474.837,128,1.75248,13.6913,3.87968,22.3018,1247.32
synthetic_121000_121000_avg220_std3_diagonal_0.5_n14,121000,121000,26558873,121000,121000,74772608,181.535,128,0.651146,5.08708,10.4417,29.3971,610.624
synthetic_121000_121000_avg220_std3_diagonal_0.05_n14,121000,121000,26558873,121000,121000,107454816,304.591,128,0.963643,7.52846,7.05559,28.5463,877.537
synthetic_121000_121000_avg220_std3_diagonal_0.005_n14,121000,121000,26558873,121000,121000,137315360,417.023,128,1.45099,11.3359,4.6858,24.2266,1121.63
synthetic_121000_121000_avg220_std3_random_n14,121000,121000,26558873,121000,121000,152675328,474.856,128,1.75242,13.6908,3.87982,22.3034,1247.36
synthetic_121000_121000_avg220_std8_diagonal_0.5_n14,121000,121000,26557636,121000,121000,74765472,181.522,128,0.651004,5.08597,10.4435,29.4007,610.565
synthetic_121000_121000_avg220_std8_diagonal_0.05_n14,121000,121000,26557636,121000,121000,107448160,304.585,128,0.965871,7.54587,7.03899,28.4787,877.48
synthetic_121000_121000_avg220_std8_diagonal_0.005_n14,121000,121000,26557636,121000,121000,137539680,417.891,128,1.46624,11.455,4.63687,24.0139,1123.47
synthetic_121000_121000_avg220_std8_random_n14,121000,121000,26557636,121000,121000,152713760,475.028,128,1.75284,13.6941,3.87871,22.3036,1247.68
synthetic_121000_121000_avg220_std13_diagonal_0.5_n14,121000,121000,26556601,121000,121000,74763680,181.526,128,0.651523,5.09002,10.4348,29.3766,610.551
synthetic_121000_121000_avg220_std13_diagonal_0.05_n14,121000,121000,26556601,121000,121000,107437952,304.562,128,0.968465,7.56613,7.01986,28.3997,877.397
synthetic_121000_121000_avg220_std13_diagonal_0.005_n14,121000,121000,26556601,121000,121000,137551136,417.955,128,1.47825,11.5488,4.59902,23.8208,1123.59
synthetic_121000_121000_avg220_std13_random_n14,121000,121000,26556601,121000,121000,152800992,475.379,128,1.75358,13.6999,3.87692,22.307,1248.39
synthetic_186000_186000_avg105_std125_diagonal_0.5_n14,186000,186000,24635913,186000,186000,70530464,186.291,128,0.625843,4.8894,10.0773,28.8504,576.007
synthetic_186000_186000_avg105_std125_diagonal_0.05_n14,186000,186000,24635913,186000,186000,100822368,309.25,128,0.982387,7.6749,6.41986,26.2733,823.465
synthetic_186000_186000_avg105_std125_diagonal_0.005_n14,186000,186000,24635913,186000,186000,131532576,433.906,128,1.97112,15.3994,3.1996,17.0829,1075.07
synthetic_186000_186000_avg105_std125_random_n14,186000,186000,24635913,186000,186000,230244096,834.587,128,3.01433,23.5494,2.09227,19.5541,1881.36
synthetic_207000_207000_avg70_std125_diagonal_0.5_n14,207000,207000,23656505,207000,207000,68187936,188.242,128,0.607031,4.74243,9.97653,28.7565,556.883
synthetic_207000_207000_avg70_std125_diagonal_0.05_n14,207000,207000,23656505,207000,207000,97256992,311.122,128,0.955093,7.46166,6.34081,26.0685,794.363
synthetic_207000_207000_avg70_std125_diagonal_0.005_n14,207000,207000,23656505,207000,207000,127420832,438.629,128,2.02401,15.8126,2.99211,16.1164,1041.6
synthetic_207000_207000_avg70_std125_random_n14,207000,207000,23656505,207000,207000,257343424,987.834,128,3.48981,27.2641,1.73536,18.8778,2103.27
synthetic_218000_218000_avg45_std125_diagonal_0.5_n14,218000,218000,22980712,218000,218000,66510976,189.421,128,0.591252,4.61916,9.95017,28.7979,543.195
synthetic_218000_218000_avg45_std125_diagonal_0.05_n14,218000,218000,22980712,218000,218000,94733248,312.229,128,0.934071,7.29743,6.2983,25.9635,773.757
synthetic_218000_218000_avg45_std125_diagonal_0.005_n14,218000,218000,22980712,218000,218000,124487392,441.704,128,2.03024,15.8613,2.89772,15.697,1017.69
synthetic_218000_218000_avg45_std125_random_n14,218000,218000,22980712,218000,218000,271039328,1079.42,128,3.75317,29.3217,1.56749,18.4873,2214.85
synthetic_218000_218000_avg70_std125_diagonal_0.5_n14,218000,218000,24909957,218000,218000,71805376,188.26,128,0.638221,4.9861,9.99176,28.8022,586.427
synthetic_218000_218000_avg70_std125_diagonal_0.05_n14,218000,218000,24909957,218000,218000,102420608,311.163,128,1.00548,7.85533,6.34218,26.0767,836.539
synthetic_218000_218000_avg70_std125_diagonal_0.005_n14,218000,218000,24909957,218000,218000,134440064,439.704,128,2.15298,16.8201,2.96192,15.9856,1099
synthetic_218000_218000_avg70_std125_random_n14,218000,218000,24909957,218000,218000,279822080,1023.33,128,3.82923,29.9159,1.66533,18.7073,2286.75
synthetic_218000_218000_avg105_std0.02_diagonal_0.5_n14,218000,218000,22780969,218000,218000,65894368,189.252,128,0.573815,4.48293,10.1634,29.3979,538.167
synthetic_218000_218000_avg105_std0.02_diagonal_0.05_n14,218000,218000,22780969,218000,218000,93952448,312.416,128,0.847922,6.62439,6.87791,28.3656,767.313
synthetic_218000_218000_avg105_std0.02_diagonal_0.005_n14,218000,218000,22780969,218000,218000,124396448,446.054,128,1.33943,10.4643,4.35403,23.7753,1016.16
synthetic_218000_218000_avg105_std0.02_random_n14,218000,218000,22780969,218000,218000,321330592,1310.52,128,4.18281,32.6782,1.39426,19.6664,2625.32
synthetic_218000_218000_avg105_std0.64_diagonal_0.5_n14,218000,218000,22780947,218000,218000,65893120,189.247,128,0.574054,4.48479,10.1592,29.3851,538.157
synthetic_218000_218000_avg105_std0.64_diagonal_0.05_n14,218000,218000,22780947,218000,218000,93950816,312.41,128,0.848246,6.62692,6.87527,28.3543,767.299
synthetic_218000_218000_avg105_std0.64_diagonal_0.005_n14,218000,218000,22780947,218000,218000,124367872,445.929,128,1.34226,10.4864,4.34484,23.7197,1015.92
synthetic_218000_218000_avg105_std0.64_random_n14,218000,218000,22780947,218000,218000,321331072,1310.53,128,4.18315,32.6808,1.39415,19.6648,2625.32
synthetic_218000_218000_avg105_std0.84_diagonal_0.5_n14,218000,218000,22780911,218000,218000,65897408,189.266,128,0.573917,4.48373,10.1616,29.394,538.192
synthetic_218000_218000_avg105_std0.84_diagonal_0.05_n14,218000,218000,22780911,218000,218000,93944896,312.384,128,0.848107,6.62583,6.87639,28.3572,767.251
synthetic_218000_218000_avg105_std0.84_diagonal_0.005_n14,218000,218000,22780911,218000,218000,124378016,445.975,128,1.34369,10.4976,4.34023,23.6966,1016
synthetic_218000_218000_avg105_std0.84_random_n14,218000,218000,22780911,218000,218000,321327680,1310.51,128,4.18294,32.6792,1.39421,19.6656,2625.29
synthetic_218000_218000_avg105_std1.6_diagonal_0.5_n14,218000,218000,22780664,218000,218000,65905376,189.304,128,0.574102,4.48517,10.1582,29.3881,538.256
synthetic_218000_218000_avg105_std1.6_diagonal_0.05_n14,218000,218000,22780664,218000,218000,93939424,312.365,128,0.848361,6.62782,6.87425,28.347,767.206
synthetic_218000_218000_avg105_std1.6_diagonal_0.005_n14,218000,218000,22780664,218000,218000,124342400,445.824,128,1.34884,10.5378,4.32361,23.5993,1015.71
synthetic_218000_218000_avg105_std1.6_random_n14,218000,218000,22780664,218000,218000,321315200,1310.47,128,4.1827,32.6774,1.39428,19.6659,2625.19
synthetic_218000_218000_avg105_std2.5_diagonal_0.5_n14,218000,218000,22780462,218000,218000,65918336,189.363,128,0.574129,4.48538,10.1576,29.3925,538.36
synthetic_218000_218000_avg105_std2.5_diagonal_0.05_n14,218000,218000,22780462,218000,218000,93936288,312.355,128,0.849076,6.63341,6.86841,28.3222,767.176
synthetic_218000_218000_avg105_std2.5_diagonal_0.005_n14,218000,218000,22780462,218000,218000,124302784,445.655,128,1.35359,10.5749,4.30839,23.509,1015.39
synthetic_218000_218000_avg105_std2.5_random_n14,218000,218000,22780462,218000,218000,321276000,1310.31,128,4.18245,32.6754,1.39435,19.6647,2624.88
synthetic_218000_218000_avg105_std2.25_diagonal_0.5_n14,218000,218000,22780409,218000,218000,65910592,189.33,128,0.574014,4.48449,10.1596,29.3949,538.298
synthetic_218000_218000_avg105_std2.25_diagonal_0.05_n14,218000,218000,22780409,218000,218000,93935808,312.353,128,0.848724,6.63066,6.87124,28.3338,767.175
synthetic_218000_218000_avg105_std2.25_diagonal_0.005_n14,218000,218000,22780409,218000,218000,124310464,445.69,128,1.35242,10.5658,4.3121,23.5307,1015.45
synthetic_218000_218000_avg105_std2.25_random_n14,218000,218000,22780409,218000,218000,321286528,1310.36,128,4.18264,32.6769,1.39428,19.6645,2624.96
synthetic_218000_218000_avg105_std3_diagonal_0.5_n14,218000,218000,22780476,218000,218000,65928768,189.409,128,0.574114,4.48526,10.1579,29.3979,538.445
synthetic_218000_218000_avg105_std3_diagonal_0.05_n14,218000,218000,22780476,218000,218000,93940896,312.375,128,0.849593,6.63744,6.86423,28.3064,767.211
synthetic_218000_218000_avg105_std3_diagonal_0.005_n14,218000,218000,22780476,218000,218000,124270720,445.514,128,1.35584,10.5925,4.30124,23.4639,1015.13
synthetic_218000_218000_avg105_std3_random_n14,218000,218000,22780476,218000,218000,321253792,1310.22,128,4.18222,32.6736,1.39443,19.6644,2624.69
synthetic_218000_218000_avg105_std8_diagonal_0.5_n14,218000,218000,22779605,218000,218000,65952960,189.526,128,0.574668,4.4896,10.1477,29.3803,538.639
synthetic_218000_218000_avg105_std8_diagonal_0.05_n14,218000,218000,22779605,218000,218000,93923744,312.315,128,0.854903,6.67893,6.82133,28.1254,767.075
synthetic_218000_218000_avg105_std8_diagonal_0.005_n14,218000,218000,22779605,218000,218000,124340224,445.84,128,1.39008,10.86,4.19514,22.8988,1015.75
synthetic_218000_218000_avg105_std8_random_n14,218000,218000,22779605,218000,218000,320757504,1308.09,128,4.17823,32.6424,1.3957,19.6528,2620.66
synthetic_218000_218000_avg105_std13_diagonal_0.5_n14,218000,218000,22779005,218000,218000,65952672,189.533,128,0.575119,4.49311,10.1395,29.3572,538.636
synthetic_218000_218000_avg105_std13_diagonal_0.05_n14,218000,218000,22779005,218000,218000,93913632,312.282,128,0.859912,6.71806,6.78142,27.9585,766.991
synthetic_218000_218000_avg105_std13_diagonal_0.005_n14,218000,218000,22779005,218000,218000,124492416,446.523,128,1.42273,11.1151,4.09875,22.4006,1017.04
synthetic_218000_218000_avg105_std13_random_n14,218000,218000,22779005,218000,218000,319790784,1303.88,128,4.16974,32.5761,1.39851,19.6335,2612.83
synthetic_526000_526000_avg45_std0.2_diagonal_0.5_n14,526000,526000,23407366,526000,526000,70861760,202.733,128,0.618896,4.83512,9.68222,29.3113,578.802
synthetic_526000_526000_avg45_std0.2_diagonal_0.05_n14,526000,526000,23407366,526000,526000,102448640,337.677,128,0.933222,7.2908,6.42107,28.1036,836.75
synthetic_526000_526000_avg45_std0.02_diagonal_0.5_n14,526000,526000,23407366,526000,526000,70861760,202.733,128,0.618618,4.83295,9.68657,29.3244,578.802
synthetic_526000_526000_avg45_std0.02_diagonal_0.05_n14,526000,526000,23407366,526000,526000,102448640,337.677,128,0.933016,7.28919,6.42249,28.1098,836.75
synthetic_526000_526000_avg45_std0.02_diagonal_0.005_n14,526000,526000,23407366,526000,526000,134244416,473.514,128,1.46189,11.421,4.09899,23.5083,1096.69
synthetic_526000_526000_avg45_std0.2_diagonal_0.005_n14,526000,526000,23407366,526000,526000,134244416,473.514,128,1.46191,11.4212,4.09894,23.508,1096.69
synthetic_526000_526000_avg45_std0.2_random_n14,526000,526000,23407366,526000,526000,635316704,2614.17,128,0,0,0,0,5196.38
synthetic_526000_526000_avg45_std0.02_random_n14,526000,526000,23407366,526000,526000,635316704,2614.17,128,0,0,0,0,5196.38
synthetic_526000_526000_avg45_std0.64_diagonal_0.5_n14,526000,526000,23407304,526000,526000,70913856,202.956,128,0.619098,4.83671,9.67903,29.3232,579.228
synthetic_526000_526000_avg45_std0.64_diagonal_0.05_n14,526000,526000,23407304,526000,526000,102380512,337.387,128,0.932679,7.28655,6.4248,28.1012,836.199
synthetic_526000_526000_avg45_std0.64_diagonal_0.005_n14,526000,526000,23407304,526000,526000,134221888,473.419,128,1.46726,11.463,4.08399,23.4184,1096.47
synthetic_526000_526000_avg45_std0.64_random_n14,526000,526000,23407304,526000,526000,635306176,2614.14,128,0,0,0,0,5196.29
synthetic_526000_526000_avg45_std1.6_diagonal_0.5_n14,526000,526000,23407038,526000,526000,71332288,204.747,128,0.622977,4.86701,9.61866,29.3126,582.672
synthetic_526000_526000_avg45_std1.6_diagonal_0.05_n14,526000,526000,23407038,526000,526000,101769376,334.781,128,0.929413,7.26104,6.4473,28.0316,831.217
synthetic_526000_526000_avg45_std1.6_diagonal_0.005_n14,526000,526000,23407038,526000,526000,134212608,473.386,128,1.48147,11.574,4.04476,23.1921,1096.41
synthetic_526000_526000_avg45_std1.6_random_n14,526000,526000,23407038,526000,526000,635203104,2613.73,128,0,0,0,0,5195.47
synthetic_526000_526000_avg45_std2.5_diagonal_0.5_n14,526000,526000,23406775,526000,526000,71757184,206.566,128,0.626493,4.89447,9.56457,29.3217,586.12
synthetic_526000_526000_avg45_std2.5_diagonal_0.05_n14,526000,526000,23406775,526000,526000,101201952,332.362,128,0.92621,7.23601,6.46952,27.9717,826.587
synthetic_526000_526000_avg45_std2.5_diagonal_0.005_n14,526000,526000,23406775,526000,526000,134219424,473.421,128,1.49233,11.6588,4.01529,23.0245,1096.47
synthetic_526000_526000_avg45_std2.5_random_n14,526000,526000,23406775,526000,526000,635029024,2613.01,128,0,0,0,0,5194.05
synthetic_526000_526000_avg45_std2.25_diagonal_0.5_n14,526000,526000,23407161,526000,526000,71646560,206.088,128,0.625791,4.88899,9.57546,29.3094,585.222
synthetic_526000_526000_avg45_std2.25_diagonal_0.05_n14,526000,526000,23407161,526000,526000,101325664,332.883,128,0.926996,7.24215,6.46414,27.9822,827.592
synthetic_526000_526000_avg45_std2.25_diagonal_0.005_n14,526000,526000,23407161,526000,526000,134224352,473.433,128,1.48901,11.6329,4.0243,23.0766,1096.52
synthetic_526000_526000_avg45_std2.25_random_n14,526000,526000,23407161,526000,526000,635093280,2613.24,128,0,0,0,0,5194.56
synthetic_526000_526000_avg45_std3_diagonal_0.5_n14,526000,526000,23407297,526000,526000,71978272,207.504,128,0.628527,4.91037,9.53383,29.3169,587.918
synthetic_526000_526000_avg45_std3_diagonal_0.05_n14,526000,526000,23407297,526000,526000,101023072,331.588,128,0.925537,7.23076,6.47437,27.9426,825.123
synthetic_526000_526000_avg45_std3_diagonal_0.005_n14,526000,526000,23407297,526000,526000,134228864,473.449,128,1.50013,11.7198,3.9945,22.9064,1096.58
synthetic_526000_526000_avg45_std3_random_n14,526000,526000,23407297,526000,526000,634920096,2612.49,128,0,0,0,0,5193.16
synthetic_526000_526000_avg45_std8_diagonal_0.5_n14,526000,526000,23407629,526000,526000,72430912,209.433,128,0.633342,4.94798,9.46148,29.2769,591.646
synthetic_526000_526000_avg45_std8_diagonal_0.05_n14,526000,526000,23407629,526000,526000,100875072,330.95,128,0.935992,7.31244,6.40214,27.59,823.913
synthetic_526000_526000_avg45_std8_diagonal_0.005_n14,526000,526000,23407629,526000,526000,134232416,473.456,128,1.59236,12.4403,3.7632,21.5803,1096.74
synthetic_526000_526000_avg45_std8_random_n14,526000,526000,23407629,526000,526000,632323296,2601.36,128,0,0,0,0,5172.07
synthetic_526000_526000_avg45_std13_diagonal_0.5_n14,526000,526000,23409411,526000,526000,72440032,209.448,128,0.634443,4.95659,9.44578,29.2298,591.72
synthetic_526000_526000_avg45_std13_diagonal_0.05_n14,526000,526000,23409411,526000,526000,100887872,330.971,128,0.946594,7.39527,6.33092,27.2844,824.019
synthetic_526000_526000_avg45_std13_diagonal_0.005_n14,526000,526000,23409411,526000,526000,134260768,473.533,128,1.67506,13.0864,3.57766,20.5191,1097.09
synthetic_526000_526000_avg45_std13_random_n14,526000,526000,23409411,526000,526000,627477152,2580.45,128,0,0,0,0,5132.74
synthetic_5558000_5558000_avg4_std3_diagonal_0.5_n14,5558000,5558000,20910552,5558000,5558000,159473536,662.646,128,2.94499,23.0078,1.8177,13.8626,1304.45
synthetic_5558000_5558000_avg4_std3_diagonal_0.05_n14,5558000,5558000,20910552,5558000,5558000,169089504,708.632,128,2.9448,23.0062,1.81782,14.6995,1382.6
synthetic_5558000_5558000_avg4_std3_diagonal_0.005_n14,5558000,5558000,20910552,5558000,5558000,203043680,871.011,128,2.94593,23.0151,1.81712,17.6444,1660.32
synthetic_5558000_5558000_avg4_std3_random_n14,5558000,5558000,20910552,5558000,5558000,667910208,3094.13,128,0,0,0,0,6682.06
synthetic_68000_68000_avg420_std0.02_diagonal_0.05_n14,68000,68000,28526027,68000,68000,114053120,299.821,128,1.01745,7.94885,7.1774,28.6968,931.398
synthetic_68000_68000_avg420_std0.02_diagonal_0.005_n14,68000,68000,28526027,68000,68000,129222368,352.998,128,1.25227,9.78336,5.83154,26.4168,1055.41
synthetic_68000_68000_avg420_std0.64_diagonal_0.5_n14,68000,68000,28526140,68000,68000,79162144,177.507,128,0.690377,5.39357,10.5778,29.3542,646.449
synthetic_68000_68000_avg420_std0.64_diagonal_0.05_n14,68000,68000,28526140,68000,68000,114056160,299.83,128,1.01759,7.94992,7.17646,28.6936,931.422
synthetic_68000_68000_avg420_std0.64_diagonal_0.005_n14,68000,68000,28526140,68000,68000,129221728,352.994,128,1.25237,9.78413,5.83111,26.4146,1055.4
synthetic_68000_68000_avg420_std0.64_random_n14,68000,68000,28526140,68000,68000,129221728,352.994,128,1.25241,9.78443,5.83093,26.4137,1055.4
synthetic_68000_68000_avg420_std2.5_diagonal_0.5_n14,68000,68000,28526022,68000,68000,79163424,177.513,128,0.689765,5.38879,10.5872,29.3808,646.461
synthetic_68000_68000_avg420_std2.5_diagonal_0.05_n14,68000,68000,28526022,68000,68000,114051072,299.814,128,1.01775,7.9512,7.17527,28.6878,931.384
synthetic_68000_68000_avg420_std2.5_diagonal_0.005_n14,68000,68000,28526022,68000,68000,129226208,353.012,128,1.2525,9.78519,5.83045,26.4126,1055.44
synthetic_68000_68000_avg420_std2.5_random_n14,68000,68000,28526022,68000,68000,129226208,353.012,128,1.25252,9.78531,5.83038,26.4123,1055.44
synthetic_68000_68000_avg420_std3_diagonal_0.5_n14,68000,68000,28526089,68000,68000,79161984,177.507,128,0.689409,5.38601,10.5927,29.3954,646.448
synthetic_68000_68000_avg420_std3_diagonal_0.05_n14,68000,68000,28526089,68000,68000,114055840,299.83,128,1.01823,7.95489,7.17197,28.6757,931.421
synthetic_68000_68000_avg420_std3_diagonal_0.005_n14,68000,68000,28526089,68000,68000,129228448,353.018,128,1.25254,9.78547,5.83029,26.4123,1055.45
synthetic_68000_68000_avg420_std3_random_n14,68000,68000,28526089,68000,68000,129228448,353.018,128,1.25266,9.78642,5.82973,26.4098,1055.45
synthetic_68000_68000_avg420_std8_diagonal_0.5_n14,68000,68000,28526162,68000,68000,79166208,177.521,128,0.689787,5.38896,10.5869,29.3809,646.483
synthetic_68000_68000_avg420_std8_diagonal_0.05_n14,68000,68000,28526162,68000,68000,114040832,299.776,128,1.01927,7.96304,7.16464,28.6425,931.297
synthetic_68000_68000_avg420_std8_diagonal_0.005_n14,68000,68000,28526162,68000,68000,129225888,353.008,128,1.25249,9.78505,5.83056,26.4129,1055.43
synthetic_68000_68000_avg420_std8_random_n14,68000,68000,28526162,68000,68000,129225888,353.008,128,1.25244,9.78472,5.83076,26.4138,1055.43
synthetic_68000_68000_avg420_std13_diagonal_0.5_n14,68000,68000,28526297,68000,68000,79163520,177.511,128,0.690147,5.39177,10.5814,29.3646,646.46
synthetic_68000_68000_avg420_std13_diagonal_0.05_n14,68000,68000,28526297,68000,68000,114037024,299.761,128,1.02048,7.97252,7.15615,28.6075,931.268
synthetic_68000_68000_avg420_std13_diagonal_0.005_n14,68000,68000,28526297,68000,68000,129217312,352.976,128,1.25232,9.78375,5.83136,26.4147,1055.36
synthetic_68000_68000_avg420_std13_random_n14,68000,68000,28526297,68000,68000,129217312,352.976,128,1.25234,9.78391,5.83127,26.4143,1055.36
synthetic_68000_68000_avg420_std125_diagonal_0.5_n14,68000,68000,28529769,68000,68000,79162816,177.474,128,0.693668,5.41928,10.529,29.2152,646.455
synthetic_68000_68000_avg420_std125_diagonal_0.05_n14,68000,68000,28529769,68000,68000,114036736,299.711,128,1.04196,8.14033,7.00949,28.0177,931.288
synthetic_68000_68000_avg420_std125_random_n14,68000,68000,28529769,68000,68000,129156544,352.708,128,1.25206,9.78173,5.83328,26.4077,1054.85
synthetic_83000_83000_avg420_std0.2_diagonal_0.5_n14,83000,83000,34818499,83000,83000,96694336,177.71,128,0.841557,6.57466,10.5917,29.4142,789.62
synthetic_83000_83000_avg420_std0.02_diagonal_0.5_n14,83000,83000,34818499,83000,83000,96694336,177.71,128,0.841552,6.57462,10.5918,29.4144,789.62
synthetic_83000_83000_avg420_std0.2_diagonal_0.05_n14,83000,83000,34818499,83000,83000,139408960,300.388,128,1.24301,9.71103,7.17092,28.7115,1138.47
synthetic_83000_83000_avg420_std0.02_diagonal_0.05_n14,83000,83000,34818499,83000,83000,139408960,300.388,128,1.24315,9.71212,7.17011,28.7083,1138.47
synthetic_83000_83000_avg420_std0.02_diagonal_0.005_n14,83000,83000,34818499,83000,83000,162647808,367.13,128,1.60983,12.5768,5.53693,25.8647,1328.46
synthetic_83000_83000_avg420_std0.2_diagonal_0.005_n14,83000,83000,34818499,83000,83000,162647808,367.13,128,1.60982,12.5767,5.53699,25.865,1328.46
synthetic_83000_83000_avg420_std0.2_random_n14,83000,83000,34818499,83000,83000,162647808,367.13,128,1.60975,12.5761,5.53723,25.8661,1328.46
synthetic_83000_83000_avg420_std0.02_random_n14,83000,83000,34818499,83000,83000,162647808,367.13,128,1.60966,12.5755,5.53751,25.8674,1328.46
synthetic_83000_83000_avg420_std0.64_diagonal_0.5_n14,83000,83000,34818598,83000,83000,96691296,177.7,128,0.841877,6.57717,10.5877,29.4021,789.595
synthetic_83000_83000_avg420_std0.64_diagonal_0.05_n14,83000,83000,34818598,83000,83000,139412800,300.398,128,1.24307,9.71149,7.1706,28.7109,1138.5
synthetic_83000_83000_avg420_std0.64_diagonal_0.005_n14,83000,83000,34818598,83000,83000,162647712,367.129,128,1.60968,12.5756,5.53747,25.8671,1328.46
synthetic_83000_83000_avg420_std0.64_random_n14,83000,83000,34818598,83000,83000,162647712,367.129,128,1.60969,12.5757,5.53745,25.867,1328.46
synthetic_83000_83000_avg420_std1.6_diagonal_0.5_n14,83000,83000,34818461,83000,83000,96696800,177.717,128,0.841395,6.5734,10.5938,29.4207,789.64
synthetic_83000_83000_avg420_std1.6_diagonal_0.05_n14,83000,83000,34818461,83000,83000,139408096,300.386,128,1.24335,9.71368,7.16896,28.7035,1138.46
synthetic_83000_83000_avg420_std1.6_diagonal_0.005_n14,83000,83000,34818461,83000,83000,162645088,367.123,128,1.60961,12.5751,5.5377,25.8679,1328.44
synthetic_83000_83000_avg420_std1.6_random_n14,83000,83000,34818461,83000,83000,162645088,367.123,128,1.60955,12.5746,5.53792,25.8689,1328.44
synthetic_121000_121000_avg220_std0.2_diagonal_0.5_n14,121000,121000,26559459,121000,121000,74766112,181.505,128,0.65102,5.0861,10.4439,29.4002,610.571
synthetic_121000_121000_avg220_std0.02_diagonal_0.5_n14,121000,121000,26559459,121000,121000,74766112,181.505,128,0.650979,5.08578,10.4446,29.402,610.571
synthetic_121000_121000_avg220_std0.2_diagonal_0.05_n14,121000,121000,26559459,121000,121000,107463008,304.613,128,0.962633,7.52057,7.06315,28.5784,877.608
synthetic_121000_121000_avg220_std0.02_diagonal_0.05_n14,121000,121000,26559459,121000,121000,107463008,304.613,128,0.962578,7.52014,7.06355,28.5801,877.608
synthetic_121000_121000_avg220_std0.02_diagonal_0.005_n14,121000,121000,26559459,121000,121000,137628064,418.189,128,1.44794,11.312,4.6958,24.3331,1124.18
synthetic_121000_121000_avg220_std0.2_diagonal_0.005_n14,121000,121000,26559459,121000,121000,137628064,418.189,128,1.44745,11.3082,4.69739,24.3413,1124.18
synthetic_121000_121000_avg220_std0.2_random_n14,121000,121000,26559459,121000,121000,152663904,474.801,128,1.75246,13.6911,3.87981,22.3012,1247.27
synthetic_121000_121000_avg220_std0.02_random_n14,121000,121000,26559459,121000,121000,152663904,474.801,128,1.75253,13.6917,3.87966,22.3003,1247.27
synthetic_121000_121000_avg220_std0.64_diagonal_0.5_n14,121000,121000,26559457,121000,121000,74766784,181.507,128,0.650941,5.08547,10.4452,29.4041,610.577
synthetic_121000_121000_avg220_std0.64_diagonal_0.05_n14,121000,121000,26559457,121000,121000,107463008,304.613,128,0.962735,7.52137,7.0624,28.5754,877.607
synthetic_121000_121000_avg220_std0.64_diagonal_0.005_n14,121000,121000,26559457,121000,121000,137562240,417.941,128,1.44743,11.3081,4.69744,24.3299,1123.64
synthetic_121000_121000_avg220_std0.64_random_n14,121000,121000,26559457,121000,121000,152664960,474.805,128,1.75255,13.6918,3.87962,22.3002,1247.28
synthetic_121000_121000_avg220_std0.84_diagonal_0.5_n14,121000,121000,26559291,121000,121000,74767360,181.511,128,0.651353,5.08869,10.4385,29.3857,610.581
synthetic_121000_121000_avg220_std0.84_diagonal_0.05_n14,121000,121000,26559291,121000,121000,107463008,304.615,128,0.962606,7.52036,7.06331,28.5792,877.607
synthetic_121000_121000_avg220_std0.84_diagonal_0.005_n14,121000,121000,26559291,121000,121000,137532416,417.832,128,1.44788,11.3115,4.69596,24.3172,1123.39
synthetic_121000_121000_avg220_std0.84_random_n14,121000,121000,26559291,121000,121000,152665120,474.809,128,1.75241,13.6907,3.87991,22.302,1247.28
synthetic_121000_121000_avg220_std1.6_diagonal_0.5_n14,121000,121000,26559119,121000,121000,74761600,181.491,128,0.650958,5.08561,10.4448,29.4012,610.534
synthetic_121000_121000_avg220_std1.6_diagonal_0.05_n14,121000,121000,26559119,121000,121000,107466656,304.632,128,0.963165,7.52472,7.05916,28.5636,877.634
synthetic_121000_121000_avg220_std1.6_diagonal_0.005_n14,121000,121000,26559119,121000,121000,137409216,417.371,128,1.44812,11.3135,4.69514,24.2913,1122.39
synthetic_121000_121000_avg220_std1.6_random_n14,121000,121000,26559119,121000,121000,152668672,474.826,128,1.75249,13.6913,3.87969,22.3015,1247.31
synthetic_141000_141000_avg220_std125_diagonal_0.5_n14,141000,141000,31497434,141000,141000,88634656,181.403,128,0.781047,6.10193,10.3238,29.0514,723.827
synthetic_141000_141000_avg220_std125_diagonal_0.05_n14,141000,141000,31497434,141000,141000,127394592,304.46,128,1.1994,9.37035,6.72279,27.191,1040.43
synthetic_141000_141000_avg220_std125_diagonal_0.005_n14,141000,141000,31497434,141000,141000,162060096,414.518,128,1.98836,15.5341,4.05527,20.8651,1324.07
synthetic_141000_141000_avg220_std125_random_n14,141000,141000,31497434,141000,141000,197080704,525.704,128,2.29312,17.915,3.51632,22.0017,1610.18
synthetic_161000_161000_avg220_std13_diagonal_0.5_n14,161000,161000,35337661,161000,161000,99513408,181.607,128,0.866158,6.76686,10.4443,29.412,812.668
synthetic_161000_161000_avg220_std13_diagonal_0.05_n14,161000,161000,35337661,161000,161000,143052192,304.815,128,1.28934,10.0729,7.01635,28.4033,1168.24
synthetic_161000_161000_avg220_std13_diagonal_0.005_n14,161000,161000,35337661,161000,161000,185127488,423.882,128,2.01107,15.7115,4.49832,23.5659,1512.23
synthetic_161000_161000_avg220_std13_random_n14,161000,161000,35337661,161000,161000,226686240,541.486,128,2.72765,21.3098,3.31657,21.2753,1851.91
synthetic_171000_171000_avg220_std2.5_diagonal_0.5_n14,171000,171000,37534045,171000,171000,105699616,181.61,128,0.919261,7.18172,10.4527,29.4357,863.186
synthetic_171000_171000_avg220_std2.5_diagonal_0.05_n14,171000,171000,37534045,171000,171000,151946208,304.822,128,1.36167,10.6381,7.05656,28.5665,1240.87
synthetic_171000_171000_avg220_std2.5_random_n14,171000,171000,37534045,171000,171000,247256192,558.752,128,2.9946,23.3953,3.20869,21.1373,2020.3
synthetic_171000_171000_avg220_std3_diagonal_0.5_n14,171000,171000,37534005,171000,171000,105704224,181.623,128,0.919304,7.18206,10.4522,29.4356,863.223
synthetic_171000_171000_avg220_std3_diagonal_0.05_n14,171000,171000,37534005,171000,171000,151937664,304.8,128,1.362,10.6406,7.05487,28.5581,1240.81
synthetic_171000_171000_avg220_std3_diagonal_0.005_n14,171000,171000,37534005,171000,171000,197060512,425.019,128,2.09924,16.4003,4.57722,24.0313,1609.67
synthetic_171000_171000_avg220_std3_random_n14,171000,171000,37534005,171000,171000,247267200,558.782,128,2.99471,23.3962,3.20856,21.1374,2020.39
synthetic_171000_171000_avg220_std8_diagonal_0.5_n14,171000,171000,37533453,171000,171000,105695328,181.603,128,0.919681,7.18501,10.4477,29.4211,863.151
synthetic_171000_171000_avg220_std8_diagonal_0.05_n14,171000,171000,37533453,171000,171000,151931840,304.79,128,1.36543,10.6674,7.03701,28.4851,1240.76
synthetic_171000_171000_avg220_std8_diagonal_0.005_n14,171000,171000,37533453,171000,171000,197179424,425.343,128,2.12327,16.588,4.52536,23.7737,1610.66
synthetic_171000_171000_avg220_std8_random_n14,171000,171000,37533453,171000,171000,247390656,559.12,128,2.99567,23.4037,3.20748,21.1412,2021.39
synthetic_171000_171000_avg220_std13_diagonal_0.5_n14,171000,171000,37533027,171000,171000,105693760,181.602,128,0.919721,7.18532,10.4471,29.4193,863.139
synthetic_171000_171000_avg220_std13_diagonal_0.05_n14,171000,171000,37533027,171000,171000,151926400,304.781,128,1.36879,10.6937,7.01968,28.4143,1240.72
synthetic_171000_171000_avg220_std13_diagonal_0.005_n14,171000,171000,37533027,171000,171000,197375584,425.872,128,2.14388,16.749,4.48181,23.5686,1612.29
synthetic_171000_171000_avg220_std13_random_n14,171000,171000,37533027,171000,171000,247624992,559.752,128,2.99776,23.42,3.20521,21.1464,2023.29
synthetic_186000_186000_avg220_std0.2_diagonal_0.5_n14,186000,186000,40827024,186000,186000,114975168,181.615,128,0.9996,7.80937,10.4559,29.4454,938.935
synthetic_186000_186000_avg220_std0.2_diagonal_0.05_n14,186000,186000,40827024,186000,186000,165319232,304.926,128,1.48015,11.5636,7.06128,28.593,1350.1
synthetic_186000_186000_avg220_std0.02_diagonal_0.5_n14,186000,186000,40827024,186000,186000,114975168,181.615,128,0.999843,7.81127,10.4534,29.4383,938.935
synthetic_186000_186000_avg220_std0.2_diagonal_0.005_n14,186000,186000,40827024,186000,186000,215681248,428.281,128,2.29057,17.8951,4.56294,24.1051,1761.75
synthetic_186000_186000_avg220_std0.2_random_n14,186000,186000,40827024,186000,186000,285666592,599.7,128,3.48962,27.2626,2.99509,20.9566,2333.72
synthetic_186000_186000_avg220_std0.02_random_n14,186000,186000,40827024,186000,186000,285666592,599.7,128,3.48965,27.2629,2.99506,20.9564,2333.72
synthetic_186000_186000_avg220_std0.64_diagonal_0.5_n14,186000,186000,40827047,186000,186000,114977856,181.622,128,0.999559,7.80905,10.4563,29.4473,938.957
synthetic_186000_186000_avg220_std0.64_diagonal_0.05_n14,186000,186000,40827047,186000,186000,165319008,304.925,128,1.4801,11.5633,7.06149,28.5937,1350.09
synthetic_186000_186000_avg220_std0.64_diagonal_0.005_n14,186000,186000,40827047,186000,186000,215647296,428.197,128,2.29194,17.9057,4.56022,24.0869,1761.47
synthetic_186000_186000_avg220_std0.64_random_n14,186000,186000,40827047,186000,186000,285667392,599.701,128,3.48951,27.2618,2.99518,20.9573,2333.73
synthetic_186000_186000_avg220_std1.6_diagonal_0.5_n14,186000,186000,40826868,186000,186000,114969184,181.602,128,1,7.8125,10.4517,29.4321,938.886
synthetic_186000_186000_avg220_std1.6_diagonal_0.05_n14,186000,186000,40826868,186000,186000,165325344,304.943,128,1.4807,11.568,7.05861,28.5833,1350.14
synthetic_186000_186000_avg220_std1.6_diagonal_0.005_n14,186000,186000,40826868,186000,186000,215430464,427.668,128,2.2934,17.9172,4.55729,24.0474,1759.7
synthetic_186000_186000_avg220_std1.6_random_n14,186000,186000,40826868,186000,186000,285670240,599.711,128,3.48952,27.2618,2.99517,20.9575,2333.75
synthetic_186000_186000_avg220_std3_diagonal_0.05_n14,186000,186000,40826609,186000,186000,165308032,304.903,128,1.48166,11.5755,7.05399,28.5618,1350
synthetic_186000_186000_avg220_std3_diagonal_0.005_n14,186000,186000,40826609,186000,186000,215188896,427.08,128,2.29772,17.951,4.54868,23.9752,1757.74
synthetic_268000_268000_avg3.1_std125_diagonal_0.5_n14,268000,268000,26558161,268000,268000,77104576,190.323,128,0.685014,5.35167,9.92518,28.8151,629.717
synthetic_268000_268000_avg3.1_std125_diagonal_0.05_n14,268000,268000,26558161,268000,268000,109718688,313.126,128,1.08533,8.47912,6.26437,25.8797,896.157
synthetic_268000_268000_avg3.1_std125_diagonal_0.005_n14,268000,268000,26558161,268000,268000,144751648,445.036,128,2.43545,19.027,2.79163,15.2154,1183.42
synthetic_268000_268000_avg3.1_std125_random_n14,268000,268000,26558161,268000,268000,368059008,1285.86,128,5.29937,41.4013,1.28296,17.7801,3008.19
synthetic_1383000_1383000_avg20_std1.6_diagonal_0.5_n14,1383000,1383000,26968615,1383000,1383000,91187712,238.125,128,0.801573,6.26229,8.61302,29.1228,745.09
synthetic_1383000_1383000_avg20_std1.6_diagonal_0.05_n14,1383000,1383000,26968615,1383000,1383000,131759136,388.565,128,1.1997,9.37262,5.75477,28.1158,1076.43
synthetic_1383000_1383000_avg20_std1.6_random_n14,1383000,1383000,26968615,1383000,1383000,839555776,3013.08,128,0,0,0,0,6905.4
synthetic_1383000_1383000_avg20_std2.25_diagonal_0.5_n14,1383000,1383000,26968586,1383000,1383000,92465504,242.864,128,0.812156,6.34497,8.50078,29.1461,755.55
synthetic_1383000_1383000_avg20_std2.25_diagonal_0.05_n14,1383000,1383000,26968586,1383000,1383000,129561856,380.418,128,1.18414,9.25106,5.83038,28.0102,1058.46
synthetic_1383000_1383000_avg20_std2.25_diagonal_0.005_n14,1383000,1383000,26968586,1383000,1383000,168058336,523.163,128,1.93823,15.1425,3.56198,22.197,1373.22
synthetic_1383000_1383000_avg20_std2.25_random_n14,1383000,1383000,26968586,1383000,1383000,839411712,3012.55,128,0,0,0,0,6904.24
synthetic_4690000_4690000_avg3.1_std8_diagonal_0.005_n14,4690000,4690000,29839270,4690000,4690000,234236576,684.994,128,3.64472,28.4744,2.09587,16.4525,1915.83
synthetic_4690000_4690000_avg6_std2.5_diagonal_0.5_n14,4690000,4690000,25856202,4690000,4690000,149327776,477.532,128,2.48585,19.4207,2.66275,15.3782,1220.84
synthetic_4690000_4690000_avg6_std2.5_diagonal_0.05_n14,4690000,4690000,25856202,4690000,4690000,166430048,543.676,128,2.48607,19.4224,2.66251,17.1379,1360.61
synthetic_4690000_4690000_avg6_std2.5_diagonal_0.005_n14,4690000,4690000,25856202,4690000,4690000,210280672,713.27,128,2.62357,20.4966,2.52297,20.5185,1719.29
synthetic_4690000_4690000_avg6_std2.5_random_n14,4690000,4690000,25856202,4690000,4690000,825264896,3091.75,128,0,0,0,0,7500.26
synthetic_4690000_4690000_avg6_std2.25_diagonal_0.5_n14,4690000,4690000,25815154,4690000,4690000,149840320,480.436,128,2.48587,19.4208,2.6585,15.4309,1225.01
synthetic_4690000_4690000_avg6_std2.25_diagonal_0.05_n14,4690000,4690000,25815154,4690000,4690000,164536160,537.363,128,2.48604,19.4222,2.65831,16.9431,1345.17
synthetic_4690000_4690000_avg6_std2.25_diagonal_0.005_n14,4690000,4690000,25815154,4690000,4690000,209647712,712.111,128,2.57064,20.0831,2.57083,20.878,1713.88
synthetic_5558000_5558000_avg3.1_std8_diagonal_0.5_n14,5558000,5558000,35365304,5558000,5558000,189919648,437.023,128,2.94518,23.0092,3.07401,16.5081,1552.88
synthetic_5558000_5558000_avg3.1_std8_diagonal_0.05_n14,5558000,5558000,35365304,5558000,5558000,224437408,534.626,128,2.94562,23.0126,3.07356,19.5056,1834.69
synthetic_5558000_5558000_avg3.1_std8_diagonal_0.005_n14,5558000,5558000,35365304,5558000,5558000,277598368,684.946,128,4.31964,33.7472,2.09589,16.4516,2270.48
synthetic_5558000_5558000_avg6_std0.84_diagonal_0.5_n14,5558000,5558000,30565288,5558000,5558000,178564448,484.207,128,2.94608,23.0163,2.65597,15.5164,1459.57
synthetic_5558000_5558000_avg6_std0.84_random_n14,5558000,5558000,30565288,5558000,5558000,976322880,3094.22,128,0,0,0,0,9121.61
synthetic_5558000_5558000_avg6_std1.6_diagonal_0.5_n14,5558000,5558000,30562817,5558000,5558000,178551072,484.21,128,2.94509,23.0085,2.65665,15.5204,1459.54
synthetic_5558000_5558000_avg6_std1.6_diagonal_0.05_n14,5558000,5558000,30562817,5558000,5558000,188300992,516.111,128,2.94544,23.0112,2.65634,16.366,1539.51
synthetic_5558000_5558000_avg6_std1.6_diagonal_0.005_n14,5558000,5558000,30562817,5558000,5558000,245973152,704.812,128,2.9465,23.0195,2.65538,21.3708,2010.52
synthetic_5558000_5558000_avg6_std1.6_random_n14,5558000,5558000,30562817,5558000,5558000,976119904,3093.82,128,0,0,0,0,9120.22
