synthetic_161000_161000_avg70_std13_random_n14,161000,161000,11187661,161000,161000,167673792,1398.74,128,2.22017,17.3451,1.29001,19.3339,1370.35
synthetic_161000_161000_avg70_std13_diagonal_0.5_n14,161000,161000,11187661,161000,161000,33222528,196.957,128,0.291802,2.2797,9.81501,29.1464,271.347
synthetic_161000_161000_avg70_std13_diagonal_0.05_n14,161000,161000,11187661,161000,161000,46896128,319.177,128,0.433812,3.38916,6.60203,27.6742,383.005
synthetic_161000_161000_avg70_std13_diagonal_0.005_n14,161000,161000,11187661,161000,161000,61980800,454.01,128,0.731605,5.71567,3.91474,21.688,506.392
synthetic_1000000_1000000_avg6_std13_random_n14,1000000,1000000,10967765,1000000,1000000,339210720,2992.8,128,34.044,265.968,0.0824742,2.55076,2799.97
synthetic_1000000_1000000_avg6_std13_diagonal_0.5_n14,1000000,1000000,10967765,1000000,1000000,46262464,321.804,128,0.533681,4.16938,5.2611,22.1915,378.114
synthetic_1000000_1000000_avg6_std13_diagonal_0.05_n14,1000000,1000000,10967765,1000000,1000000,58442016,432.853,128,0.583353,4.55744,4.81312,25.6468,477.574
synthetic_1000000_1000000_avg6_std13_diagonal_0.005_n14,1000000,1000000,10967765,1000000,1000000,74812896,582.116,128,1.18923,9.29089,2.36097,16.1046,611.806
synthetic_171000_171000_avg70_std0.02_random_n14,171000,171000,11884470,171000,171000,186683360,1470.82,128,2.4726,19.3172,1.23046,19.3282,1525.55
synthetic_171000_171000_avg70_std0.02_diagonal_0.5_n14,171000,171000,11884470,171000,171000,35160128,195.849,128,0.307341,2.4011,9.89918,29.2867,287.17
synthetic_171000_171000_avg70_std0.02_diagonal_0.05_n14,171000,171000,11884470,171000,171000,50057536,321.201,128,0.455669,3.55992,6.67683,28.1229,408.823
synthetic_171000_171000_avg70_std0.02_diagonal_0.005_n14,171000,171000,11884470,171000,171000,66045408,455.729,128,0.711954,5.56214,4.27334,23.7482,539.506
synthetic_268000_268000_avg45_std0.84_random_n14,268000,268000,11926149,268000,268000,278728704,2237.12,128,4.52064,35.3175,0.675368,15.7842,2278.42
synthetic_268000_268000_avg45_std0.84_diagonal_0.5_n14,268000,268000,11926149,268000,268000,36158944,203.19,128,0.316974,2.47636,9.63201,29.2033,295.35
synthetic_268000_268000_avg45_std0.84_diagonal_0.05_n14,268000,268000,11926149,268000,268000,52115008,336.981,128,0.479113,3.74307,6.37239,27.8461,425.656
synthetic_268000_268000_avg45_std0.84_diagonal_0.005_n14,268000,268000,11926149,268000,268000,68167936,471.584,128,0.747435,5.83933,4.08476,23.3478,556.87
synthetic_121000_121000_avg105_std8_random_n14,121000,121000,12642636,121000,121000,113501920,797.771,128,1.41582,11.0611,2.28597,20.5228,927.295
synthetic_121000_121000_avg105_std8_diagonal_0.5_n14,121000,121000,12642636,121000,121000,36597120,189.474,128,0.319917,2.49935,10.1167,29.2853,298.889
synthetic_121000_121000_avg105_std8_diagonal_0.05_n14,121000,121000,12642636,121000,121000,52113472,312.204,128,0.475119,3.71186,6.81202,28.0794,425.611
synthetic_121000_121000_avg105_std8_diagonal_0.005_n14,121000,121000,12642636,121000,121000,68117088,438.789,128,0.756413,5.90948,4.27877,23.0535,556.451
synthetic_987000_987000_avg10_std13_random_n14,987000,987000,12640031,987000,987000,388970048,2977.29,128,33.123,258.773,0.0976919,3.00626,3202.34
synthetic_987000_987000_avg10_std13_diagonal_0.5_n14,987000,987000,12640031,987000,987000,50521888,299.698,128,0.526468,4.11303,6.14634,24.5668,412.912
synthetic_987000_987000_avg10_std13_diagonal_0.05_n14,987000,987000,12640031,987000,987000,64850816,413.059,128,0.64455,5.03555,5.02032,25.7572,529.908
synthetic_987000_987000_avg10_std13_diagonal_0.005_n14,987000,987000,12640031,987000,987000,83709440,562.257,128,1.30459,10.1921,2.48035,16.4263,684.505
synthetic_186000_186000_avg70_std0.2_random_n14,186000,186000,12927024,186000,186000,213694880,1553.09,128,2.86989,22.421,1.15312,19.062,1746.19
synthetic_186000_186000_avg70_std0.2_diagonal_0.5_n14,186000,186000,12927024,186000,186000,38246688,195.866,128,0.334148,2.61053,9.90375,29.3018,312.38
synthetic_186000_186000_avg70_std0.2_diagonal_0.05_n14,186000,186000,12927024,186000,186000,54445056,321.172,128,0.495515,3.87121,6.67855,28.1282,444.656
synthetic_186000_186000_avg70_std0.2_diagonal_0.005_n14,186000,186000,12927024,186000,186000,71702208,454.669,128,0.774286,6.04911,4.27403,23.7067,585.716
synthetic_1383000_1383000_avg10_std3_random_n14,1383000,1383000,13140188,1383000,1383000,414617216,3055.34,128,64.5637,504.404,0.0521018,1.64399,3455.04
synthetic_1383000_1383000_avg10_std3_diagonal_0.5_n14,1383000,1383000,13140188,1383000,1383000,54475968,314.575,128,0.734872,5.74119,4.57752,18.9772,445.375
synthetic_1383000_1383000_avg10_std3_diagonal_0.05_n14,1383000,1383000,13140188,1383000,1383000,72504672,451.778,128,0.735584,5.74675,4.57308,25.2333,592.577
synthetic_1383000_1383000_avg10_std3_diagonal_0.005_n14,1383000,1383000,13140188,1383000,1383000,90759424,590.701,128,1.14876,8.97468,2.92828,20.2257,741.833
synthetic_64000_64000_avg220_std8_random_n14,64000,64000,14047578,64000,64000,70166144,399.489,128,0.728948,5.69491,4.93338,24.6417,573.118
synthetic_64000_64000_avg220_std8_diagonal_0.5_n14,64000,64000,14047578,64000,64000,39505536,181.227,128,0.345177,2.69669,10.4184,29.2993,322.619
synthetic_64000_64000_avg220_std8_diagonal_0.05_n14,64000,64000,14047578,64000,64000,56724128,303.8,128,0.510688,3.98975,7.04184,28.4349,463.241
synthetic_64000_64000_avg220_std8_diagonal_0.005_n14,64000,64000,14047578,64000,64000,68979072,391.039,128,0.712215,5.56418,5.04929,24.794,563.419
synthetic_141000_141000_avg20_std125_random_n14,141000,141000,14149671,141000,141000,132142240,833.889,128,1.73469,13.5523,2.08816,19.5011,1079.78
synthetic_141000_141000_avg20_std125_diagonal_0.5_n14,141000,141000,14149671,141000,141000,41037248,190.023,128,0.366591,2.86399,9.88108,28.6574,335.153
synthetic_141000_141000_avg20_std125_diagonal_0.05_n14,141000,141000,14149671,141000,141000,58399680,312.728,128,0.576946,4.50739,6.27843,25.9129,476.994
synthetic_141000_141000_avg20_std125_diagonal_0.005_n14,141000,141000,14149671,141000,141000,75927808,436.605,128,1.17308,9.1647,3.08786,16.5696,620.639
synthetic_207000_207000_avg70_std0.2_random_n14,207000,207000,14386474,207000,207000,252137312,1652.6,128,3.4419,26.8898,1.07003,18.7533,2060.5
synthetic_207000_207000_avg70_std0.2_diagonal_0.5_n14,207000,207000,14386474,207000,207000,42567008,195.882,128,0.3726,2.91094,9.88442,29.2462,347.666
synthetic_207000_207000_avg70_std0.2_diagonal_0.05_n14,207000,207000,14386474,207000,207000,60590496,321.163,128,0.552255,4.31449,6.66891,28.087,494.846
synthetic_207000_207000_avg70_std0.2_diagonal_0.005_n14,207000,207000,14386474,207000,207000,79876896,455.222,128,0.862417,6.73763,4.27048,23.7107,652.492
synthetic_141000_141000_avg105_std1.6_random_n14,141000,141000,14734294,141000,141000,150173952,919.214,128,1.88926,14.7598,1.99654,20.349,1227.13
synthetic_141000_141000_avg105_std1.6_diagonal_0.5_n14,141000,141000,14734294,141000,141000,42615232,189.225,128,0.373345,2.91676,10.1032,29.2209,348.043
synthetic_141000_141000_avg105_std1.6_diagonal_0.05_n14,141000,141000,14734294,141000,141000,60722336,312.116,128,0.549902,4.29611,6.85937,28.2685,495.921
synthetic_141000_141000_avg105_std1.6_diagonal_0.005_n14,141000,141000,14734294,141000,141000,79722272,441.066,128,0.862868,6.74116,4.37144,23.6524,651.228
synthetic_68000_68000_avg220_std2.25_random_n14,68000,68000,14926009,68000,68000,75643840,406.792,128,0.792975,6.19511,4.81864,24.4205,617.887
synthetic_68000_68000_avg220_std2.25_diagonal_0.5_n14,68000,68000,14926009,68000,68000,41977408,181.237,128,0.367996,2.87497,10.3834,29.202,342.805
synthetic_68000_68000_avg220_std2.25_diagonal_0.05_n14,68000,68000,14926009,68000,68000,60290720,303.931,128,0.542255,4.23637,7.04661,28.4634,492.368
synthetic_68000_68000_avg220_std2.25_diagonal_0.005_n14,68000,68000,14926009,68000,68000,73776640,394.282,128,0.761173,5.94666,5.01996,24.8128,602.61
synthetic_68000_68000_avg220_std125_random_n14,68000,68000,15196132,68000,68000,76779008,405.254,128,0.802838,6.27217,4.84557,24.4824,627.133
synthetic_68000_68000_avg220_std125_diagonal_0.5_n14,68000,68000,15196132,68000,68000,42709632,181.056,128,0.378612,2.95791,10.2749,28.8783,348.784
synthetic_68000_68000_avg220_std125_diagonal_0.05_n14,68000,68000,15196132,68000,68000,61335648,303.627,128,0.577074,4.50839,6.74126,27.2095,500.925
synthetic_68000_68000_avg220_std125_diagonal_0.005_n14,68000,68000,15196132,68000,68000,73265568,382.133,128,0.773084,6.03971,5.03207,24.2613,598.45
synthetic_218000_218000_avg70_std0.2_random_n14,218000,218000,15150969,218000,218000,272582240,1699.11,128,3.76346,29.402,1.03061,18.5417,2227.34
synthetic_218000_218000_avg70_std0.2_diagonal_0.5_n14,218000,218000,15150969,218000,218000,44833216,195.91,128,0.391952,3.06212,9.89573,29.2824,366.176
synthetic_218000_218000_avg70_std0.2_diagonal_0.05_n14,218000,218000,15150969,218000,218000,63820128,321.228,128,0.58104,4.53937,6.67536,28.1185,521.223
synthetic_218000_218000_avg70_std0.2_diagonal_0.005_n14,218000,218000,15150969,218000,218000,84233984,455.964,128,0.909737,7.10732,4.26348,23.7034,688.086
synthetic_38000_38000_avg420_std2.25_random_n14,38000,38000,15940879,38000,38000,68056448,326.93,128,0.632789,4.94366,6.44902,27.5328,555.801
synthetic_38000_38000_avg420_std2.25_diagonal_0.5_n14,38000,38000,15940879,38000,38000,44118976,176.766,128,0.385638,3.0128,10.5821,29.2877,360.283
synthetic_38000_38000_avg420_std2.25_diagonal_0.05_n14,38000,38000,15940879,38000,38000,63452288,298.048,128,0.566158,4.42311,7.20799,28.6912,518.174
synthetic_38000_38000_avg420_std2.25_diagonal_0.005_n14,38000,38000,15940879,38000,38000,68056448,326.93,128,0.632282,4.9397,6.45419,27.5549,555.801
synthetic_121000_121000_avg105_std125_random_n14,121000,121000,16010496,121000,121000,118195488,638.238,128,1.45704,11.3831,2.81302,20.7668,965.739
synthetic_121000_121000_avg105_std125_diagonal_0.5_n14,121000,121000,16010496,121000,121000,45819520,186.184,128,0.40787,3.18648,10.049,28.7587,374.198
synthetic_121000_121000_avg105_std125_diagonal_0.05_n14,121000,121000,16010496,121000,121000,65466752,308.899,128,0.637453,4.9801,6.42979,26.2913,534.697
synthetic_121000_121000_avg105_std125_diagonal_0.005_n14,121000,121000,16010496,121000,121000,83941472,424.29,128,1.1567,9.03675,3.54342,18.5778,685.981
synthetic_1635000_1635000_avg10_std3_random_n14,1635000,1635000,15532690,1635000,1635000,491146560,3062.02,128,0,0,0,0,4112.27
synthetic_1635000_1635000_avg10_std3_diagonal_0.5_n14,1635000,1635000,15532690,1635000,1635000,64394272,314.573,128,0.868702,6.78673,4.57737,18.9765,526.467
synthetic_1635000_1635000_avg10_std3_diagonal_0.05_n14,1635000,1635000,15532690,1635000,1635000,85712416,451.82,128,0.86968,6.79437,4.57222,25.2304,700.525
synthetic_1635000_1635000_avg10_std3_diagonal_0.005_n14,1635000,1635000,15532690,1635000,1635000,107304480,590.83,128,1.35795,10.609,2.92821,20.2289,877.067
synthetic_161000_161000_avg105_std2.5_random_n14,161000,161000,16823973,161000,161000,190475360,1032.17,128,2.41647,18.8787,1.78233,20.1789,1556.16
synthetic_161000_161000_avg105_std2.5_diagonal_0.5_n14,161000,161000,16823973,161000,161000,48670784,189.294,128,0.42486,3.31922,10.1373,29.3267,397.499
synthetic_161000_161000_avg105_std2.5_diagonal_0.05_n14,161000,161000,16823973,161000,161000,69345888,312.185,128,0.627328,4.901,6.86553,28.2987,566.346
synthetic_161000_161000_avg105_std2.5_diagonal_0.005_n14,161000,161000,16823973,161000,161000,91304608,442.705,128,0.992514,7.75401,4.33942,23.5503,745.837
synthetic_171000_171000_avg6_std125_random_n14,171000,171000,16973462,171000,171000,178470240,951.466,128,2.40397,18.781,1.80752,19.0054,1458.46
synthetic_171000_171000_avg6_std125_diagonal_0.5_n14,171000,171000,16973462,171000,171000,49262560,190.233,128,0.438597,3.42654,9.90707,28.7536,402.331
synthetic_171000_171000_avg6_std125_diagonal_0.05_n14,171000,171000,16973462,171000,171000,70083680,312.902,128,0.693294,5.41636,6.26748,25.8785,572.426
synthetic_171000_171000_avg6_std125_diagonal_0.005_n14,171000,171000,16973462,171000,171000,91707680,440.3,128,1.46096,11.4138,2.97421,16.0697,749.676
synthetic_863000_863000_avg20_std0.84_random_n14,863000,863000,16828518,863000,863000,515435584,2962.87,128,0,0,0,0,4237.13
synthetic_863000_863000_avg20_std0.84_diagonal_0.5_n14,863000,863000,16828518,863000,863000,56198400,233.947,128,0.496787,3.88115,8.67192,28.9597,459.24
synthetic_863000_863000_avg20_std0.84_diagonal_0.05_n14,863000,863000,16828518,863000,863000,83664576,397.16,128,0.762036,5.95341,5.65341,28.1065,683.521
synthetic_863000_863000_avg20_std0.84_diagonal_0.005_n14,863000,863000,16828518,863000,863000,104822656,522.887,128,1.1492,8.97809,3.7488,23.3508,856.494
synthetic_5558000_5558000_avg3.1_std2.5_random_n14,5558000,5558000,15948543,5558000,5558000,509634496,3095.49,128,0,0,0,0,5250.33
synthetic_5558000_5558000_avg3.1_std2.5_diagonal_0.5_n14,5558000,5558000,15948543,5558000,5558000,151559328,850.302,128,2.94449,23.0038,1.3866,13.1769,1239.66
synthetic_5558000_5558000_avg3.1_std2.5_diagonal_0.05_n14,5558000,5558000,15948543,5558000,5558000,155246464,873.421,128,2.94502,23.008,1.38635,13.495,1269.68
synthetic_5558000_5558000_avg3.1_std2.5_diagonal_0.005_n14,5558000,5558000,15948543,5558000,5558000,180201376,1029.89,128,2.94588,23.0147,1.38595,15.6597,1473.44
synthetic_171000_171000_avg105_std0.64_random_n14,171000,171000,17869453,171000,171000,211411936,1083.09,128,2.68565,20.9816,1.70334,20.1521,1727.23
synthetic_171000_171000_avg105_std0.64_diagonal_0.5_n14,171000,171000,17869453,171000,171000,51683616,189.229,128,0.451113,3.52432,10.1406,29.3297,422.105
synthetic_171000_171000_avg105_std0.64_diagonal_0.05_n14,171000,171000,17869453,171000,171000,73684416,312.348,128,0.665681,5.20063,6.87203,28.3367,601.782
synthetic_171000_171000_avg105_std0.64_diagonal_0.005_n14,171000,171000,17869453,171000,171000,97014912,442.909,128,1.04475,8.16213,4.37863,23.772,792.478
synthetic_83000_83000_avg220_std2.25_random_n14,83000,83000,18218356,83000,83000,98130752,438.637,128,1.05583,8.24868,4.41728,23.7931,801.545
synthetic_83000_83000_avg220_std2.25_diagonal_0.5_n14,83000,83000,18218356,83000,83000,51257408,181.35,128,0.448054,3.50042,10.4092,29.2864,418.59
synthetic_83000_83000_avg220_std2.25_diagonal_0.05_n14,83000,83000,18218356,83000,83000,73665888,304.35,128,0.661464,5.16768,7.05088,28.5102,601.596
synthetic_83000_83000_avg220_std2.25_diagonal_0.005_n14,83000,83000,18218356,83000,83000,92228384,406.239,128,0.961343,7.51049,4.85144,24.5599,753.332
synthetic_1635000_1635000_avg6_std13_random_n14,1635000,1635000,17925454,1635000,1635000,561738144,3033.75,128,0,0,0,0,4686.69
synthetic_1635000_1635000_avg6_std13_diagonal_0.5_n14,1635000,1635000,17925454,1635000,1635000,75617664,321.845,128,0.86943,6.79242,5.27807,22.2653,618.042
synthetic_1635000_1635000_avg6_std13_diagonal_0.05_n14,1635000,1635000,17925454,1635000,1635000,95531328,432.937,128,0.94955,7.41836,4.83273,25.7554,780.665
synthetic_1635000_1635000_avg6_std13_diagonal_0.005_n14,1635000,1635000,17925454,1635000,1635000,122322464,582.395,128,1.94112,15.165,2.36406,16.1322,1000.34
synthetic_268000_268000_avg70_std2.5_random_n14,268000,268000,18625804,268000,268000,369411968,1883.33,128,5.30634,41.4557,0.898587,17.822,3019.13
synthetic_268000_268000_avg70_std2.5_diagonal_0.5_n14,268000,268000,18625804,268000,268000,55205952,196.395,128,0.481623,3.76268,9.90029,29.344,450.895
synthetic_268000_268000_avg70_std2.5_diagonal_0.05_n14,268000,268000,18625804,268000,268000,78166624,319.668,128,0.711945,5.56207,6.69743,28.107,638.391
synthetic_268000_268000_avg70_std2.5_diagonal_0.005_n14,268000,268000,18625804,268000,268000,103892736,457.789,128,1.14375,8.93557,4.16891,23.2537,848.703
synthetic_952000_952000_avg20_std2.5_random_n14,952000,952000,18563222,952000,952000,570546016,2973.53,128,0,0,0,0,4696.36
synthetic_952000_952000_avg20_std2.5_diagonal_0.5_n14,952000,952000,18563222,952000,952000,63982816,244.675,128,0.564294,4.40854,8.42147,29.0267,522.832
synthetic_952000_952000_avg20_std2.5_diagonal_0.05_n14,952000,952000,18563222,952000,952000,88740832,378.046,128,0.815012,6.36728,5.83082,27.874,724.963
synthetic_952000_952000_avg20_std2.5_diagonal_0.005_n14,952000,952000,18563222,952000,952000,115666912,523.097,128,1.34474,10.5058,3.5339,22.0197,945.132
synthetic_4690000_4690000_avg4_std3_random_n14,4690000,4690000,17643961,4690000,4690000,563390688,3093.11,128,0,0,0,0,5483.1
synthetic_4690000_4690000_avg4_std3_diagonal_0.5_n14,4690000,4690000,17643961,4690000,4690000,134572192,662.71,128,2.48585,19.4207,1.81702,13.8586,1100.76
synthetic_4690000_4690000_avg4_std3_diagonal_0.05_n14,4690000,4690000,17643961,4690000,4690000,142677856,708.65,128,2.48589,19.421,1.817,14.6931,1166.64
synthetic_4690000_4690000_avg4_std3_diagonal_0.005_n14,4690000,4690000,17643961,4690000,4690000,171321696,870.993,128,2.48669,19.4273,1.81641,17.6372,1400.93
synthetic_186000_186000_avg105_std0.02_random_n14,186000,186000,19437024,186000,186000,245519040,1163.15,128,3.14391,24.5618,1.58271,19.992,2006.17
synthetic_186000_186000_avg105_std0.02_diagonal_0.5_n14,186000,186000,19437024,186000,186000,56219104,189.237,128,0.490596,3.83278,10.1425,29.3359,459.148
synthetic_186000_186000_avg105_std0.02_diagonal_0.05_n14,186000,186000,19437024,186000,186000,80136096,312.286,128,0.723886,5.65536,6.87384,28.3399,654.473
synthetic_186000_186000_avg105_std0.02_diagonal_0.005_n14,186000,186000,19437024,186000,186000,105787072,444.255,128,1.13795,8.8902,4.37268,23.7986,864.145
synthetic_987000_987000_avg20_std8_random_n14,987000,987000,19279873,987000,987000,589972640,2960.04,128,0,0,0,0,4859.06
synthetic_987000_987000_avg20_std8_diagonal_0.5_n14,987000,987000,19279873,987000,987000,68232352,253.905,128,0.602507,4.70709,8.19185,28.9913,557.506
synthetic_987000_987000_avg20_std8_diagonal_0.05_n14,987000,987000,19279873,987000,987000,91042336,372.214,128,0.862917,6.74154,5.71972,27.0093,743.784
synthetic_987000_987000_avg20_std8_diagonal_0.005_n14,987000,987000,19279873,987000,987000,119721024,520.964,128,1.56768,12.2475,3.14837,19.5503,978.481
synthetic_47000_47000_avg420_std3_random_n14,47000,47000,19716480,47000,47000,85718816,334.757,128,0.806166,6.29817,6.26102,27.2202,700.063
synthetic_47000_47000_avg420_std3_diagonal_0.5_n14,47000,47000,19716480,47000,47000,54629408,177.075,128,0.476548,3.72303,10.5916,29.3467,446.112
synthetic_47000_47000_avg420_std3_diagonal_0.05_n14,47000,47000,19716480,47000,47000,78622816,298.767,128,0.701799,5.48281,7.19211,28.6798,642.061
synthetic_47000_47000_avg420_std3_diagonal_0.005_n14,47000,47000,19716480,47000,47000,85718816,334.757,128,0.806546,6.30114,6.25807,27.2074,700.063
synthetic_1000000_1000000_avg20_std0.02_random_n14,1000000,1000000,19500045,1000000,1000000,600889056,2981.48,128,0,0,0,0,4949.68
synthetic_1000000_1000000_avg20_std0.02_diagonal_0.5_n14,1000000,1000000,19500045,1000000,1000000,64887136,232.754,128,0.57312,4.4775,8.71024,28.9837,530.249
synthetic_1000000_1000000_avg20_std0.02_diagonal_0.05_n14,1000000,1000000,19500045,1000000,1000000,97336480,399.16,128,0.885049,6.91445,5.64038,28.1545,795.172
synthetic_1000000_1000000_avg20_std0.02_diagonal_0.005_n14,1000000,1000000,19500045,1000000,1000000,121559840,523.382,128,1.31674,10.2871,3.79118,23.6335,993.167
synthetic_5155000_5155000_avg4_std2.5_random_n14,5155000,5155000,18672706,5155000,5155000,596479456,3094.39,128,0,0,0,0,5935.22
synthetic_5155000_5155000_avg4_std2.5_diagonal_0.5_n14,5155000,5155000,18672706,5155000,5155000,150357632,705.227,128,2.73203,21.344,1.74969,14.089,1229.75
synthetic_5155000_5155000_avg4_std2.5_diagonal_0.05_n14,5155000,5155000,18672706,5155000,5155000,156255840,736.814,128,2.732,21.3437,1.74971,14.6419,1277.67
synthetic_5155000_5155000_avg4_std2.5_diagonal_0.005_n14,5155000,5155000,18672706,5155000,5155000,187188832,902.473,128,2.73404,21.3597,1.7484,17.5273,1530.38
synthetic_5558000_5558000_avg4_std0.2_random_n14,5558000,5558000,19451218,5558000,5558000,621800896,3096.72,128,0,0,0,0,6278.12
synthetic_5558000_5558000_avg4_std0.2_diagonal_0.5_n14,5558000,5558000,19451218,5558000,5558000,178233760,816.312,128,2.94682,23.022,1.68979,15.4838,1457.12
synthetic_5558000_5558000_avg4_std0.2_diagonal_0.05_n14,5558000,5558000,19451218,5558000,5558000,181260544,831.872,128,2.94663,23.0206,1.6899,15.7477,1481.88
synthetic_5558000_5558000_avg4_std0.2_diagonal_0.005_n14,5558000,5558000,19451218,5558000,5558000,211697376,988.35,128,2.9461,23.0164,1.6902,18.3953,1730.61
synthetic_207000_207000_avg105_std8_random_n14,207000,207000,21630106,207000,207000,294226720,1260.26,128,3.80499,29.7265,1.45527,19.7956,2404.16
synthetic_207000_207000_avg105_std8_diagonal_0.5_n14,207000,207000,21630106,207000,207000,62624320,189.524,128,0.54724,4.27532,10.1186,29.2958,511.454
synthetic_207000_207000_avg105_std8_diagonal_0.05_n14,207000,207000,21630106,207000,207000,89199424,312.386,128,0.813091,6.35228,6.81019,28.0842,728.492
synthetic_207000_207000_avg105_std8_diagonal_0.005_n14,207000,207000,21630106,207000,207000,117899616,445.072,128,1.31775,10.2949,4.20209,22.9044,963.139
synthetic_218000_218000_avg10_std125_random_n14,218000,218000,21655082,218000,218000,264807104,1122.84,128,3.7003,28.9086,1.49818,18.3203,2164.29
synthetic_218000_218000_avg10_std125_diagonal_0.5_n14,218000,218000,21655082,218000,218000,62857536,190.267,128,0.559657,4.37232,9.90553,28.7525,513.361
synthetic_218000_218000_avg10_std125_diagonal_0.05_n14,218000,218000,21655082,218000,218000,89460832,313.117,128,0.884485,6.91004,6.26772,25.893,730.695
synthetic_218000_218000_avg10_std125_diagonal_0.005_n14,218000,218000,21655082,218000,218000,117619392,443.149,128,1.9399,15.1554,2.85773,15.5217,961.558
synthetic_38000_38000_avg420_std0.2_diagonal_0.5_n14,38000,38000,15941037,38000,38000,44119744,176.768,128,0.385154,3.00902,10.5955,29.325,360.289
synthetic_38000_38000_avg420_std0.02_diagonal_0.5_n14,38000,38000,15941037,38000,38000,44119744,176.768,128,0.385118,3.00874,10.5965,29.3277,360.289
synthetic_38000_38000_avg420_std0.2_diagonal_0.05_n14,38000,38000,15941037,38000,38000,63459552,298.089,128,0.565934,4.42136,7.21092,28.7059,518.234
synthetic_38000_38000_avg420_std0.02_diagonal_0.05_n14,38000,38000,15941037,38000,38000,63459552,298.089,128,0.566246,4.4238,7.20695,28.6901,518.234
synthetic_38000_38000_avg420_std0.02_diagonal_0.005_n14,38000,38000,15941037,38000,38000,68055712,326.921,128,0.632263,4.93955,6.45444,27.5554,555.794
synthetic_38000_38000_avg420_std0.2_diagonal_0.005_n14,38000,38000,15941037,38000,38000,68055712,326.921,128,0.632267,4.93958,6.45441,27.5552,555.794
synthetic_38000_38000_avg420_std0.2_random_n14,38000,38000,15941037,38000,38000,68055712,326.921,128,0.632321,4.94001,6.45385,27.5529,555.794
synthetic_38000_38000_avg420_std0.02_random_n14,38000,38000,15941037,38000,38000,68055712,326.921,128,0.632436,4.94091,6.45268,27.5479,555.794
synthetic_38000_38000_avg420_std0.64_diagonal_0.5_n14,38000,38000,15941092,38000,38000,44117952,176.756,128,0.385453,3.01135,10.5873,29.3011,360.274
synthetic_38000_38000_avg420_std0.64_diagonal_0.05_n14,38000,38000,15941092,38000,38000,63461088,298.097,128,0.566246,4.4238,7.20697,28.6908,518.246
synthetic_38000_38000_avg420_std0.64_diagonal_0.005_n14,38000,38000,15941092,38000,38000,68056704,326.926,128,0.63237,4.94039,6.45337,27.5511,555.802
synthetic_38000_38000_avg420_std0.64_random_n14,38000,38000,15941092,38000,38000,68056704,326.926,128,0.632384,4.9405,6.45323,27.5505,555.802
synthetic_38000_38000_avg420_std0.84_diagonal_0.005_n14,38000,38000,15941008,38000,38000,68056768,326.929,128,0.632243,4.9394,6.45463,27.5567,555.804
synthetic_38000_38000_avg420_std2.5_diagonal_0.5_n14,38000,38000,15940963,38000,38000,44120416,176.774,128,0.385152,3.009,10.5955,29.3257,360.295
synthetic_38000_38000_avg420_std2.5_diagonal_0.05_n14,38000,38000,15940963,38000,38000,63452320,298.046,128,0.566212,4.42353,7.20735,28.6885,518.175
synthetic_38000_38000_avg420_std2.5_diagonal_0.005_n14,38000,38000,15940963,38000,38000,68057216,326.933,128,0.632309,4.93991,6.45395,27.554,555.807
synthetic_38000_38000_avg420_std2.5_random_n14,38000,38000,15940963,38000,38000,68057216,326.933,128,0.632343,4.94018,6.4536,27.5525,555.807
synthetic_47000_47000_avg420_std0.64_diagonal_0.5_n14,47000,47000,19716579,47000,47000,54630432,177.079,128,0.476555,3.72309,10.5915,29.3468,446.12
synthetic_47000_47000_avg420_std0.64_diagonal_0.05_n14,47000,47000,19716579,47000,47000,78626624,298.784,128,0.701101,5.47735,7.19932,28.7097,642.093
synthetic_47000_47000_avg420_std0.64_diagonal_0.005_n14,47000,47000,19716579,47000,47000,85719744,334.76,128,0.80619,6.29836,6.26086,27.2197,700.07
synthetic_47000_47000_avg420_std0.64_random_n14,47000,47000,19716579,47000,47000,85719744,334.76,128,0.806413,6.3001,6.25913,27.2122,700.07
synthetic_47000_47000_avg420_std1.6_diagonal_0.05_n14,47000,47000,19716500,47000,47000,78623392,298.77,128,0.70144,5.48,7.1958,28.6947,642.066
synthetic_47000_47000_avg420_std1.6_diagonal_0.005_n14,47000,47000,19716500,47000,47000,85717568,334.75,128,0.806298,6.2992,6.26,27.2154,700.051
synthetic_141000_141000_avg105_std3_random_n14,141000,141000,14734030,141000,141000,150157728,919.122,128,1.88863,14.7549,1.99717,20.3535,1226.99
synthetic_141000_141000_avg105_std8_diagonal_0.5_n14,141000,141000,14733247,141000,141000,42650848,189.487,128,0.373258,2.91608,10.1048,29.2522,348.33
synthetic_141000_141000_avg105_std8_diagonal_0.05_n14,141000,141000,14733247,141000,141000,60746720,312.31,128,0.554057,4.32857,6.80744,28.0678,496.12
synthetic_141000_141000_avg105_std8_diagonal_0.005_n14,141000,141000,14733247,141000,141000,79722272,441.105,128,0.887095,6.93043,4.25175,23.0064,651.259
synthetic_141000_141000_avg105_std8_random_n14,141000,141000,14733247,141000,141000,150026112,918.283,128,1.88744,14.7456,1.99832,20.3486,1225.93
synthetic_141000_141000_avg105_std13_diagonal_0.5_n14,141000,141000,14732656,141000,141000,42643168,189.447,128,0.3735,2.91797,10.0979,29.228,348.268
synthetic_141000_141000_avg105_std13_diagonal_0.05_n14,141000,141000,14732656,141000,141000,60730944,312.22,128,0.55736,4.35438,6.76683,27.8942,495.99
synthetic_141000_141000_avg105_std13_diagonal_0.005_n14,141000,141000,14732656,141000,141000,79862304,442.077,128,0.907347,7.08865,4.15669,22.5325,652.429
synthetic_141000_141000_avg105_std13_random_n14,141000,141000,14732656,141000,141000,149766688,916.563,128,1.88537,14.7294,2.00044,20.3357,1223.83
synthetic_161000_161000_avg3.1_std125_diagonal_0.5_n14,161000,161000,15954252,161000,161000,46309632,190.265,128,0.41256,3.22313,9.89985,28.7358,378.213
synthetic_161000_161000_avg3.1_std125_diagonal_0.05_n14,161000,161000,15954252,161000,161000,65889280,312.989,128,0.651999,5.09374,6.26426,25.8707,538.169
synthetic_161000_161000_avg3.1_std125_diagonal_0.005_n14,161000,161000,15954252,161000,161000,85968384,438.843,128,1.36608,10.6725,2.98979,16.1103,702.747
synthetic_161000_161000_avg3.1_std125_random_n14,161000,161000,15954252,161000,161000,162391776,917.859,128,2.17559,16.9968,1.87733,19.1085,1326.86
synthetic_161000_161000_avg4_std125_diagonal_0.5_n14,161000,161000,15957546,161000,161000,46327104,190.315,128,0.412571,3.22321,9.90163,28.7459,378.358
synthetic_161000_161000_avg4_std125_diagonal_0.05_n14,161000,161000,15957546,161000,161000,65906144,313.009,128,0.652099,5.09452,6.26459,25.8733,538.306
synthetic_161000_161000_avg4_std125_diagonal_0.005_n14,161000,161000,15957546,161000,161000,85990464,438.87,128,1.36613,10.6729,2.99029,16.1138,702.929
synthetic_161000_161000_avg4_std125_random_n14,161000,161000,15957546,161000,161000,162412288,917.777,128,2.17579,16.9984,1.87754,19.1092,1327.02
synthetic_161000_161000_avg70_std0.2_diagonal_0.5_n14,161000,161000,11189454,161000,161000,33105312,195.862,128,0.289577,2.26232,9.89202,29.2667,270.388
synthetic_161000_161000_avg70_std0.02_diagonal_0.5_n14,161000,161000,11189454,161000,161000,33105312,195.862,128,0.289595,2.26246,9.89139,29.2649,270.388
synthetic_161000_161000_avg70_std0.2_diagonal_0.05_n14,161000,161000,11189454,161000,161000,47121376,321.123,128,0.429168,3.35288,6.67454,28.108,384.843
synthetic_161000_161000_avg70_std0.02_diagonal_0.05_n14,161000,161000,11189454,161000,161000,47121376,321.123,128,0.429292,3.35385,6.67261,28.0999,384.843
synthetic_161000_161000_avg70_std0.02_diagonal_0.005_n14,161000,161000,11189454,161000,161000,61963136,453.764,128,0.668763,5.22471,4.28328,23.7192,506.16
synthetic_161000_161000_avg70_std0.2_diagonal_0.005_n14,161000,161000,11189454,161000,161000,61963136,453.764,128,0.668737,5.2245,4.28345,23.7202,506.16
synthetic_161000_161000_avg70_std0.2_random_n14,161000,161000,11189454,161000,161000,169590432,1415.63,128,2.23633,17.4713,1.28089,19.4136,1385.93
synthetic_161000_161000_avg70_std0.02_random_n14,161000,161000,11189454,161000,161000,169590432,1415.63,128,2.23623,17.4706,1.28095,19.4144,1385.93
synthetic_161000_161000_avg70_std0.64_diagonal_0.5_n14,161000,161000,11189436,161000,161000,33106368,195.872,128,0.289579,2.26233,9.89195,29.2675,270.398
synthetic_161000_161000_avg70_std0.64_diagonal_0.05_n14,161000,161000,11189436,161000,161000,47116096,321.077,128,0.429181,3.35298,6.67433,28.104,384.8
synthetic_161000_161000_avg70_std0.64_diagonal_0.005_n14,161000,161000,11189436,161000,161000,61957184,453.711,128,0.669758,5.23248,4.27691,23.6818,506.108
synthetic_161000_161000_avg70_std0.64_random_n14,161000,161000,11189436,161000,161000,169589632,1415.62,128,2.23611,17.4696,1.28102,19.4154,1385.92
synthetic_161000_161000_avg70_std0.84_diagonal_0.5_n14,161000,161000,11189380,161000,161000,33117472,195.972,128,0.289699,2.26328,9.88777,29.2651,270.487
synthetic_161000_161000_avg70_std0.84_diagonal_0.05_n14,161000,161000,11189380,161000,161000,47100704,320.941,128,0.429195,3.35308,6.67409,28.094,384.673
synthetic_161000_161000_avg70_std0.84_diagonal_0.005_n14,161000,161000,11189380,161000,161000,61951200,453.661,128,0.670593,5.23901,4.27156,23.65,506.059
synthetic_161000_161000_avg70_std0.84_random_n14,161000,161000,11189380,161000,161000,169586880,1415.61,128,2.23617,17.4701,1.28098,19.4146,1385.9
synthetic_161000_161000_avg70_std1.6_diagonal_0.5_n14,161000,161000,11189253,161000,161000,33133568,196.12,128,0.290425,2.26895,9.86295,29.2061,270.619
synthetic_161000_161000_avg70_std1.6_diagonal_0.05_n14,161000,161000,11189253,161000,161000,47027936,320.296,128,0.428926,3.35099,6.67819,28.0681,384.08
synthetic_161000_161000_avg70_std1.6_diagonal_0.005_n14,161000,161000,11189253,161000,161000,61935264,453.525,128,0.674458,5.26921,4.24704,23.5084,505.95
synthetic_161000_161000_avg70_std1.6_random_n14,161000,161000,11189253,161000,161000,169569600,1415.47,128,2.23599,17.4687,1.28106,19.4141,1385.76
synthetic_161000_161000_avg70_std2.5_diagonal_0.5_n14,161000,161000,11188973,161000,161000,33161184,196.374,128,0.290211,2.26728,9.86997,29.252,270.844
synthetic_161000_161000_avg70_std2.5_diagonal_0.05_n14,161000,161000,11188973,161000,161000,46946208,319.576,128,0.428668,3.34897,6.68204,28.0362,383.412
synthetic_161000_161000_avg70_std2.5_diagonal_0.005_n14,161000,161000,11188973,161000,161000,61938944,453.571,128,0.681293,5.3226,4.20433,23.274,505.982
synthetic_161000_161000_avg70_std2.5_random_n14,161000,161000,11188973,161000,161000,169528128,1415.14,128,2.23962,17.497,1.27896,19.3779,1385.42
synthetic_161000_161000_avg70_std2.25_diagonal_0.5_n14,161000,161000,11188982,161000,161000,33151520,196.287,128,0.290182,2.26705,9.87098,29.2464,270.765
synthetic_161000_161000_avg70_std2.25_diagonal_0.05_n14,161000,161000,11188982,161000,161000,46961728,319.714,128,0.428432,3.34712,6.68573,28.061,383.538
synthetic_161000_161000_avg70_std2.25_diagonal_0.005_n14,161000,161000,11188982,161000,161000,61936384,453.548,128,0.679221,5.30641,4.21715,23.344,505.96
synthetic_161000_161000_avg70_std2.25_random_n14,161000,161000,11188982,161000,161000,169542880,1415.27,128,2.23568,17.4662,1.28121,19.4138,1385.55
synthetic_161000_161000_avg70_std3_diagonal_0.5_n14,161000,161000,11188925,161000,161000,33182496,196.566,128,0.290397,2.26872,9.86363,29.2521,271.019
synthetic_161000_161000_avg70_std3_diagonal_0.05_n14,161000,161000,11188925,161000,161000,46924928,319.387,128,0.428648,3.34881,6.68233,28.0248,383.236
synthetic_161000_161000_avg70_std3_diagonal_0.005_n14,161000,161000,11188925,161000,161000,62036256,454.443,128,0.68474,5.34953,4.18314,23.1931,506.775
synthetic_161000_161000_avg70_std3_random_n14,161000,161000,11188925,161000,161000,169491776,1414.82,128,2.23513,17.462,1.28152,19.4127,1385.13
synthetic_161000_161000_avg70_std8_diagonal_0.5_n14,161000,161000,11188193,161000,161000,33218464,196.906,128,0.291043,2.27378,9.84107,29.2188,271.316
synthetic_161000_161000_avg70_std8_diagonal_0.05_n14,161000,161000,11188193,161000,161000,46896352,319.159,128,0.430822,3.3658,6.64816,27.8664,383.006
synthetic_161000_161000_avg70_std8_diagonal_0.005_n14,161000,161000,11188193,161000,161000,61910016,453.351,128,0.707404,5.5266,4.04886,22.4044,505.776
synthetic_161000_161000_avg70_std8_random_n14,161000,161000,11188193,161000,161000,168869760,1409.36,128,2.22992,17.4212,1.28443,19.3866,1380.08
synthetic_171000_171000_avg20_std125_diagonal_0.5_n14,171000,171000,17172173,171000,171000,49805792,190.038,128,0.443001,3.46095,9.92339,28.7816,406.766
synthetic_171000_171000_avg20_std125_diagonal_0.05_n14,171000,171000,17172173,171000,171000,70866240,312.681,128,0.699809,5.46725,6.28183,25.9239,578.816
synthetic_171000_171000_avg20_std125_diagonal_0.005_n14,171000,171000,17172173,171000,171000,92659392,439.59,128,1.4688,11.475,2.99298,16.1498,757.445
synthetic_171000_171000_avg20_std125_random_n14,171000,171000,17172173,171000,171000,179315104,944.219,128,2.41059,18.8328,1.82365,19.0429,1465.31
synthetic_186000_186000_avg70_std0.84_diagonal_0.5_n14,186000,186000,12926933,186000,186000,38256864,195.947,128,0.334249,2.61132,9.90069,29.3008,312.463
synthetic_186000_186000_avg70_std0.84_diagonal_0.05_n14,186000,186000,12926933,186000,186000,54418112,320.967,128,0.495476,3.87091,6.67902,28.1165,444.435
synthetic_186000_186000_avg70_std0.84_diagonal_0.005_n14,186000,186000,12926933,186000,186000,71689664,454.576,128,0.776034,6.06276,4.26437,23.6492,585.609
synthetic_186000_186000_avg70_std0.84_random_n14,186000,186000,12926933,186000,186000,213689504,1553.06,128,2.86939,22.4171,1.15331,19.0648,1746.15
synthetic_186000_186000_avg70_std1.6_diagonal_0.5_n14,186000,186000,12926868,186000,186000,38278048,196.112,128,0.334591,2.61399,9.89053,29.2871,312.636
synthetic_186000_186000_avg70_std1.6_diagonal_0.05_n14,186000,186000,12926868,186000,186000,54337248,320.343,128,0.495094,3.86792,6.68414,28.0964,443.776
synthetic_186000_186000_avg70_std1.6_diagonal_0.005_n14,186000,186000,12926868,186000,186000,71697568,454.64,128,0.780808,6.10006,4.23828,23.5072,585.702
synthetic_186000_186000_avg70_std1.6_random_n14,186000,186000,12926868,186000,186000,213661120,1552.85,128,2.86927,22.4162,1.15335,19.0631,1745.92
synthetic_186000_186000_avg70_std2.5_diagonal_0.5_n14,186000,186000,12926634,186000,186000,38309536,196.361,128,0.334716,2.61497,9.88665,29.3002,312.893
synthetic_186000_186000_avg70_std2.5_diagonal_0.05_n14,186000,186000,12926634,186000,186000,54238784,319.589,128,0.494737,3.86513,6.68885,28.0657,442.971
synthetic_186000_186000_avg70_std2.5_diagonal_0.005_n14,186000,186000,12926634,186000,186000,71896096,456.186,128,0.790354,6.17464,4.18701,23.2875,587.324
synthetic_186000_186000_avg70_std2.5_random_n14,186000,186000,12926634,186000,186000,213600416,1552.41,128,2.86888,22.4131,1.15349,19.0603,1745.44
synthetic_186000_186000_avg70_std2.25_diagonal_0.5_n14,186000,186000,12926523,186000,186000,38297344,196.269,128,0.334834,2.61589,9.88307,29.2805,312.793
synthetic_186000_186000_avg70_std2.25_diagonal_0.05_n14,186000,186000,12926523,186000,186000,54257920,319.741,128,0.494697,3.86482,6.68933,28.0779,443.126
synthetic_186000_186000_avg70_std2.25_diagonal_0.005_n14,186000,186000,12926523,186000,186000,71876672,456.04,128,0.787925,6.15566,4.19988,23.353,587.167
synthetic_186000_186000_avg70_std2.25_random_n14,186000,186000,12926523,186000,186000,213617344,1552.55,128,2.86878,22.4124,1.15352,19.0624,1745.57
synthetic_186000_186000_avg70_std3_diagonal_0.5_n14,186000,186000,12926609,186000,186000,38335232,196.561,128,0.335198,2.61873,9.87241,29.2777,313.104
synthetic_186000_186000_avg70_std3_diagonal_0.05_n14,186000,186000,12926609,186000,186000,54217504,319.426,128,0.494783,3.86549,6.68821,28.052,442.794
synthetic_186000_186000_avg70_std3_diagonal_0.005_n14,186000,186000,12926609,186000,186000,71876544,456.036,128,0.793581,6.19985,4.16997,23.1865,587.161
synthetic_186000_186000_avg70_std3_random_n14,186000,186000,12926609,186000,186000,213562432,1552.11,128,2.86834,22.4089,1.1537,19.0605,1745.13
synthetic_186000_186000_avg70_std8_diagonal_0.5_n14,186000,186000,12926195,186000,186000,38381504,196.928,128,0.335837,2.62373,9.8533,29.2572,313.485
synthetic_186000_186000_avg70_std8_diagonal_0.05_n14,186000,186000,12926195,186000,186000,54183808,319.178,128,0.497343,3.88549,6.65356,27.8903,442.522
synthetic_186000_186000_avg70_std8_diagonal_0.005_n14,186000,186000,12926195,186000,186000,71684064,454.564,128,0.819512,6.40244,4.0379,22.3927,585.626
synthetic_186000_186000_avg70_std8_random_n14,186000,186000,12926195,186000,186000,212751008,1545.89,128,2.8614,22.3547,1.15647,19.0342,1738.52
synthetic_186000_186000_avg70_std13_diagonal_0.5_n14,186000,186000,12925863,186000,186000,38383904,196.954,128,0.336313,2.62744,9.83912,29.2177,313.502
synthetic_186000_186000_avg70_std13_diagonal_0.05_n14,186000,186000,12925863,186000,186000,54186944,319.213,128,0.500354,3.90901,6.61337,27.7241,442.55
synthetic_186000_186000_avg70_std13_diagonal_0.005_n14,186000,186000,12925863,186000,186000,71730016,454.934,128,0.847192,6.61869,3.90587,21.675,586.045
synthetic_186000_186000_avg70_std13_random_n14,186000,186000,12925863,186000,186000,211196768,1533.91,128,2.84839,22.2531,1.16172,18.9814,1725.93
synthetic_207000_207000_avg70_std0.02_diagonal_0.05_n14,207000,207000,14386474,207000,207000,60590496,321.163,128,0.551946,4.31208,6.67264,28.1027,494.846
synthetic_207000_207000_avg70_std0.02_diagonal_0.005_n14,207000,207000,14386474,207000,207000,79876896,455.222,128,0.862405,6.73754,4.27054,23.711,652.492
synthetic_268000_268000_avg70_std0.2_diagonal_0.5_n14,268000,268000,18626098,268000,268000,55113216,195.892,128,0.480284,3.75222,9.92805,29.3763,450.137
synthetic_268000_268000_avg70_std0.02_diagonal_0.5_n14,268000,268000,18626098,268000,268000,55113216,195.892,128,0.480374,3.75293,9.92618,29.3708,450.137
synthetic_268000_268000_avg70_std0.2_diagonal_0.05_n14,268000,268000,18626098,268000,268000,78457856,321.225,128,0.713166,5.57161,6.68607,28.1634,640.77
synthetic_268000_268000_avg70_std0.02_diagonal_0.05_n14,268000,268000,18626098,268000,268000,78457856,321.225,128,0.713171,5.57165,6.68603,28.1632,640.77
synthetic_268000_268000_avg70_std0.2_diagonal_0.005_n14,268000,268000,18626098,268000,268000,103714528,456.824,128,1.11946,8.74576,4.25946,23.7177,847.218
synthetic_268000_268000_avg70_std0.2_random_n14,268000,268000,18626098,268000,268000,369542720,1884.01,128,5.30712,41.4619,0.898469,17.8257,3020.2
synthetic_268000_268000_avg70_std0.02_random_n14,268000,268000,18626098,268000,268000,369542720,1884.01,128,5.30718,41.4623,0.898459,17.8255,3020.2
synthetic_268000_268000_avg70_std0.64_diagonal_0.5_n14,268000,268000,18626085,268000,268000,55113952,195.897,128,0.480521,3.75407,9.92315,29.3623,450.144
synthetic_268000_268000_avg70_std0.64_diagonal_0.05_n14,268000,268000,18626085,268000,268000,78445056,321.157,128,0.712917,5.56966,6.68841,28.1687,640.666
synthetic_268000_268000_avg70_std0.64_diagonal_0.005_n14,268000,268000,18626085,268000,268000,103708640,456.792,128,1.1212,8.75935,4.25285,23.6795,847.164
synthetic_268000_268000_avg70_std0.64_random_n14,268000,268000,18626085,268000,268000,369537088,1883.98,128,5.30719,41.4625,0.898455,17.8251,3020.15
synthetic_268000_268000_avg70_std1.6_diagonal_0.5_n14,268000,268000,18625796,268000,268000,55153632,196.114,128,0.480873,3.75682,9.91572,29.3618,450.468
synthetic_268000_268000_avg70_std1.6_diagonal_0.05_n14,268000,268000,18625796,268000,268000,78298880,320.379,128,0.712427,5.56583,6.6929,28.1355,639.471
synthetic_268000_268000_avg70_std1.6_diagonal_0.005_n14,268000,268000,18625796,268000,268000,103715840,456.84,128,1.12985,8.82698,4.2202,23.4997,847.264
synthetic_268000_268000_avg70_std3_diagonal_0.5_n14,268000,268000,18625937,268000,268000,55239424,196.573,128,0.481641,3.76282,9.89999,29.3607,451.169
synthetic_268000_268000_avg70_std3_diagonal_0.05_n14,268000,268000,18625937,268000,268000,78140192,319.524,128,0.712236,5.56435,6.69474,28.086,638.173
synthetic_268000_268000_avg70_std3_diagonal_0.005_n14,268000,268000,18625937,268000,268000,103903488,457.843,128,1.14881,8.97511,4.15058,23.1537,848.789
synthetic_268000_268000_avg70_std3_random_n14,268000,268000,18625937,268000,268000,369354272,1883.01,128,5.30562,41.4501,0.898715,17.8216,3018.66
synthetic_268000_268000_avg70_std13_diagonal_0.5_n14,268000,268000,18625914,268000,268000,55306944,196.935,128,0.483262,3.77548,9.86677,29.2979,451.721
synthetic_268000_268000_avg70_std13_diagonal_0.05_n14,268000,268000,18625914,268000,268000,78096160,319.288,128,0.720208,5.62663,6.62063,27.7595,637.818
synthetic_268000_268000_avg70_std13_diagonal_0.005_n14,268000,268000,18625914,268000,268000,103708992,456.799,128,1.22886,9.6005,3.8802,21.6049,847.324
synthetic_268000_268000_avg70_std13_random_n14,268000,268000,18625914,268000,268000,365656288,1863.16,128,5.27404,41.2034,0.904096,17.7488,2988.68
synthetic_863000_863000_avg10_std13_random_n14,863000,863000,11049723,863000,863000,338160768,2960.36,128,25.3832,198.306,0.111441,3.41049,2781.65
synthetic_1383000_1383000_avg3.1_std13_diagonal_0.5_n14,1383000,1383000,14068803,1383000,1383000,61051104,333.947,128,0.734749,5.74023,4.90183,21.2713,499.009
synthetic_1383000_1383000_avg3.1_std13_diagonal_0.05_n14,1383000,1383000,14068803,1383000,1383000,76493888,443.713,128,0.759573,5.93417,4.74163,25.7808,625.12
synthetic_1383000_1383000_avg3.1_std13_diagonal_0.005_n14,1383000,1383000,14068803,1383000,1383000,97577344,593.572,128,1.55046,12.113,2.32293,16.1112,797.966
synthetic_1383000_1383000_avg3.1_std13_random_n14,1383000,1383000,14068803,1383000,1383000,439944128,3027.09,128,64.6484,505.065,0.0557108,1.74213,3659.5
synthetic_1383000_1383000_avg10_std8_diagonal_0.5_n14,1383000,1383000,14267796,1383000,1383000,61277664,329.482,128,0.734623,5.73924,4.97201,21.3539,500.869
synthetic_1383000_1383000_avg10_std8_diagonal_0.05_n14,1383000,1383000,14267796,1383000,1383000,77146048,440.701,128,0.747509,5.83991,4.8863,26.4203,630.448
synthetic_1383000_1383000_avg10_std8_diagonal_0.005_n14,1383000,1383000,14267796,1383000,1383000,98482016,590.24,128,1.43752,11.2306,2.54087,17.5381,805.166
synthetic_1383000_1383000_avg10_std8_random_n14,1383000,1383000,14267796,1383000,1383000,447269248,3034.82,128,64.6692,505.229,0.0564806,1.77056,3719.17
synthetic_1635000_1635000_avg3.1_std13_diagonal_0.5_n14,1635000,1635000,16633235,1635000,1635000,72183776,333.973,128,0.868994,6.78901,4.90004,21.2649,590.003
synthetic_1635000_1635000_avg3.1_std13_diagonal_0.05_n14,1635000,1635000,16633235,1635000,1635000,90444384,443.757,128,0.898951,7.02305,4.73675,25.7564,739.126
synthetic_1635000_1635000_avg3.1_std13_diagonal_0.005_n14,1635000,1635000,16633235,1635000,1635000,115364480,593.578,128,1.83443,14.3315,2.32121,16.0994,943.427
synthetic_1635000_1635000_avg3.1_std13_random_n14,1635000,1635000,16633235,1635000,1635000,521964448,3038.08,128,0,0,0,0,4365.62
synthetic_1635000_1635000_avg6_std8_diagonal_0.5_n14,1635000,1635000,12433971,1635000,1635000,60978912,390.422,128,0.86854,6.78547,3.66488,17.9734,498.561
synthetic_1635000_1635000_avg6_std8_diagonal_0.05_n14,1635000,1635000,12433971,1635000,1635000,73890656,494.264,128,0.868983,6.78893,3.66301,21.768,603.95
synthetic_1635000_1635000_avg6_std8_diagonal_0.005_n14,1635000,1635000,12433971,1635000,1635000,92542752,644.274,128,1.42282,11.1158,2.23717,16.6507,756.759
synthetic_4690000_4690000_avg3.1_std2.25_diagonal_0.5_n14,4690000,4690000,13054915,4690000,4690000,129170304,889.438,128,2.48512,19.415,1.34483,13.3062,1056.43
synthetic_4690000_4690000_avg3.1_std2.25_diagonal_0.05_n14,4690000,4690000,13054915,4690000,4690000,131667808,908.569,128,2.48526,19.4161,1.34475,13.5628,1076.8
synthetic_4690000_4690000_avg3.1_std2.25_diagonal_0.005_n14,4690000,4690000,13054915,4690000,4690000,151806784,1062.83,128,2.48603,19.4221,1.34434,15.6324,1241.28
synthetic_4690000_4690000_avg3.1_std2.25_random_n14,4690000,4690000,13054915,4690000,4690000,417117280,3095.1,128,0,0,0,0,4239.94
synthetic_4690000_4690000_avg3.1_std3_diagonal_0.5_n14,4690000,4690000,14448515,4690000,4690000,127243360,780.667,128,2.48543,19.4174,1.4882,13.1061,1040.83
synthetic_4690000_4690000_avg3.1_std3_diagonal_0.05_n14,4690000,4690000,14448515,4690000,4690000,132247680,815.303,128,2.48536,19.4168,1.48825,13.622,1081.51
synthetic_4690000_4690000_avg3.1_std3_random_n14,4690000,4690000,14448515,4690000,4690000,461478240,3093.95,128,0,0,0,0,4635.54
synthetic_5155000_5155000_avg3.1_std0.02_diagonal_0.5_n14,5155000,5155000,15464999,5155000,5155000,165231968,968.425,128,2.73214,21.3448,1.44906,15.4822,1350.73
synthetic_5155000_5155000_avg3.1_std0.02_diagonal_0.05_n14,5155000,5155000,15464999,5155000,5155000,167398272,982.433,128,2.7319,21.343,1.44919,15.6865,1368.63
synthetic_5155000_5155000_avg3.1_std0.02_diagonal_0.005_n14,5155000,5155000,15464999,5155000,5155000,189113536,1122.85,128,2.73225,21.3457,1.449,17.7191,1545.93
synthetic_5155000_5155000_avg3.1_std0.02_random_n14,5155000,5155000,15464999,5155000,5155000,494448864,3097.21,128,0,0,0,0,5036.17
synthetic_5155000_5155000_avg4_std0.64_diagonal_0.5_n14,5155000,5155000,18039479,5155000,5155000,165306880,816.362,128,2.73196,21.3434,1.6904,15.4902,1351.45
synthetic_5155000_5155000_avg4_std0.64_diagonal_0.05_n14,5155000,5155000,18039479,5155000,5155000,168121056,831.962,128,2.73181,21.3423,1.69049,15.7548,1374.44
synthetic_5155000_5155000_avg4_std0.64_diagonal_0.005_n14,5155000,5155000,18039479,5155000,5155000,196450144,989.001,128,2.73265,21.3488,1.68997,18.4038,1606
synthetic_5155000_5155000_avg4_std0.64_random_n14,5155000,5155000,18039479,5155000,5155000,576609088,3096.37,128,0,0,0,0,5765.53
synthetic_5155000_5155000_avg4_std0.84_diagonal_0.5_n14,5155000,5155000,18038916,5155000,5155000,165276672,816.223,128,2.73187,21.3427,1.6904,15.4879,1351.21
synthetic_5155000_5155000_avg4_std0.84_diagonal_0.05_n14,5155000,5155000,18038916,5155000,5155000,168099072,831.869,128,2.73194,21.3433,1.69036,15.7519,1374.27
synthetic_5155000_5155000_avg4_std0.84_diagonal_0.005_n14,5155000,5155000,18038916,5155000,5155000,196555616,989.62,128,2.73243,21.3471,1.69005,18.4152,1606.85
synthetic_5155000_5155000_avg4_std0.84_random_n14,5155000,5155000,18038916,5155000,5155000,576571168,3096.26,128,0,0,0,0,5765.14
synthetic_5558000_5558000_avg3.1_std2.25_diagonal_0.5_n14,5558000,5558000,15471531,5558000,5558000,153066144,889.341,128,2.94468,23.0053,1.34504,13.307,1251.86
synthetic_5558000_5558000_avg3.1_std2.25_diagonal_0.05_n14,5558000,5558000,15471531,5558000,5558000,156017472,908.417,128,2.94462,23.0049,1.34507,13.5639,1275.93
synthetic_5558000_5558000_avg3.1_std2.25_random_n14,5558000,5558000,15471531,5558000,5558000,494439712,3095.8,128,0,0,0,0,5107.28
synthetic_68000_68000_avg220_std0.2_diagonal_0.5_n14,68000,68000,14926027,68000,68000,41980800,181.259,128,0.367716,2.87278,10.3913,29.2266,342.833
synthetic_68000_68000_avg220_std0.02_diagonal_0.5_n14,68000,68000,14926027,68000,68000,41980800,181.259,128,0.367794,2.87339,10.3891,29.2204,342.833
synthetic_68000_68000_avg220_std0.2_diagonal_0.05_n14,68000,68000,14926027,68000,68000,60290656,303.93,128,0.541743,4.23236,7.05328,28.4903,492.369
synthetic_68000_68000_avg220_std0.02_diagonal_0.05_n14,68000,68000,14926027,68000,68000,60290656,303.93,128,0.541681,4.23188,7.05409,28.4936,492.369
synthetic_68000_68000_avg220_std0.02_diagonal_0.005_n14,68000,68000,14926027,68000,68000,73824832,394.605,128,0.759506,5.93364,5.03098,24.8835,603
synthetic_68000_68000_avg220_std0.2_diagonal_0.005_n14,68000,68000,14926027,68000,68000,73824832,394.605,128,0.759682,5.93502,5.02982,24.8777,603
synthetic_68000_68000_avg220_std0.2_random_n14,68000,68000,14926027,68000,68000,75639520,406.763,128,0.792495,6.19137,4.82156,24.4339,617.852
synthetic_68000_68000_avg220_std0.02_random_n14,68000,68000,14926027,68000,68000,75639520,406.763,128,0.792565,6.19191,4.82114,24.4317,617.852
synthetic_68000_68000_avg220_std0.84_diagonal_0.5_n14,68000,68000,14926029,68000,68000,41980000,181.254,128,0.368042,2.87533,10.3821,29.2002,342.826
synthetic_68000_68000_avg220_std0.84_diagonal_0.05_n14,68000,68000,14926029,68000,68000,60292192,303.94,128,0.541675,4.23184,7.05416,28.4946,492.382
synthetic_68000_68000_avg220_std0.84_diagonal_0.005_n14,68000,68000,14926029,68000,68000,73797504,394.422,128,0.759998,5.93748,5.02773,24.8582,602.777
synthetic_68000_68000_avg220_std0.84_random_n14,68000,68000,14926029,68000,68000,75638560,406.756,128,0.792663,6.19268,4.82054,24.4284,617.843
synthetic_68000_68000_avg220_std1.6_diagonal_0.5_n14,68000,68000,14926083,68000,68000,41977024,181.233,128,0.367672,2.87243,10.3926,29.2275,342.802
synthetic_68000_68000_avg220_std1.6_diagonal_0.05_n14,68000,68000,14926083,68000,68000,60293920,303.95,128,0.541955,4.23402,7.05054,28.4807,492.394
synthetic_68000_68000_avg220_std1.6_diagonal_0.005_n14,68000,68000,14926083,68000,68000,73781792,394.314,128,0.76015,5.93867,5.02674,24.8479,602.648
synthetic_68000_68000_avg220_std1.6_random_n14,68000,68000,14926083,68000,68000,75642624,406.781,128,0.792525,6.19161,4.82139,24.4339,617.876
synthetic_68000_68000_avg220_std2.5_diagonal_0.5_n14,68000,68000,14926022,68000,68000,41980896,181.26,128,0.367759,2.87312,10.3901,29.2232,342.834
synthetic_68000_68000_avg220_std2.5_diagonal_0.05_n14,68000,68000,14926022,68000,68000,60292192,303.94,128,0.542314,4.23683,7.04585,28.461,492.378
synthetic_68000_68000_avg220_std2.5_diagonal_0.005_n14,68000,68000,14926022,68000,68000,73771328,394.246,128,0.761112,5.94619,5.02036,24.813,602.563
synthetic_68000_68000_avg220_std2.5_random_n14,68000,68000,14926022,68000,68000,75643136,406.787,128,0.792536,6.19169,4.82131,24.4338,617.88
synthetic_68000_68000_avg220_std3_diagonal_0.5_n14,68000,68000,14926089,68000,68000,41982912,181.272,128,0.367899,2.87421,10.3862,29.2135,342.85
synthetic_68000_68000_avg220_std3_diagonal_0.05_n14,68000,68000,14926089,68000,68000,60291008,303.93,128,0.542361,4.2372,7.04526,28.458,492.37
synthetic_68000_68000_avg220_std3_diagonal_0.005_n14,68000,68000,14926089,68000,68000,73758272,394.157,128,0.761217,5.94701,5.0197,24.8052,602.461
synthetic_68000_68000_avg220_std3_random_n14,68000,68000,14926089,68000,68000,75644768,406.796,128,0.792503,6.19143,4.82153,24.4353,617.893
synthetic_68000_68000_avg220_std8_random_n14,68000,68000,14926162,68000,68000,75655360,406.864,128,0.792688,6.19287,4.82043,24.433,617.978
synthetic_141000_141000_avg45_std125_diagonal_0.5_n14,141000,141000,14869747,141000,141000,43024992,189.346,128,0.383963,2.99971,9.91411,28.6861,351.385
synthetic_141000_141000_avg45_std125_diagonal_0.05_n14,141000,141000,14869747,141000,141000,61262944,311.997,128,0.604087,4.71943,6.3015,25.962,500.379
synthetic_141000_141000_avg45_std125_diagonal_0.005_n14,141000,141000,14869747,141000,141000,79598208,435.303,128,1.21781,9.51413,3.12582,16.7326,650.622
synthetic_141000_141000_avg45_std125_random_n14,141000,141000,14869747,141000,141000,134874208,807.038,128,1.75795,13.734,2.16539,19.6409,1101.95
synthetic_141000_141000_avg105_std0.2_diagonal_0.5_n14,141000,141000,14734515,141000,141000,42614976,189.219,128,0.372845,2.91285,10.1169,29.26,348.041
synthetic_141000_141000_avg105_std0.2_diagonal_0.05_n14,141000,141000,14734515,141000,141000,60732576,312.179,128,0.549391,4.29211,6.86585,28.2996,496.004
synthetic_141000_141000_avg105_std0.02_diagonal_0.5_n14,141000,141000,14734515,141000,141000,42614976,189.219,128,0.37298,2.9139,10.1132,29.2494,348.041
synthetic_141000_141000_avg105_std0.02_diagonal_0.05_n14,141000,141000,14734515,141000,141000,60732576,312.179,128,0.549528,4.29319,6.86413,28.2925,496.004
synthetic_141000_141000_avg105_std0.02_diagonal_0.005_n14,141000,141000,14734515,141000,141000,79743648,441.203,128,0.856756,6.69341,4.40269,23.8275,651.402
synthetic_141000_141000_avg105_std0.2_diagonal_0.005_n14,141000,141000,14734515,141000,141000,79743648,441.203,128,0.856863,6.69424,4.40214,23.8245,651.402
synthetic_141000_141000_avg105_std0.2_random_n14,141000,141000,14734515,141000,141000,150181088,919.247,128,1.88921,14.7595,1.99662,20.3505,1227.19
synthetic_141000_141000_avg105_std0.02_random_n14,141000,141000,14734515,141000,141000,150181088,919.247,128,1.88902,14.758,1.99682,20.3525,1227.19
synthetic_141000_141000_avg105_std0.64_diagonal_0.5_n14,141000,141000,14734512,141000,141000,42612864,189.204,128,0.373055,2.91449,10.1112,29.2421,348.024
synthetic_141000_141000_avg105_std0.64_diagonal_0.05_n14,141000,141000,14734512,141000,141000,60730080,312.162,128,0.549499,4.29296,6.8645,28.2929,495.983
synthetic_141000_141000_avg105_std0.64_diagonal_0.005_n14,141000,141000,14734512,141000,141000,79738144,441.166,128,0.858237,6.70498,4.39509,23.7848,651.351
synthetic_141000_141000_avg105_std0.64_random_n14,141000,141000,14734512,141000,141000,150180960,919.246,128,1.88893,14.7573,1.99691,20.3535,1227.18
synthetic_141000_141000_avg105_std0.84_diagonal_0.5_n14,141000,141000,14734435,141000,141000,42613632,189.211,128,0.373012,2.91416,10.1123,29.2459,348.03
synthetic_141000_141000_avg105_std0.84_diagonal_0.05_n14,141000,141000,14734435,141000,141000,60724736,312.128,128,0.549675,4.29434,6.86226,28.2813,495.94
synthetic_141000_141000_avg105_std0.84_diagonal_0.005_n14,141000,141000,14734435,141000,141000,79727872,441.099,128,0.85894,6.71047,4.39147,23.7622,651.269
synthetic_141000_141000_avg105_std0.84_random_n14,141000,141000,14734435,141000,141000,150181664,919.256,128,1.88895,14.7574,1.99689,20.3534,1227.19
synthetic_141000_141000_avg105_std2.5_diagonal_0.5_n14,141000,141000,14734082,141000,141000,42620832,189.267,128,0.372974,2.91386,10.1131,29.2538,348.088
synthetic_141000_141000_avg105_std2.5_diagonal_0.05_n14,141000,141000,14734082,141000,141000,60719008,312.099,128,0.550206,4.29848,6.85548,28.2514,495.89
synthetic_141000_141000_avg105_std2.5_diagonal_0.005_n14,141000,141000,14734082,141000,141000,79691744,440.867,128,0.865382,6.7608,4.35868,23.5747,650.974
synthetic_141000_141000_avg105_std2.5_random_n14,141000,141000,14734082,141000,141000,150163968,919.161,128,1.88886,14.7567,1.99693,20.3519,1227.04
synthetic_141000_141000_avg105_std2.25_diagonal_0.5_n14,141000,141000,14734040,141000,141000,42615936,189.235,128,0.373144,2.91519,10.1085,29.2372,348.049
synthetic_141000_141000_avg105_std2.25_diagonal_0.05_n14,141000,141000,14734040,141000,141000,60719680,312.105,128,0.550167,4.29818,6.85594,28.2537,495.898
synthetic_141000_141000_avg105_std2.25_diagonal_0.005_n14,141000,141000,14734040,141000,141000,79696192,440.898,128,0.86437,6.75289,4.36377,23.6036,651.013
synthetic_141000_141000_avg105_std2.25_random_n14,141000,141000,14734040,141000,141000,150168160,919.192,128,1.88878,14.7561,1.99701,20.3534,1227.08
synthetic_141000_141000_avg105_std3_diagonal_0.5_n14,141000,141000,14734030,141000,141000,42630400,189.333,128,0.373075,2.91465,10.1103,29.2525,348.166
synthetic_141000_141000_avg105_std3_diagonal_0.05_n14,141000,141000,14734030,141000,141000,60721504,312.117,128,0.550408,4.30006,6.85294,28.2422,495.91
synthetic_141000_141000_avg105_std3_diagonal_0.005_n14,141000,141000,14734030,141000,141000,79674432,440.751,128,0.866564,6.77003,4.35272,23.5374,650.834
synthetic_161000_161000_avg6_std125_diagonal_0.5_n14,161000,161000,15967890,161000,161000,46348032,190.258,128,0.412817,3.22514,9.90215,28.7418,378.528
synthetic_161000_161000_avg6_std125_diagonal_0.05_n14,161000,161000,15967890,161000,161000,65949536,313.013,128,0.651715,5.09153,6.27234,25.9056,538.66
synthetic_161000_161000_avg6_std125_diagonal_0.005_n14,161000,161000,15967890,161000,161000,86053376,438.915,128,1.36443,10.6596,2.99596,16.1457,703.44
synthetic_161000_161000_avg6_std125_random_n14,161000,161000,15967890,161000,161000,162471072,917.486,128,2.17626,17.002,1.87835,19.112,1327.5
synthetic_161000_161000_avg10_std125_diagonal_0.5_n14,161000,161000,16000925,161000,161000,46432832,190.188,128,0.413381,3.22954,9.9091,28.7551,379.219
synthetic_161000_161000_avg10_std125_diagonal_0.05_n14,161000,161000,16000925,161000,161000,66083904,313.001,128,0.653532,5.10572,6.26784,25.8862,539.757
synthetic_161000_161000_avg10_std125_diagonal_0.005_n14,161000,161000,16000925,161000,161000,86262464,439.109,128,1.36305,10.6488,3.0052,16.2013,705.151
synthetic_161000_161000_avg10_std125_random_n14,161000,161000,16000925,161000,161000,162616032,916.291,128,2.17756,17.0122,1.88111,19.1176,1328.68
synthetic_171000_171000_avg70_std0.2_diagonal_0.5_n14,171000,171000,11884470,171000,171000,35160128,195.849,128,0.307415,2.40168,9.89679,29.2796,287.17
synthetic_171000_171000_avg70_std0.2_diagonal_0.05_n14,171000,171000,11884470,171000,171000,50057536,321.201,128,0.45577,3.56071,6.67534,28.1166,408.823
synthetic_171000_171000_avg70_std0.2_diagonal_0.005_n14,171000,171000,11884470,171000,171000,66045408,455.729,128,0.71169,5.56008,4.27493,23.757,539.506
synthetic_171000_171000_avg70_std0.2_random_n14,171000,171000,11884470,171000,171000,186683360,1470.82,128,2.47217,19.3138,1.23067,19.3316,1525.55
synthetic_171000_171000_avg70_std0.64_diagonal_0.5_n14,171000,171000,11884453,171000,171000,35160448,195.852,128,0.307465,2.40207,9.89517,29.2751,287.174
synthetic_171000_171000_avg70_std0.64_diagonal_0.05_n14,171000,171000,11884453,171000,171000,50051040,321.147,128,0.455587,3.55928,6.67802,28.1243,408.77
synthetic_171000_171000_avg70_std0.64_diagonal_0.005_n14,171000,171000,11884453,171000,171000,66036448,455.654,128,0.712705,5.56801,4.26883,23.7199,539.429
synthetic_171000_171000_avg70_std0.64_random_n14,171000,171000,11884453,171000,171000,186679136,1470.78,128,2.47224,19.3144,1.23063,19.3306,1525.52
synthetic_171000_171000_avg70_std0.84_diagonal_0.5_n14,171000,171000,11884393,171000,171000,35171360,195.946,128,0.307625,2.40332,9.88997,29.2689,287.262
synthetic_171000_171000_avg70_std0.84_diagonal_0.05_n14,171000,171000,11884393,171000,171000,50033824,321.004,128,0.455821,3.5611,6.67456,28.1002,408.628
synthetic_171000_171000_avg70_std0.84_diagonal_0.005_n14,171000,171000,11884393,171000,171000,66025536,455.565,128,0.713498,5.5742,4.26407,23.6897,539.339
synthetic_171000_171000_avg70_std0.84_random_n14,171000,171000,11884393,171000,171000,186675456,1470.76,128,2.4722,19.3141,1.23065,19.3305,1525.49
synthetic_171000_171000_avg70_std1.6_diagonal_0.5_n14,171000,171000,11884328,171000,171000,35189792,196.102,128,0.307865,2.4052,9.88221,29.2615,287.412
synthetic_171000_171000_avg70_std1.6_diagonal_0.05_n14,171000,171000,11884328,171000,171000,49959392,320.38,128,0.455336,3.55731,6.68163,28.0883,408.021
synthetic_171000_171000_avg70_std1.6_diagonal_0.005_n14,171000,171000,11884328,171000,171000,65972736,455.124,128,0.717119,5.60249,4.24252,23.5512,538.932
synthetic_171000_171000_avg70_std1.6_random_n14,171000,171000,11884328,171000,171000,186650368,1470.56,128,2.47217,19.3138,1.23065,19.3281,1525.28
synthetic_171000_171000_avg70_std2.5_diagonal_0.5_n14,171000,171000,11884045,171000,171000,35218720,196.353,128,0.308035,2.40653,9.87652,29.2694,287.648
synthetic_171000_171000_avg70_std2.5_diagonal_0.05_n14,171000,171000,11884045,171000,171000,49872512,319.659,128,0.45512,3.55562,6.68465,28.0528,407.311
synthetic_171000_171000_avg70_std2.5_diagonal_0.005_n14,171000,171000,11884045,171000,171000,65921088,454.702,128,0.724192,5.65775,4.20098,23.3029,538.511
synthetic_171000_171000_avg70_std2.5_random_n14,171000,171000,11884045,171000,171000,186601824,1470.19,128,2.4716,19.3094,1.23091,19.3276,1524.87
synthetic_171000_171000_avg70_std2.25_diagonal_0.5_n14,171000,171000,11884006,171000,171000,35208480,196.268,128,0.307985,2.40613,9.8781,29.2656,287.565
synthetic_171000_171000_avg70_std2.25_diagonal_0.05_n14,171000,171000,11884006,171000,171000,49889504,319.804,128,0.454888,3.55381,6.68804,28.0766,407.449
synthetic_171000_171000_avg70_std2.25_diagonal_0.005_n14,171000,171000,11884006,171000,171000,65925824,454.744,128,0.722271,5.64274,4.21214,23.3666,538.551
synthetic_171000_171000_avg70_std2.25_random_n14,171000,171000,11884006,171000,171000,186616000,1470.31,128,2.47178,19.3108,1.23082,19.3276,1524.99
synthetic_171000_171000_avg70_std3_diagonal_0.5_n14,171000,171000,11884005,171000,171000,35241888,196.549,128,0.308542,2.41049,9.86025,29.2405,287.839
synthetic_171000_171000_avg70_std3_diagonal_0.05_n14,171000,171000,11884005,171000,171000,49852224,319.49,128,0.455208,3.55632,6.68332,28.0359,407.143
synthetic_171000_171000_avg70_std3_diagonal_0.005_n14,171000,171000,11884005,171000,171000,65893376,454.471,128,0.727176,5.68106,4.18373,23.1975,538.281
synthetic_171000_171000_avg70_std3_random_n14,171000,171000,11884005,171000,171000,186563008,1469.87,128,2.47135,19.3074,1.23103,19.3255,1524.56
synthetic_171000_171000_avg70_std8_diagonal_0.5_n14,171000,171000,11883453,171000,171000,35282144,196.901,128,0.308992,2.414,9.84546,29.2313,288.171
synthetic_171000_171000_avg70_std8_diagonal_0.05_n14,171000,171000,11883453,171000,171000,49826336,319.292,128,0.457438,3.57373,6.65044,27.8848,406.935
synthetic_171000_171000_avg70_std8_diagonal_0.005_n14,171000,171000,11883453,171000,171000,65933376,454.833,128,0.752449,5.87851,4.04302,22.432,538.643
synthetic_171000_171000_avg70_std8_random_n14,171000,171000,11883453,171000,171000,185873376,1464.14,128,2.46541,19.261,1.23394,19.3005,1518.83
synthetic_171000_171000_avg70_std13_diagonal_0.5_n14,171000,171000,11883027,171000,171000,35285184,196.938,128,0.309201,2.41563,9.83845,29.2141,288.193
synthetic_171000_171000_avg70_std13_diagonal_0.05_n14,171000,171000,11883027,171000,171000,49832416,319.358,128,0.460444,3.59722,6.60679,27.7061,406.986
synthetic_171000_171000_avg70_std13_diagonal_0.005_n14,171000,171000,11883027,171000,171000,66018496,455.57,128,0.778042,6.07845,3.90988,21.7221,539.38
synthetic_171000_171000_avg70_std13_random_n14,171000,171000,11883027,171000,171000,184531648,1452.9,128,2.45352,19.1681,1.23987,19.254,1507.72
synthetic_171000_171000_avg105_std2.5_diagonal_0.5_n14,171000,171000,17869045,171000,171000,51693632,189.292,128,0.450631,3.52056,10.1513,29.3667,422.186
synthetic_171000_171000_avg105_std2.5_diagonal_0.05_n14,171000,171000,17869045,171000,171000,73679360,312.33,128,0.666212,5.20478,6.8664,28.3122,601.738
synthetic_171000_171000_avg105_std2.5_diagonal_0.005_n14,171000,171000,17869045,171000,171000,97362720,444.868,128,1.05655,8.2543,4.32963,23.5908,795.323
synthetic_171000_171000_avg105_std2.5_random_n14,171000,171000,17869045,171000,171000,211383904,1082.96,128,2.68502,20.9767,1.7037,20.1541,1727.01
synthetic_171000_171000_avg105_std2.25_diagonal_0.5_n14,171000,171000,17869006,171000,171000,51687776,189.259,128,0.45057,3.52008,10.1526,29.3674,422.138
synthetic_171000_171000_avg105_std2.25_diagonal_0.05_n14,171000,171000,17869006,171000,171000,73679904,312.334,128,0.665892,5.20228,6.86968,28.326,601.744
synthetic_171000_171000_avg105_std2.25_diagonal_0.005_n14,171000,171000,17869006,171000,171000,97349120,444.793,128,1.05529,8.24443,4.33481,23.6157,795.212
synthetic_171000_171000_avg105_std2.25_random_n14,171000,171000,17869006,171000,171000,211390432,1083,128,2.68517,20.9779,1.7036,20.1536,1727.06
synthetic_171000_171000_avg105_std3_diagonal_0.5_n14,171000,171000,17869005,171000,171000,51707264,189.368,128,0.450768,3.52162,10.1482,29.3656,422.297
synthetic_171000_171000_avg105_std3_diagonal_0.05_n14,171000,171000,17869005,171000,171000,73684288,312.358,128,0.666567,5.20755,6.86273,28.299,601.776
synthetic_171000_171000_avg105_std3_diagonal_0.005_n14,171000,171000,17869005,171000,171000,97290592,444.466,128,1.05776,8.26377,4.32466,23.5463,794.735
synthetic_171000_171000_avg105_std3_random_n14,171000,171000,17869005,171000,171000,211372960,1082.9,128,2.68492,20.976,1.70376,20.1538,1726.92
synthetic_171000_171000_avg105_std8_diagonal_0.5_n14,171000,171000,17868453,171000,171000,51729376,189.501,128,0.451059,3.5239,10.1413,29.3592,422.474
synthetic_171000_171000_avg105_std8_diagonal_0.05_n14,171000,171000,17868453,171000,171000,73672928,312.307,128,0.670811,5.24071,6.81909,28.1156,601.687
synthetic_171000_171000_avg105_std8_diagonal_0.005_n14,171000,171000,17868453,171000,171000,97098656,443.408,128,1.08172,8.45091,4.22876,22.9795,793.211
synthetic_171000_171000_avg105_std8_random_n14,171000,171000,17868453,171000,171000,211091040,1081.36,128,2.68241,20.9563,1.7053,20.1458,1724.63
synthetic_171000_171000_avg105_std13_diagonal_0.5_n14,171000,171000,17868027,171000,171000,51720960,189.461,128,0.451451,3.52696,10.1323,29.3289,422.405
synthetic_171000_171000_avg105_std13_diagonal_0.05_n14,171000,171000,17868027,171000,171000,73671456,312.309,128,0.674831,5.27212,6.77831,27.9476,601.674
synthetic_171000_171000_avg105_std13_diagonal_0.005_n14,171000,171000,17868027,171000,171000,97045440,443.123,128,1.10483,8.6315,4.14019,22.4863,792.806
synthetic_171000_171000_avg105_std13_random_n14,171000,171000,17868027,171000,171000,210545856,1078.34,128,2.67783,20.9206,1.70818,20.1281,1720.19
synthetic_186000_186000_avg20_std125_diagonal_0.5_n14,186000,186000,18678769,186000,186000,54181152,190.068,128,0.48186,3.76453,9.92356,28.7851,442.5
synthetic_186000_186000_avg20_std125_diagonal_0.05_n14,186000,186000,18678769,186000,186000,77114464,312.846,128,0.761552,5.94963,6.27897,25.9224,629.852
synthetic_186000_186000_avg20_std125_diagonal_0.005_n14,186000,186000,18678769,186000,186000,101004896,440.747,128,1.6276,12.7156,2.93792,15.8867,825.697
synthetic_186000_186000_avg20_std125_random_n14,186000,186000,18678769,186000,186000,205956832,1002.63,128,2.80568,21.9194,1.70431,18.7922,1683.31
synthetic_186000_186000_avg70_std0.02_diagonal_0.5_n14,186000,186000,12927024,186000,186000,38246688,195.866,128,0.334354,2.61214,9.89764,29.2838,312.38
synthetic_186000_186000_avg70_std0.02_diagonal_0.05_n14,186000,186000,12927024,186000,186000,54445056,321.172,128,0.495545,3.87144,6.67814,28.1265,444.656
synthetic_186000_186000_avg70_std0.02_diagonal_0.005_n14,186000,186000,12927024,186000,186000,71702208,454.669,128,0.773806,6.04536,4.27667,23.7214,585.716
synthetic_186000_186000_avg70_std0.02_random_n14,186000,186000,12927024,186000,186000,213694880,1553.09,128,2.8698,22.4203,1.15315,19.0626,1746.19
synthetic_186000_186000_avg70_std0.64_diagonal_0.5_n14,186000,186000,12927047,186000,186000,38247360,195.871,128,0.334289,2.61163,9.89958,29.29,312.387
synthetic_186000_186000_avg70_std0.64_diagonal_0.05_n14,186000,186000,12927047,186000,186000,54437376,321.112,128,0.495245,3.8691,6.6822,28.1396,444.593
synthetic_186000_186000_avg70_std0.64_diagonal_0.005_n14,186000,186000,12927047,186000,186000,71700832,454.657,128,0.77498,6.05453,4.2702,23.685,585.7
synthetic_186000_186000_avg70_std0.64_random_n14,186000,186000,12927047,186000,186000,213690592,1553.05,128,2.86951,22.418,1.15327,19.0642,1746.16
synthetic_268000_268000_avg45_std1.6_diagonal_0.5_n14,268000,268000,11925796,268000,268000,36339552,204.714,128,0.318504,2.48831,9.58545,29.2082,296.837
synthetic_268000_268000_avg45_std1.6_diagonal_0.05_n14,268000,268000,11925796,268000,268000,51844608,334.727,128,0.474195,3.70465,6.43828,27.9889,423.449
synthetic_268000_268000_avg45_std1.6_diagonal_0.005_n14,268000,268000,11925796,268000,268000,68156928,471.508,128,0.752472,5.87869,4.0573,23.1878,556.791
synthetic_268000_268000_avg45_std1.6_random_n14,268000,268000,11925796,268000,268000,278672384,2236.72,128,4.52034,35.3152,0.675393,15.782,2277.95
synthetic_268000_268000_avg45_std2.5_diagonal_0.5_n14,268000,268000,11925804,268000,268000,36558976,206.554,128,0.320259,2.50202,9.53293,29.2235,298.617
synthetic_268000_268000_avg45_std2.5_diagonal_0.05_n14,268000,268000,11925804,268000,268000,51558496,332.327,128,0.472753,3.69339,6.45793,27.9194,421.114
synthetic_268000_268000_avg45_std2.5_diagonal_0.005_n14,268000,268000,11925804,268000,268000,68145600,471.413,128,0.757989,5.92179,4.02777,23.0152,556.7
synthetic_268000_268000_avg45_std2.5_random_n14,268000,268000,11925804,268000,268000,278534752,2235.56,128,4.51902,35.3049,0.67559,15.7788,2276.82
synthetic_268000_268000_avg45_std2.25_diagonal_0.5_n14,268000,268000,11925807,268000,268000,36499296,206.053,128,0.319761,2.49813,9.54778,29.2213,298.133
synthetic_268000_268000_avg45_std2.25_diagonal_0.05_n14,268000,268000,11925807,268000,268000,51621536,332.856,128,0.473187,3.69677,6.45201,27.9279,421.627
synthetic_268000_268000_avg45_std2.25_diagonal_0.005_n14,268000,268000,11925807,268000,268000,68153920,471.483,128,0.756132,5.90728,4.03767,23.0746,556.766
synthetic_268000_268000_avg45_std2.25_random_n14,268000,268000,11925807,268000,268000,278575328,2235.9,128,4.51979,35.3108,0.675476,15.7785,2277.15
synthetic_268000_268000_avg45_std3_diagonal_0.5_n14,268000,268000,11925937,268000,268000,36675680,207.529,128,0.321383,2.5108,9.49971,29.2143,299.568
synthetic_268000_268000_avg45_std3_diagonal_0.05_n14,268000,268000,11925937,268000,268000,51466048,331.547,128,0.472415,3.69074,6.46262,27.8893,420.358
synthetic_268000_268000_avg45_std3_random_n14,268000,268000,11925937,268000,268000,278446176,2234.79,128,4.51851,35.3009,0.675674,15.7756,2276.09
synthetic_268000_268000_avg45_std8_diagonal_0.5_n14,268000,268000,11925640,268000,268000,36899232,209.411,128,0.323718,2.52905,9.43094,29.1804,301.408
synthetic_268000_268000_avg45_std8_diagonal_0.05_n14,268000,268000,11925640,268000,268000,51391552,330.933,128,0.477805,3.73285,6.38956,27.5347,419.75
synthetic_268000_268000_avg45_std8_diagonal_0.005_n14,268000,268000,11925640,268000,268000,68177984,471.692,128,0.807923,6.3119,3.77878,21.603,557.047
synthetic_268000_268000_avg45_std8_random_n14,268000,268000,11925640,268000,268000,276581952,2219.22,128,4.50246,35.1755,0.678066,15.7258,2260.73
synthetic_268000_268000_avg70_std0.02_diagonal_0.005_n14,268000,268000,18626098,268000,268000,103714528,456.824,128,1.11942,8.7455,4.25959,23.7184,847.218
synthetic_268000_268000_avg70_std0.84_diagonal_0.5_n14,268000,268000,18626149,268000,268000,55123744,195.948,128,0.480422,3.7533,9.92522,29.3735,450.223
synthetic_268000_268000_avg70_std0.84_diagonal_0.05_n14,268000,268000,18626149,268000,268000,78418816,321.015,128,0.712994,5.57027,6.6877,28.1562,640.45
synthetic_268000_268000_avg70_std0.84_diagonal_0.005_n14,268000,268000,18626149,268000,268000,103698560,456.736,128,1.1227,8.77107,4.24718,23.6456,847.08
synthetic_268000_268000_avg70_std0.84_random_n14,268000,268000,18626149,268000,268000,369530784,1883.94,128,5.30726,41.463,0.898447,17.8246,3020.11
synthetic_863000_863000_avg10_std13_diagonal_0.5_n14,863000,863000,11049723,863000,863000,44172096,299.757,128,0.461058,3.60202,6.1353,24.5263,361.016
synthetic_863000_863000_avg10_std13_diagonal_0.05_n14,863000,863000,11049723,863000,863000,56691488,413.058,128,0.563303,4.4008,5.02168,25.7642,463.236
synthetic_863000_863000_avg10_std13_diagonal_0.005_n14,863000,863000,11049723,863000,863000,73125856,561.789,128,1.14037,8.90916,2.48053,16.4159,597.964
synthetic_863000_863000_avg20_std13_diagonal_0.5_n14,863000,863000,17434953,863000,863000,61398400,252.157,128,0.543013,4.24229,8.21959,28.9459,501.642
synthetic_863000_863000_avg20_std13_diagonal_0.05_n14,863000,863000,17434953,863000,863000,81972896,370.164,128,0.797044,6.2269,5.59988,26.3286,669.679
synthetic_863000_863000_avg20_std13_diagonal_0.005_n14,863000,863000,17434953,863000,863000,107679584,517.608,128,1.53641,12.0032,2.90505,17.9418,880.229
synthetic_863000_863000_avg20_std13_random_n14,863000,863000,17434953,863000,863000,524822720,2910.18,128,0,0,0,0,4313.29
synthetic_952000_952000_avg20_std0.2_diagonal_0.5_n14,952000,952000,18564151,952000,952000,61772288,232.75,128,0.545596,4.26247,8.71052,28.9843,504.794
synthetic_952000_952000_avg20_std0.2_diagonal_0.05_n14,952000,952000,18564151,952000,952000,92664288,399.157,128,0.841749,6.57617,5.64589,28.1819,757.003
synthetic_952000_952000_avg20_std0.02_diagonal_0.5_n14,952000,952000,18564151,952000,952000,61772288,232.75,128,0.545923,4.26502,8.7053,28.9669,504.794
synthetic_952000_952000_avg20_std0.02_diagonal_0.05_n14,952000,952000,18564151,952000,952000,92664288,399.157,128,0.841862,6.57705,5.64513,28.1781,757.003
synthetic_952000_952000_avg20_std0.02_diagonal_0.005_n14,952000,952000,18564151,952000,952000,115685376,523.165,128,1.25238,9.78419,3.79472,23.6474,945.17
synthetic_952000_952000_avg20_std0.2_diagonal_0.005_n14,952000,952000,18564151,952000,952000,115685376,523.165,128,1.25239,9.78431,3.79468,23.6471,945.17
synthetic_952000_952000_avg20_std0.2_random_n14,952000,952000,18564151,952000,952000,570943456,2975.52,128,0,0,0,0,4699.53
synthetic_952000_952000_avg20_std0.02_random_n14,952000,952000,18564151,952000,952000,570943456,2975.52,128,0,0,0,0,4699.53
synthetic_952000_952000_avg20_std0.64_diagonal_0.5_n14,952000,952000,18564110,952000,952000,61874464,233.302,128,0.546487,4.26943,8.69629,28.9849,505.63
synthetic_952000_952000_avg20_std0.64_diagonal_0.05_n14,952000,952000,18564110,952000,952000,92509728,398.326,128,0.84091,6.56961,5.65151,28.1629,755.765
synthetic_952000_952000_avg20_std0.64_diagonal_0.005_n14,952000,952000,18564110,952000,952000,115653536,522.995,128,1.26051,9.84777,3.77022,23.4883,944.937
synthetic_952000_952000_avg20_std0.64_random_n14,952000,952000,18564110,952000,952000,570928064,2975.44,128,0,0,0,0,4699.45
synthetic_952000_952000_avg20_std1.6_diagonal_0.5_n14,952000,952000,18563781,952000,952000,62774944,238.158,128,0.55403,4.32836,8.57775,29.0064,512.931
synthetic_952000_952000_avg20_std1.6_diagonal_0.05_n14,952000,952000,18563781,952000,952000,90700416,388.588,128,0.827933,6.46822,5.73999,28.0449,740.998
synthetic_952000_952000_avg20_std1.6_diagonal_0.005_n14,952000,952000,18563781,952000,952000,115653344,523.005,128,1.3055,10.1992,3.64024,22.6789,945.026
synthetic_952000_952000_avg20_std1.6_random_n14,952000,952000,18563781,952000,952000,570785632,2974.73,128,0,0,0,0,4698.31
synthetic_952000_952000_avg20_std2.25_diagonal_0.5_n14,952000,952000,18563888,952000,952000,63650592,242.873,128,0.561366,4.38567,8.4657,29.0266,520.1
synthetic_952000_952000_avg20_std2.25_diagonal_0.05_n14,952000,952000,18563888,952000,952000,89182784,380.41,128,0.817296,6.38513,5.81473,27.9345,728.584
synthetic_952000_952000_avg20_std2.25_diagonal_0.005_n14,952000,952000,18563888,952000,952000,115669152,523.087,128,1.33464,10.4268,3.56079,22.1868,945.139
synthetic_952000_952000_avg20_std2.25_random_n14,952000,952000,18563888,952000,952000,570633312,2973.89,128,0,0,0,0,4697.08
synthetic_952000_952000_avg20_std3_diagonal_0.5_n14,952000,952000,18563706,952000,952000,64554368,247.745,128,0.569351,4.44805,8.34689,29.0259,527.468
synthetic_952000_952000_avg20_std3_diagonal_0.05_n14,952000,952000,18563706,952000,952000,88162944,374.921,128,0.811767,6.34193,5.85428,27.8032,720.264
synthetic_952000_952000_avg20_std3_diagonal_0.005_n14,952000,952000,18563706,952000,952000,115654304,523.013,128,1.36121,10.6345,3.49124,21.7509,945.027
synthetic_952000_952000_avg20_std3_random_n14,952000,952000,18563706,952000,952000,570402400,2972.68,128,0,0,0,0,4695.18
synthetic_1000000_1000000_avg10_std13_diagonal_0.5_n14,1000000,1000000,12807991,1000000,1000000,51190112,299.673,128,0.533768,4.17007,6.14282,24.5512,418.375
synthetic_1000000_1000000_avg10_std13_diagonal_0.05_n14,1000000,1000000,12807991,1000000,1000000,65708256,413.025,128,0.652717,5.09935,5.02338,25.7712,536.914
synthetic_1000000_1000000_avg10_std13_diagonal_0.005_n14,1000000,1000000,12807991,1000000,1000000,84815840,562.21,128,1.32185,10.3269,2.4805,16.4261,693.553
synthetic_1000000_1000000_avg10_std13_random_n14,1000000,1000000,12807991,1000000,1000000,394335648,2978.83,128,34.1107,266.49,0.0961238,2.95948,3247.44
synthetic_1000000_1000000_avg20_std0.2_diagonal_0.5_n14,1000000,1000000,19500045,1000000,1000000,64887136,232.754,128,0.57289,4.4757,8.71374,28.9953,530.249
synthetic_1000000_1000000_avg20_std0.2_diagonal_0.05_n14,1000000,1000000,19500045,1000000,1000000,97336480,399.16,128,0.884605,6.91098,5.64321,28.1686,795.172
synthetic_1000000_1000000_avg20_std0.2_diagonal_0.005_n14,1000000,1000000,19500045,1000000,1000000,121559840,523.382,128,1.31661,10.286,3.79157,23.636,993.167
synthetic_1000000_1000000_avg20_std0.2_random_n14,1000000,1000000,19500045,1000000,1000000,600889056,2981.48,128,0,0,0,0,4949.68
synthetic_1000000_1000000_avg20_std1.6_diagonal_0.5_n14,1000000,1000000,19500241,1000000,1000000,65941088,238.155,128,0.582178,4.54827,8.5748,28.9961,538.802
synthetic_1000000_1000000_avg20_std1.6_diagonal_0.05_n14,1000000,1000000,19500241,1000000,1000000,95280672,388.613,128,0.870272,6.799,5.73621,28.0279,778.418
synthetic_1000000_1000000_avg20_std1.6_random_n14,1000000,1000000,19500241,1000000,1000000,600743840,2980.7,128,0,0,0,0,4948.49
synthetic_1000000_1000000_avg20_std2.5_diagonal_0.5_n14,1000000,1000000,19499926,1000000,1000000,67211232,244.674,128,0.592965,4.63254,8.41867,29.017,549.213
synthetic_1000000_1000000_avg20_std2.5_diagonal_0.05_n14,1000000,1000000,19499926,1000000,1000000,93217920,378.042,128,0.855956,6.68715,5.83205,27.8797,761.538
synthetic_1000000_1000000_avg20_std2.5_diagonal_0.005_n14,1000000,1000000,19499926,1000000,1000000,121522272,523.194,128,1.41343,11.0424,3.53183,22.0102,992.975
synthetic_1000000_1000000_avg20_std2.5_random_n14,1000000,1000000,19499926,1000000,1000000,600517312,2979.59,128,0,0,0,0,4946.6
synthetic_1383000_1383000_avg4_std13_diagonal_0.5_n14,1383000,1383000,14335952,1383000,1383000,61747872,330.72,128,0.734813,5.74073,4.99447,21.5122,504.729
synthetic_1383000_1383000_avg4_std13_diagonal_0.05_n14,1383000,1383000,14335952,1383000,1383000,77540928,440.884,128,0.769987,6.01553,4.76632,25.7803,633.674
synthetic_1383000_1383000_avg4_std13_diagonal_0.005_n14,1383000,1383000,14335952,1383000,1383000,99020608,590.715,128,1.57199,12.2812,2.33463,16.1256,809.779
synthetic_1383000_1383000_avg4_std13_random_n14,1383000,1383000,14335952,1383000,1383000,448105984,3025.75,128,64.6673,505.213,0.0567521,1.77393,3726.01
synthetic_1383000_1383000_avg10_std0.2_diagonal_0.5_n14,1383000,1383000,13138684,1383000,1383000,46377216,252.982,128,0.734257,5.73638,4.58082,16.1695,379.211
synthetic_1383000_1383000_avg10_std0.02_diagonal_0.5_n14,1383000,1383000,13138685,1383000,1383000,46377216,252.982,128,0.734293,5.73666,4.5806,16.1687,379.211
synthetic_1383000_1383000_avg10_std0.2_diagonal_0.05_n14,1383000,1383000,13138684,1383000,1383000,82583968,528.556,128,0.746729,5.83382,4.50431,28.3121,674.871
synthetic_1383000_1383000_avg10_std0.02_diagonal_0.05_n14,1383000,1383000,13138685,1383000,1383000,82584000,528.556,128,0.74669,5.83351,4.50455,28.3136,674.871
synthetic_1383000_1383000_avg10_std0.02_diagonal_0.005_n14,1383000,1383000,13138685,1383000,1383000,92104128,601.015,128,1.00506,7.85205,3.34656,23.4599,752.626
synthetic_1383000_1383000_avg10_std0.2_diagonal_0.005_n14,1383000,1383000,13138684,1383000,1383000,92104128,601.015,128,1.00518,7.85295,3.34618,23.4572,752.626
synthetic_1383000_1383000_avg10_std0.2_random_n14,1383000,1383000,13138684,1383000,1383000,415139872,3059.68,128,64.5648,504.413,0.052095,1.64603,3459.28
synthetic_1383000_1383000_avg10_std0.02_random_n14,1383000,1383000,13138685,1383000,1383000,415139904,3059.68,128,64.5649,504.413,0.0520949,1.64603,3459.28
synthetic_1383000_1383000_avg10_std0.64_diagonal_0.5_n14,1383000,1383000,13138827,1383000,1383000,46833632,256.452,128,0.734287,5.73661,4.58069,16.328,382.923
synthetic_1383000_1383000_avg10_std0.64_diagonal_0.05_n14,1383000,1383000,13138827,1383000,1383000,80892288,515.674,128,0.735777,5.74826,4.57141,28.145,661
synthetic_1383000_1383000_avg10_std0.64_diagonal_0.005_n14,1383000,1383000,13138827,1383000,1383000,91565696,596.909,128,1.01286,7.91295,3.32084,23.1433,748.332
synthetic_1383000_1383000_avg10_std0.64_random_n14,1383000,1383000,13138827,1383000,1383000,415130848,3059.57,128,64.5656,504.418,0.052095,1.64598,3459.21
synthetic_1383000_1383000_avg10_std0.84_diagonal_0.5_n14,1383000,1383000,13138932,1383000,1383000,47357568,260.437,128,0.734577,5.73888,4.57892,16.5041,387.228
synthetic_1383000_1383000_avg10_std0.84_diagonal_0.05_n14,1383000,1383000,13138932,1383000,1383000,79252512,503.188,128,0.735509,5.74616,4.57312,27.5845,647.66
synthetic_1383000_1383000_avg10_std0.84_diagonal_0.005_n14,1383000,1383000,13138932,1383000,1383000,91068864,593.122,128,1.01968,7.96622,3.29866,22.8638,744.349
synthetic_1383000_1383000_avg10_std0.84_random_n14,1383000,1383000,13138932,1383000,1383000,415118976,3059.46,128,64.5694,504.448,0.0520923,1.64583,3459.11
synthetic_1383000_1383000_avg10_std1.6_diagonal_0.5_n14,1383000,1383000,13138615,1383000,1383000,49980416,280.409,128,0.734365,5.73723,4.58013,17.4232,408.633
synthetic_1383000_1383000_avg10_std1.6_diagonal_0.05_n14,1383000,1383000,13138615,1383000,1383000,75061824,471.307,128,0.735242,5.74408,4.57467,26.1354,613.405
synthetic_1383000_1383000_avg10_std1.6_diagonal_0.005_n14,1383000,1383000,13138615,1383000,1383000,90210496,586.606,128,1.06418,8.31389,3.16064,21.7011,737.315
synthetic_1383000_1383000_avg10_std1.6_random_n14,1383000,1383000,13138615,1383000,1383000,414983936,3058.51,128,64.5699,504.452,0.0520906,1.64529,3458.02
synthetic_1383000_1383000_avg10_std2.5_diagonal_0.5_n14,1383000,1383000,13138637,1383000,1383000,53077152,303.978,128,0.734397,5.73748,4.57994,18.5019,433.981
synthetic_1383000_1383000_avg10_std2.5_diagonal_0.05_n14,1383000,1383000,13138637,1383000,1383000,72990496,455.541,128,0.735079,5.74281,4.57569,25.4198,596.523
synthetic_1383000_1383000_avg10_std2.5_diagonal_0.005_n14,1383000,1383000,13138637,1383000,1383000,90457952,588.488,128,1.12138,8.76076,2.99943,20.6507,739.337
synthetic_1383000_1383000_avg10_std2.5_random_n14,1383000,1383000,13138637,1383000,1383000,414746528,3056.69,128,64.5724,504.472,0.0520887,1.64428,3456.11
synthetic_1383000_1383000_avg10_std2.25_diagonal_0.5_n14,1383000,1383000,13138593,1383000,1383000,52290528,297.992,128,0.734419,5.73765,4.57978,18.2272,427.495
synthetic_1383000_1383000_avg10_std2.25_diagonal_0.05_n14,1383000,1383000,13138593,1383000,1383000,73381024,458.515,128,0.735398,5.7453,4.57368,25.5447,599.668
synthetic_1383000_1383000_avg10_std2.25_diagonal_0.005_n14,1383000,1383000,13138593,1383000,1383000,90315872,587.409,128,1.1054,8.63594,3.04277,20.9163,738.184
synthetic_1383000_1383000_avg10_std2.25_random_n14,1383000,1383000,13138593,1383000,1383000,414831232,3057.35,128,64.5691,504.446,0.0520911,1.6447,3456.79
synthetic_1635000_1635000_avg4_std8_diagonal_0.5_n14,1635000,1635000,10909712,1635000,1635000,57130464,423.666,128,0.868475,6.78496,3.21585,16.8403,467.172
synthetic_1635000_1635000_avg4_std8_diagonal_0.05_n14,1635000,1635000,10909712,1635000,1635000,67971008,523.032,128,0.869001,6.78907,3.2139,20.0236,555.613
synthetic_1635000_1635000_avg4_std8_diagonal_0.005_n14,1635000,1635000,10909712,1635000,1635000,84362656,673.28,128,1.31138,10.2452,2.12973,16.4688,689.971
synthetic_1635000_1635000_avg4_std8_random_n14,1635000,1635000,10909712,1635000,1635000,344745024,3059.98,128,89.2807,697.506,0.0312821,0.988508,2926.01
synthetic_1635000_1635000_avg4_std13_diagonal_0.5_n14,1635000,1635000,16948815,1635000,1635000,73004768,330.737,128,0.869046,6.78942,4.99271,21.5054,596.744
synthetic_1635000_1635000_avg4_std13_diagonal_0.05_n14,1635000,1635000,16948815,1635000,1635000,91682272,440.936,128,0.911162,7.11845,4.76194,25.759,749.238
synthetic_1635000_1635000_avg4_std13_diagonal_0.005_n14,1635000,1635000,16948815,1635000,1635000,117047840,590.596,128,1.8591,14.5242,2.33387,16.1176,957.203
synthetic_1635000_1635000_avg4_std13_random_n14,1635000,1635000,16948815,1635000,1635000,531673920,3036.94,128,0,0,0,0,4444.54
synthetic_1635000_1635000_avg10_std0.2_diagonal_0.5_n14,1635000,1635000,15532543,1635000,1635000,54821536,252.946,128,0.868479,6.78499,4.5785,16.1596,448.26
synthetic_1635000_1635000_avg10_std0.2_diagonal_0.05_n14,1635000,1635000,15532543,1635000,1635000,97627232,528.533,128,0.883173,6.89979,4.50232,28.2986,797.806
synthetic_1635000_1635000_avg10_std0.02_diagonal_0.5_n14,1635000,1635000,15532544,1635000,1635000,54821536,252.946,128,0.868288,6.7835,4.57951,16.1632,448.26
synthetic_1635000_1635000_avg10_std0.02_diagonal_0.05_n14,1635000,1635000,15532544,1635000,1635000,97627264,528.534,128,0.883371,6.90134,4.50132,28.2923,797.806
synthetic_1635000_1635000_avg10_std0.02_diagonal_0.005_n14,1635000,1635000,15532544,1635000,1635000,108874720,600.946,128,1.18863,9.28619,3.3453,23.4487,889.668
synthetic_1635000_1635000_avg10_std0.2_diagonal_0.005_n14,1635000,1635000,15532543,1635000,1635000,108874720,600.946,128,1.18852,9.28529,3.34562,23.451,889.668
synthetic_1635000_1635000_avg10_std0.2_random_n14,1635000,1635000,15532543,1635000,1635000,491719616,3065.74,128,0,0,0,0,4116.97
synthetic_1635000_1635000_avg10_std0.02_random_n14,1635000,1635000,15532544,1635000,1635000,491719648,3065.74,128,0,0,0,0,4116.97
synthetic_1635000_1635000_avg10_std0.84_diagonal_0.5_n14,1635000,1635000,15532510,1635000,1635000,55982176,260.419,128,0.868355,6.78403,4.57914,16.5041,457.746
synthetic_1635000_1635000_avg10_std0.84_diagonal_0.05_n14,1635000,1635000,15532510,1635000,1635000,93687936,503.173,128,0.870071,6.79743,4.57011,27.5657,765.628
synthetic_1635000_1635000_avg10_std0.84_diagonal_0.005_n14,1635000,1635000,15532510,1635000,1635000,107657248,593.109,128,1.20574,9.41982,3.29783,22.8576,879.936
synthetic_1635000_1635000_avg10_std0.84_random_n14,1635000,1635000,15532510,1635000,1635000,491679616,3065.49,128,0,0,0,0,4116.62
synthetic_1635000_1635000_avg10_std1.6_diagonal_0.5_n14,1635000,1635000,15531794,1635000,1635000,59084000,280.407,128,0.868632,6.78619,4.57747,17.413,483.062
synthetic_1635000_1635000_avg10_std1.6_diagonal_0.05_n14,1635000,1635000,15531794,1635000,1635000,88734304,471.307,128,0.869765,6.79504,4.57151,26.1174,725.138
synthetic_1635000_1635000_avg10_std1.6_diagonal_0.005_n14,1635000,1635000,15531794,1635000,1635000,106617248,586.445,128,1.25788,9.82721,3.16098,21.6984,871.412
synthetic_1635000_1635000_avg10_std1.6_random_n14,1635000,1635000,15531794,1635000,1635000,491540672,3064.74,128,0,0,0,0,4115.5
synthetic_1635000_1635000_avg10_std2.5_diagonal_0.5_n14,1635000,1635000,15531290,1635000,1635000,62738752,303.951,128,0.868569,6.7857,4.57766,18.4915,512.978
synthetic_1635000_1635000_avg10_std2.5_diagonal_0.05_n14,1635000,1635000,15531290,1635000,1635000,86281152,455.531,128,0.869676,6.79434,4.57183,25.3979,705.139
synthetic_1635000_1635000_avg10_std2.5_diagonal_0.005_n14,1635000,1635000,15531290,1635000,1635000,106927584,588.466,128,1.32575,10.3575,2.99905,20.6475,873.95
synthetic_1635000_1635000_avg10_std2.5_random_n14,1635000,1635000,15531290,1635000,1635000,491281984,3063.18,128,0,0,0,0,4113.42
synthetic_1635000_1635000_avg10_std2.25_diagonal_0.5_n14,1635000,1635000,15531372,1635000,1635000,61808224,297.957,128,0.868673,6.78651,4.57713,18.215,505.307
synthetic_1635000_1635000_avg10_std2.25_diagonal_0.05_n14,1635000,1635000,15531372,1635000,1635000,86748000,458.534,128,0.8696,6.79375,4.57226,25.5376,708.901
synthetic_1635000_1635000_avg10_std2.25_diagonal_0.005_n14,1635000,1635000,15531372,1635000,1635000,106751104,587.326,128,1.30718,10.2123,3.04169,20.9063,872.52
synthetic_1635000_1635000_avg10_std2.25_random_n14,1635000,1635000,15531372,1635000,1635000,491365216,3063.69,128,0,0,0,0,4114.08
synthetic_1635000_1635000_avg10_std8_diagonal_0.5_n14,1635000,1635000,16862961,1635000,1635000,72425024,329.492,128,0.869281,6.79126,4.96608,21.3289,591.988
synthetic_1635000_1635000_avg10_std8_diagonal_0.05_n14,1635000,1635000,16862961,1635000,1635000,91195072,440.801,128,0.884224,6.908,4.88215,26.4027,745.257
synthetic_1635000_1635000_avg10_std8_diagonal_0.005_n14,1635000,1635000,16862961,1635000,1635000,116440672,590.511,128,1.69925,13.2754,2.54048,17.5423,951.997
synthetic_1635000_1635000_avg10_std8_random_n14,1635000,1635000,16862961,1635000,1635000,530282528,3044.66,128,0,0,0,0,4433.29
synthetic_4690000_4690000_avg3.1_std0.64_diagonal_0.5_n14,4690000,4690000,12190547,4690000,4690000,150189504,1132.02,128,2.4857,19.4195,1.25549,15.4679,1227.71
synthetic_4690000_4690000_avg3.1_std0.64_random_n14,4690000,4690000,12190547,4690000,4690000,389765152,3097.27,128,0,0,0,0,3989.3
synthetic_4690000_4690000_avg3.1_std3_diagonal_0.005_n14,4690000,4690000,14448515,4690000,4690000,154972832,972.587,128,2.48599,19.4218,1.48787,15.9587,1267.23
synthetic_5155000_5155000_avg3.1_std2.25_diagonal_0.5_n14,5155000,5155000,14349429,5155000,5155000,141972672,889.396,128,2.73134,21.3386,1.34493,13.3066,1161.13
synthetic_5155000_5155000_avg3.1_std2.25_diagonal_0.05_n14,5155000,5155000,14349429,5155000,5155000,144714400,908.503,128,2.73134,21.3386,1.34493,13.5636,1183.49
synthetic_5155000_5155000_avg3.1_std2.25_diagonal_0.005_n14,5155000,5155000,14349429,5155000,5155000,166846016,1062.74,128,2.73203,21.344,1.34459,15.634,1364.25
synthetic_5155000_5155000_avg3.1_std2.25_random_n14,5155000,5155000,14349429,5155000,5155000,458542432,3095.54,128,0,0,0,0,4704.92
synthetic_5155000_5155000_avg3.1_std3_diagonal_0.5_n14,5155000,5155000,15880987,5155000,5155000,139856800,780.656,128,2.73116,21.3372,1.48857,13.1092,1144.01
synthetic_5155000_5155000_avg3.1_std3_diagonal_0.05_n14,5155000,5155000,15880987,5155000,5155000,145357440,815.292,128,2.73162,21.3408,1.48832,13.6225,1188.72
synthetic_5155000_5155000_avg3.1_std3_diagonal_0.005_n14,5155000,5155000,15880987,5155000,5155000,170324800,972.508,128,2.7324,21.3469,1.4879,15.9578,1392.77
synthetic_5155000_5155000_avg3.1_std3_random_n14,5155000,5155000,15880987,5155000,5155000,507317376,3094.5,128,0,0,0,0,5153.33
synthetic_5155000_5155000_avg4_std0.2_diagonal_0.5_n14,5155000,5155000,18040742,5155000,5155000,165310528,816.318,128,2.73194,21.3433,1.69053,15.4906,1351.47
synthetic_5155000_5155000_avg4_std0.2_diagonal_0.05_n14,5155000,5155000,18040742,5155000,5155000,168114208,831.859,128,2.73192,21.3431,1.69055,15.7535,1374.41
synthetic_5155000_5155000_avg4_std0.02_diagonal_0.5_n14,5155000,5155000,18040743,5155000,5155000,165310528,816.318,128,2.73181,21.3423,1.69061,15.4914,1351.47
synthetic_5155000_5155000_avg4_std0.02_diagonal_0.05_n14,5155000,5155000,18040743,5155000,5155000,168114208,831.859,128,2.73222,21.3455,1.69036,15.7518,1374.41
synthetic_5155000_5155000_avg4_std0.02_diagonal_0.005_n14,5155000,5155000,18040743,5155000,5155000,196330624,988.262,128,2.73232,21.3463,1.69029,18.3948,1604.99
synthetic_5155000_5155000_avg4_std0.2_diagonal_0.005_n14,5155000,5155000,18040742,5155000,5155000,196330624,988.262,128,2.73243,21.3471,1.69023,18.3941,1604.99
synthetic_5155000_5155000_avg4_std0.2_random_n14,5155000,5155000,18040742,5155000,5155000,576664416,3096.46,128,0,0,0,0,5766.19
synthetic_5155000_5155000_avg4_std0.02_random_n14,5155000,5155000,18040743,5155000,5155000,576664448,3096.46,128,0,0,0,0,5766.19
synthetic_5155000_5155000_avg4_std1.6_diagonal_0.5_n14,5155000,5155000,18079116,5155000,5155000,160427072,787.361,128,2.73219,21.3452,1.69397,15.0317,1312.02
synthetic_5155000_5155000_avg4_std1.6_diagonal_0.05_n14,5155000,5155000,18079116,5155000,5155000,163484128,804.271,128,2.73195,21.3433,1.69412,15.3195,1336.88
synthetic_5155000_5155000_avg4_std1.6_diagonal_0.005_n14,5155000,5155000,18079116,5155000,5155000,192977184,967.404,128,2.7326,21.3484,1.69372,18.0788,1577.62
synthetic_5155000_5155000_avg4_std1.6_random_n14,5155000,5155000,18079116,5155000,5155000,577720160,3095.51,128,0,0,0,0,5775.3
synthetic_5558000_5558000_avg3.1_std2.25_diagonal_0.005_n14,5558000,5558000,15471531,5558000,5558000,179903104,1062.8,128,2.94522,23.0095,1.34479,15.6373,1471.01
