synthetic_143035_143035_71449786_avg499.5266_std166.1713_random_bw31565.6672_skew1.5304_neigh0.963_cross0.7994_n14.mtx,143035,143035,71449786,143035,143036,197490528,176,128,1.88,14.7,9.71,26.8,1.61e+03
synthetic_143035_143035_71449786_avg499.5266_std166.1713_random_bw31647.9727_skew1.5304_neigh0.5315_cross0.7981_n14.mtx,143035,143035,71449786,143035,143036,242096192,239,128,2.27,17.7,8.07,27.3,1.98e+03
synthetic_143035_143035_71449786_avg499.5266_std166.1713_random_bw31672.1833_skew1.5304_neigh0.1067_cross0.799_n14.mtx,143035,143035,71449786,143035,143036,285387616,299,128,2.64,20.6,6.93,27.7,2.33e+03
synthetic_143035_143035_71449786_avg499.5266_std166.1713_random_bw39038.9643_skew1.5304_neigh0.515_cross0.4338_n14.mtx,143035,143035,71449786,143035,143036,249073312,249,128,2.32,18.2,7.87,27.4,2.03e+03
synthetic_143035_143035_71449786_avg499.5266_std166.1713_random_bw39062.7234_skew1.5304_neigh0.0771_cross0.4365_n14.mtx,143035,143035,71449786,143035,143036,294909184,313,128,2.72,21.2,6.73,27.8,2.41e+03
synthetic_143035_143035_71449786_avg499.5266_std166.1713_random_bw39074.9703_skew1.5304_neigh0.9562_cross0.4314_n14.mtx,143035,143035,71449786,143035,143036,202726528,184,128,1.93,15.1,9.49,26.9,1.66e+03
synthetic_143035_143035_71449786_avg499.5266_std166.1713_random_bw42461.0737_skew1.5304_neigh0.9565_cross0.065_n14.mtx,143035,143035,71449786,143035,143036,204393472,186,128,1.94,15.2,9.42,27,1.67e+03
synthetic_143035_143035_71449786_avg499.5266_std166.1713_random_bw42477.6886_skew1.5304_neigh0.514_cross0.0696_n14.mtx,143035,143035,71449786,143035,143036,250999840,251,128,2.34,18.3,7.81,27.4,2.05e+03
synthetic_143035_143035_71449786_avg499.5266_std166.1713_random_bw42491.2239_skew1.5304_neigh0.0746_cross0.0738_n14.mtx,143035,143035,71449786,143035,143036,297052480,316,128,2.74,21.4,6.69,27.8,2.43e+03
synthetic_143035_143035_71543578_avg500.1823_std194.0056_random_bw42909.4536_skew100.9588_neigh0.0751_cross0.082_n14.mtx,143035,143035,71543578,143035,143036,297834848,316,128,2.74,21.4,6.68,27.8,2.43e+03
synthetic_143035_143035_71660035_avg500.9965_std376.8763_random_bw7162.3598_skew284.501_neigh0.9951_cross0.5626_n14.mtx,143035,143035,71660035,143035,143036,179741600,151,128,1.61,12.6,11.4,28.6,1.47e+03
synthetic_143035_143035_71660035_avg500.9965_std376.8763_random_bw7162.4028_skew284.501_neigh0.9951_cross0.1814_n14.mtx,143035,143035,71660035,143035,143036,179742496,151,128,1.61,12.6,11.4,28.6,1.47e+03
synthetic_143035_143035_71660035_avg500.9965_std376.8763_random_bw7162.6292_skew284.501_neigh0.9956_cross0.9479_n14.mtx,143035,143035,71660035,143035,143036,179633568,151,128,1.61,12.6,11.4,28.6,1.47e+03
synthetic_143035_143035_71660035_avg500.9965_std376.8763_random_bw7166.1216_skew284.501_neigh0.5833_cross0.9508_n14.mtx,143035,143035,71660035,143035,143036,220201568,207,128,1.96,15.3,9.38,28.8,1.8e+03
synthetic_143035_143035_71660035_avg500.9965_std376.8763_random_bw7166.7705_skew284.501_neigh0.5837_cross0.5786_n14.mtx,143035,143035,71660035,143035,143036,220071584,207,128,1.95,15.3,9.39,28.8,1.8e+03
synthetic_143035_143035_71660035_avg500.9965_std376.8763_random_bw7166.9887_skew284.501_neigh0.5836_cross0.2065_n14.mtx,143035,143035,71660035,143035,143036,220079584,207,128,1.95,15.3,9.39,28.8,1.8e+03
synthetic_445906_445906_44578647_avg99.9732_std33.3702_random_bw121144.5797_skew1.5607_neigh0.9371_cross0.4211_n14.mtx,445906,445906,44578647,445906,445908,351336576,688,128,4.85,37.9,2.36,18.6,2.87e+03
synthetic_445906_445906_44578647_avg99.9732_std33.3702_random_bw121231.5536_skew1.5607_neigh0.4944_cross0.4212_n14.mtx,445906,445906,44578647,445906,445908,390979296,777,128,5.17,40.4,2.21,19.4,3.19e+03
synthetic_445906_445906_44578647_avg99.9732_std33.3702_random_bw121317.8647_skew1.5607_neigh0.0511_cross0.4208_n14.mtx,445906,445906,44578647,445906,445908,413515104,828,128,5.35,41.8,2.13,19.8,3.38e+03
synthetic_445906_445906_44578647_avg99.9732_std33.3702_random_bw131728.5789_skew1.5607_neigh0.9406_cross0.0436_n14.mtx,445906,445906,44578647,445906,445908,369776320,729,128,5.01,39.1,2.28,18.9,3.02e+03
synthetic_445906_445906_44578647_avg99.9732_std33.3702_random_bw131924.3085_skew1.5607_neigh0.4959_cross0.0438_n14.mtx,445906,445906,44578647,445906,445908,416257472,834,128,5.39,42.1,2.12,19.8,3.4e+03
synthetic_445906_445906_44578647_avg99.9732_std33.3702_random_bw132060.9055_skew1.5607_neigh0.0511_cross0.0443_n14.mtx,445906,445906,44578647,445906,445908,442235936,892,128,5.6,43.7,2.04,20.2,3.61e+03
synthetic_445906_445906_44578647_avg99.9732_std33.3702_random_bw16266.477_skew1.5607_neigh0.9286_cross0.7988_n14.mtx,445906,445906,44578647,445906,445908,145351232,226,128,1.56,12.2,7.33,23.9,1.19e+03
synthetic_445906_445906_44578647_avg99.9732_std33.3702_random_bw16268.0102_skew1.5607_neigh0.4975_cross0.7983_n14.mtx,445906,445906,44578647,445906,445908,173604064,289,128,1.8,14,6.35,24.7,1.42e+03
synthetic_445906_445906_44578647_avg99.9732_std33.3702_random_bw16279.9832_skew1.5607_neigh0.0703_cross0.7975_n14.mtx,445906,445906,44578647,445906,445908,201357856,352,128,2.03,15.9,5.62,25.4,1.64e+03
synthetic_445906_445906_44578647_avg99.9732_std33.3702_random_bw20196.8002_skew1.5607_neigh0.9401_cross0.4245_n14.mtx,445906,445906,44578647,445906,445908,150009760,237,128,1.6,12.5,7.15,24,1.23e+03
synthetic_445906_445906_44578647_avg99.9732_std33.3702_random_bw20214.9915_skew1.5607_neigh0.0597_cross0.4258_n14.mtx,445906,445906,44578647,445906,445908,208248704,367,128,2.09,16.3,5.46,25.5,1.7e+03
synthetic_445906_445906_44578647_avg99.9732_std33.3702_random_bw20219.6167_skew1.5607_neigh0.4993_cross0.4232_n14.mtx,445906,445906,44578647,445906,445908,179207776,302,128,1.84,14.4,6.19,24.9,1.46e+03
synthetic_445906_445906_44578647_avg99.9732_std33.3702_random_bw21958.176_skew1.5607_neigh0.9432_cross0.0507_n14.mtx,445906,445906,44578647,445906,445908,152259328,242,128,1.62,12.6,7.06,24.1,1.24e+03
synthetic_445906_445906_44578647_avg99.9732_std33.3702_random_bw21985.3214_skew1.5607_neigh0.5006_cross0.0526_n14.mtx,445906,445906,44578647,445906,445908,181629472,307,128,1.86,14.6,6.12,24.9,1.48e+03
synthetic_445906_445906_44578647_avg99.9732_std33.3702_random_bw22010.7511_skew1.5607_neigh0.0588_cross0.0547_n14.mtx,445906,445906,44578647,445906,445908,210930208,373,128,2.11,16.5,5.4,25.5,1.72e+03
synthetic_445906_445906_44578647_avg99.9732_std33.3702_random_bw97472.6945_skew1.5607_neigh0.9222_cross0.7986_n14.mtx,445906,445906,44578647,445906,445908,287403648,545,128,4.28,33.5,2.66,17.2,2.35e+03
synthetic_445906_445906_44578647_avg99.9732_std33.3702_random_bw97482.6941_skew1.5607_neigh0.4866_cross0.7978_n14.mtx,445906,445906,44578647,445906,445908,324451712,628,128,4.59,35.8,2.49,18.1,2.65e+03
synthetic_445906_445906_44578647_avg99.9732_std33.3702_random_bw97633.6658_skew1.5607_neigh0.0518_cross0.7968_n14.mtx,445906,445906,44578647,445906,445908,353996928,694,128,4.83,37.7,2.36,18.8,2.89e+03
synthetic_445906_445906_44648554_avg100.13_std35.0625_random_bw131931.3771_skew100.8676_neigh0.0506_cross0.9404_n14.mtx,445906,445906,44648554,445906,445908,450845088,910,128,5.6,43.7,2.04,20.6,3.68e+03
synthetic_445906_445906_44648554_avg100.13_std35.0625_random_bw131969.5338_skew100.8676_neigh0.4896_cross0.9409_n14.mtx,445906,445906,44648554,445906,445908,428821120,860,128,5.39,42.1,2.12,20.4,3.5e+03
synthetic_445906_445906_44648554_avg100.13_std35.0625_random_bw133640.5797_skew100.8676_neigh0.4955_cross0.4955_n14.mtx,445906,445906,44648554,445906,445908,433055456,870,128,5.52,43.2,2.07,20.1,3.54e+03
synthetic_445906_445906_44648554_avg100.13_std35.0625_random_bw133643.8522_skew100.8676_neigh0.0511_cross0.4956_n14.mtx,445906,445906,44648554,445906,445908,456925280,923,128,5.72,44.7,2,20.4,3.73e+03
synthetic_445906_445906_44648554_avg100.13_std35.0625_random_bw133751.1888_skew100.8676_neigh0.0511_cross0.0518_n14.mtx,445906,445906,44648554,445906,445908,457307616,924,128,5.73,44.7,2,20.4,3.74e+03
synthetic_445906_445906_44648554_avg100.13_std35.0625_random_bw133761.4827_skew100.8676_neigh0.496_cross0.0513_n14.mtx,445906,445906,44648554,445906,445908,433286240,870,128,5.53,43.2,2.07,20,3.54e+03
synthetic_445906_445906_44648554_avg100.13_std35.0625_random_bw22291.5574_skew100.8676_neigh0.0589_cross0.062_n14.mtx,445906,445906,44648554,445906,445908,211630208,374,128,2.12,16.6,5.39,25.6,1.73e+03
synthetic_445906_445906_45036406_avg100.9998_std667.6114_random_bw22289.0034_skew4413.9207_neigh0.954_cross0.4989_n14.mtx,445906,445906,45036406,445906,445908,153133696,240,128,1.73,13.5,6.68,22.7,1.25e+03
synthetic_445906_445906_45036406_avg100.9998_std667.6114_random_bw22290.219_skew4413.9207_neigh0.9543_cross0.9415_n14.mtx,445906,445906,45036406,445906,445908,153069856,240,128,1.72,13.5,6.7,22.8,1.25e+03
synthetic_445906_445906_45036406_avg100.9998_std667.6114_random_bw22293.2605_skew4413.9207_neigh0.9535_cross0.0577_n14.mtx,445906,445906,45036406,445906,445908,153165952,240,128,1.73,13.5,6.68,22.7,1.25e+03
synthetic_713275_713275_71340909_avg100.0188_std33.2648_random_bw25865.1355_skew1.8095_neigh0.9256_cross0.8019_n14.mtx,713275,713275,71340909,713275,713276,258626880,263,128,3.01,23.5,6.07,22,2.11e+03
synthetic_713275_713275_71340909_avg100.0188_std33.2648_random_bw25882.4886_skew1.8095_neigh0.493_cross0.8012_n14.mtx,713275,713275,71340909,713275,713276,302490848,324,128,3.38,26.4,5.41,22.9,2.47e+03
synthetic_713275_713275_71340909_avg100.0188_std33.2648_random_bw25895.5025_skew1.8095_neigh0.0624_cross0.8003_n14.mtx,713275,713275,71340909,713275,713276,347319776,387,128,3.76,29.3,4.86,23.7,2.84e+03
synthetic_713275_713275_71340909_avg100.0188_std33.2648_random_bw32255.4454_skew1.8095_neigh0.939_cross0.4259_n14.mtx,713275,713275,71340908,713275,713276,270949376,280,128,3.11,24.3,5.87,22.3,2.21e+03
synthetic_713275_713275_71340909_avg100.0188_std33.2648_random_bw32306.1343_skew1.8095_neigh0.497_cross0.4258_n14.mtx,713275,713275,71340909,713275,713276,314937472,341,128,3.48,27.2,5.24,23.1,2.57e+03
synthetic_713275_713275_71340909_avg100.0188_std33.2648_random_bw32330.1341_skew1.8095_neigh0.0558_cross0.4253_n14.mtx,713275,713275,71340908,713275,713276,362039072,407,128,3.88,30.3,4.7,23.9,2.96e+03
synthetic_713275_713275_71340909_avg100.0188_std33.2648_random_bw35103.6713_skew1.8095_neigh0.9423_cross0.0475_n14.mtx,713275,713275,71340908,713275,713276,277818208,289,128,3.17,24.8,5.76,22.4,2.27e+03
synthetic_713275_713275_71340909_avg100.0188_std33.2648_random_bw35175.5905_skew1.8095_neigh0.4986_cross0.0485_n14.mtx,713275,713275,71340909,713275,713276,320397472,349,128,3.53,27.6,5.17,23.2,2.62e+03
synthetic_713275_713275_71340909_avg100.0188_std33.2648_random_bw35199.8931_skew1.8095_neigh0.0553_cross0.0498_n14.mtx,713275,713275,71340909,713275,713276,367937088,416,128,3.93,30.7,4.64,24,3.01e+03
synthetic_713275_713275_71417698_avg100.1265_std34.4108_random_bw35129.261_skew100.8712_neigh0.055_cross0.9443_n14.mtx,713275,713275,71417698,713275,713276,371660160,420,128,3.96,30.9,4.62,24.1,3.04e+03
synthetic_713275_713275_71417698_avg100.1265_std34.4108_random_bw35628.3665_skew100.8712_neigh0.0554_cross0.5009_n14.mtx,713275,713275,71417698,713275,713276,372151968,421,128,3.97,31,4.61,24,3.04e+03
synthetic_713275_713275_71417698_avg100.1265_std34.4108_random_bw35631.8066_skew100.8712_neigh0.4986_cross0.4991_n14.mtx,713275,713275,71417698,713275,713276,320309536,349,128,3.53,27.6,5.18,23.2,2.62e+03
synthetic_713275_713275_71417698_avg100.1265_std34.4108_random_bw35657.2778_skew100.8712_neigh0.0554_cross0.0572_n14.mtx,713275,713275,71417698,713275,713276,372245216,421,128,3.97,31,4.61,24,3.04e+03
synthetic_713275_713275_71417698_avg100.1265_std34.4108_random_bw35662.718_skew100.8712_neigh0.4988_cross0.0559_n14.mtx,713275,713275,71417698,713275,713276,320291296,348,128,3.53,27.6,5.18,23.2,2.62e+03
synthetic_888859_888859_44943000_avg50.5626_std530.3917_random_bw44336.092_skew9889.7146_neigh0.9428_cross0.9457_n14.mtx,888859,888859,44943000,888859,888860,307905216,585,128,3.94,30.8,2.92,20,2.52e+03
synthetic_888859_888859_44943000_avg50.5626_std530.3917_random_bw44354.6912_skew9889.7146_neigh0.9435_cross0.4986_n14.mtx,888859,888859,44943000,888859,888860,307920576,585,128,4.01,31.3,2.87,19.7,2.52e+03
synthetic_888859_888859_44943000_avg50.5626_std530.3917_random_bw44354.9236_skew9889.7146_neigh0.9436_cross0.0522_n14.mtx,888859,888859,44943000,888859,888860,307981088,585,128,4.02,31.4,2.86,19.6,2.52e+03
synthetic_888859_888859_44943000_avg50.5626_std530.3917_random_bw44411.6317_skew9889.7146_neigh0.508_cross0.4989_n14.mtx,888859,888859,44943000,888859,888860,329087648,632,128,4.17,32.6,2.76,20.2,2.69e+03
synthetic_888859_888859_44943000_avg50.5626_std530.3917_random_bw44414.4254_skew9889.7146_neigh0.508_cross0.0525_n14.mtx,888859,888859,44943000,888859,888860,329024800,632,128,4.17,32.6,2.76,20.2,2.69e+03
synthetic_888859_888859_44943000_avg50.5626_std530.3917_random_bw44428.1596_skew9889.7146_neigh0.5074_cross0.9461_n14.mtx,888859,888859,44943000,888859,888860,328957152,632,128,4.11,32.1,2.8,20.5,2.69e+03
synthetic_888859_888859_44943000_avg50.5626_std530.3917_random_bw44447.0822_skew9889.7146_neigh0.0729_cross0.9454_n14.mtx,888859,888859,44943000,888859,888860,339162912,655,128,4.2,32.8,2.74,20.7,2.77e+03
synthetic_89418_89418_44642063_avg499.2514_std165.8736_random_bw19792.9439_skew1.5058_neigh0.9739_cross0.7989_n14.mtx,89418,89418,44642063,89418,89420,118433664,165,128,1.09,8.53,10.5,27.8,967
synthetic_89418_89418_44642063_avg499.2514_std165.8736_random_bw19793.8844_skew1.5058_neigh0.5518_cross0.7993_n14.mtx,89418,89418,44642063,89418,89420,145074304,225,128,1.32,10.3,8.66,28.1,1.18e+03
synthetic_89418_89418_44642063_avg499.2514_std165.8736_random_bw19804.1753_skew1.5058_neigh0.1391_cross0.7996_n14.mtx,89418,89418,44642063,89418,89420,170569280,282,128,1.54,12,7.42,28.4,1.39e+03
synthetic_89418_89418_44642063_avg499.2514_std165.8736_random_bw24407.8923_skew1.5058_neigh0.0933_cross0.4467_n14.mtx,89418,89418,44642063,89418,89420,177588320,298,128,1.6,12.5,7.15,28.4,1.45e+03
synthetic_89418_89418_44642063_avg499.2514_std165.8736_random_bw24411.8822_skew1.5058_neigh0.9619_cross0.4372_n14.mtx,89418,89418,44642063,89418,89420,121386688,172,128,1.12,8.72,10.2,27.8,991
synthetic_89418_89418_44642063_avg499.2514_std165.8736_random_bw24437.5645_skew1.5058_neigh0.5254_cross0.4399_n14.mtx,89418,89418,44642063,89418,89420,149783392,236,128,1.36,10.6,8.4,28.2,1.22e+03
synthetic_89418_89418_44642063_avg499.2514_std165.8736_random_bw26547.9617_skew1.5058_neigh0.9614_cross0.0772_n14.mtx,89418,89418,44642063,89418,89420,122121216,174,128,1.12,8.77,10.2,27.9,997
synthetic_89418_89418_44642063_avg499.2514_std165.8736_random_bw26564.0812_skew1.5058_neigh0.5231_cross0.0854_n14.mtx,89418,89418,44642063,89418,89420,150708576,238,128,1.37,10.7,8.36,28.2,1.23e+03
synthetic_89418_89418_44642063_avg499.2514_std165.8736_random_bw26570.1019_skew1.5058_neigh0.0893_cross0.0926_n14.mtx,89418,89418,44642063,89418,89420,178737440,300,128,1.61,12.6,7.11,28.5,1.46e+03
synthetic_89418_89418_44735942_avg500.3013_std210.7955_random_bw26336.0037_skew100.9346_neigh0.0914_cross0.9437_n14.mtx,89418,89418,44735942,89418,89420,179319360,301,128,1.62,12.6,7.08,28.4,1.46e+03
synthetic_89418_89418_44735942_avg500.3013_std210.7955_random_bw26350.752_skew100.9346_neigh0.5204_cross0.9419_n14.mtx,89418,89418,44735942,89418,89420,151444352,239,128,1.38,10.8,8.31,28.1,1.24e+03
synthetic_89418_89418_44735942_avg500.3013_std210.7955_random_bw26351.7013_skew100.9346_neigh0.9533_cross0.9423_n14.mtx,89418,89418,44735942,89418,89420,123076384,175,128,1.14,8.87,10.1,27.7,1.01e+03
synthetic_89418_89418_44735942_avg500.3013_std210.7955_random_bw26794.2764_skew100.9346_neigh0.5237_cross0.5194_n14.mtx,89418,89418,44735942,89418,89420,151229440,238,128,1.38,10.8,8.32,28.1,1.24e+03
synthetic_89418_89418_44735942_avg500.3013_std210.7955_random_bw26794.3162_skew100.9346_neigh0.0897_cross0.521_n14.mtx,89418,89418,44735942,89418,89420,179452224,301,128,1.62,12.7,7.07,28.4,1.47e+03
synthetic_89418_89418_44735942_avg500.3013_std210.7955_random_bw26796.7918_skew100.9346_neigh0.9617_cross0.5131_n14.mtx,89418,89418,44735942,89418,89420,122567136,174,128,1.13,8.84,10.1,27.7,1e+03
synthetic_89418_89418_44735942_avg500.3013_std210.7955_random_bw26825.5897_skew100.9346_neigh0.5238_cross0.0929_n14.mtx,89418,89418,44735942,89418,89420,151244032,238,128,1.38,10.8,8.32,28.1,1.24e+03
synthetic_89418_89418_44735942_avg500.3013_std210.7955_random_bw26825.9253_skew100.9346_neigh0.0898_cross0.1016_n14.mtx,89418,89418,44735942,89418,89420,179432224,301,128,1.62,12.6,7.08,28.4,1.47e+03
synthetic_89418_89418_44735942_avg500.3013_std210.7955_random_bw26826.516_skew100.9346_neigh0.9623_cross0.0853_n14.mtx,89418,89418,44735942,89418,89420,122504768,174,128,1.13,8.83,10.1,27.7,1e+03
synthetic_89418_89418_44797918_avg500.9944_std297.3547_random_bw4487.5656_skew177.481_neigh1.0238_cross0.9527_n14.mtx,89418,89418,44797918,89418,89420,109079424,143,128,0.971,7.58,11.8,28.8,891
synthetic_89418_89418_44797918_avg500.9944_std297.3547_random_bw4487.8144_skew177.481_neigh1.0227_cross0.2548_n14.mtx,89418,89418,44797918,89418,89420,109064224,143,128,0.97,7.58,11.8,28.8,891
synthetic_89418_89418_44797918_avg500.9944_std297.3547_random_bw4487.8479_skew177.481_neigh1.0229_cross0.6034_n14.mtx,89418,89418,44797918,89418,89420,109064000,143,128,0.97,7.58,11.8,28.8,891
synthetic_89418_89418_44797918_avg500.9944_std297.3547_random_bw4499.6716_skew177.481_neigh0.6342_cross0.9559_n14.mtx,89418,89418,44797918,89418,89420,131480960,193,128,1.16,9.08,9.87,29,1.07e+03
synthetic_89418_89418_44797918_avg500.9944_std297.3547_random_bw4500.1352_skew177.481_neigh0.6331_cross0.2929_n14.mtx,89418,89418,44797918,89418,89420,131567296,194,128,1.16,9.09,9.85,28.9,1.07e+03
synthetic_89418_89418_44797918_avg500.9944_std297.3547_random_bw4500.2796_skew177.481_neigh0.6328_cross0.6246_n14.mtx,89418,89418,44797918,89418,89420,131592672,194,128,1.16,9.09,9.85,28.9,1.07e+03
synthetic_89418_89418_44797918_avg500.9944_std297.3547_random_bw4518.0143_skew177.481_neigh0.2629_cross0.9572_n14.mtx,89418,89418,44797918,89418,89420,152027360,239,128,1.34,10.5,8.57,29.1,1.24e+03
synthetic_89418_89418_44797918_avg500.9944_std297.3547_random_bw4518.3941_skew177.481_neigh0.2634_cross0.6427_n14.mtx,89418,89418,44797918,89418,89420,151895648,239,128,1.34,10.5,8.57,29.1,1.24e+03
synthetic_89418_89418_44797918_avg500.9944_std297.3547_random_bw4518.5521_skew177.481_neigh0.2634_cross0.3271_n14.mtx,89418,89418,44797918,89418,89420,151888960,239,128,1.34,10.5,8.57,29.1,1.24e+03
synthetic_980644_980644_98074618_avg100.0104_std33.3056_random_bw35536.4646_skew1.5097_neigh0.4905_cross0.8019_n14.mtx,980644,980644,98074618,980644,980644,457959392,367,128,5.39,42.1,4.66,21.7,3.74e+03
synthetic_980644_980644_98074618_avg100.0104_std33.3056_random_bw44413.8702_skew1.5097_neigh0.4961_cross0.4245_n14.mtx,980644,980644,98074618,980644,980644,483698464,393,128,5.61,43.9,4.47,22.1,3.95e+03
synthetic_980644_980644_98074618_avg100.0104_std33.3056_random_bw48256.6772_skew1.5097_neigh0.9417_cross0.0461_n14.mtx,980644,980644,98074618,980644,980644,442568704,351,128,5.28,41.2,4.76,21.5,3.62e+03
synthetic_980644_980644_98074618_avg100.0104_std33.3056_random_bw48356.5952_skew1.5097_neigh0.4977_cross0.0472_n14.mtx,980644,980644,98074618,980644,980644,499409888,409,128,5.75,44.9,4.37,22.2,4.08e+03
synthetic_143035_143035_71543578_avg500.1823_std194.0056_random_bw42129.8438_skew100.9588_neigh0.077_cross0.9424_n14.mtx,143035,143035,71543578,143035,143036,297510912,316,128,2.74,21.4,6.69,27.8,2.43e+03
synthetic_143035_143035_71543578_avg500.1823_std194.0056_random_bw42860.0493_skew100.9588_neigh0.0755_cross0.512_n14.mtx,143035,143035,71543578,143035,143036,297768064,316,128,2.74,21.4,6.68,27.8,2.43e+03
synthetic_143035_143035_71543578_avg500.1823_std194.0056_random_bw42860.8947_skew100.9588_neigh0.5146_cross0.5094_n14.mtx,143035,143035,71543578,143035,143036,251587392,252,128,2.35,18.3,7.81,27.5,2.05e+03
synthetic_143035_143035_71543578_avg500.1823_std194.0056_random_bw42910.4206_skew100.9588_neigh0.5148_cross0.0767_n14.mtx,143035,143035,71543578,143035,143036,251612832,252,128,2.35,18.3,7.81,27.5,2.05e+03
synthetic_445906_445906_44648554_avg100.13_std35.0625_random_bw132001.7681_skew100.8676_neigh0.9282_cross0.9406_n14.mtx,445906,445906,44648554,445906,445908,384305984,761,128,4.99,39,2.29,19.7,3.14e+03
synthetic_445906_445906_44648554_avg100.13_std35.0625_random_bw133590.6082_skew100.8676_neigh0.9401_cross0.4966_n14.mtx,445906,445906,44648554,445906,445908,384963232,762,128,5.13,40.1,2.23,19.2,3.15e+03
synthetic_445906_445906_44648554_avg100.13_std35.0625_random_bw133710.2282_skew100.8676_neigh0.9408_cross0.0511_n14.mtx,445906,445906,44648554,445906,445908,385030336,762,128,5.14,40.1,2.22,19.2,3.15e+03
synthetic_445906_445906_44690704_avg100.2245_std149.9036_random_bw133758.52_skew998.7556_neigh0.0541_cross0.0514_n14.mtx,445906,445906,44690704,445906,445908,457133056,923,128,5.73,44.7,2,20.4,3.74e+03
synthetic_445906_445906_44690704_avg100.2245_std149.9036_random_bw133768.2095_skew998.7556_neigh0.0541_cross0.4962_n14.mtx,445906,445906,44690704,445906,445908,457189792,923,128,5.72,44.7,2,20.5,3.74e+03
synthetic_713275_713275_71417698_avg100.1265_std34.4108_random_bw35157.0867_skew100.8712_neigh0.4921_cross0.9438_n14.mtx,713275,713275,71417698,713275,713276,321196800,350,128,3.52,27.5,5.19,23.3,2.62e+03
synthetic_713275_713275_71417698_avg100.1265_std34.4108_random_bw35161.8514_skew100.8712_neigh0.9283_cross0.9445_n14.mtx,713275,713275,71417698,713275,713276,273366720,283,128,3.12,24.4,5.86,22.4,2.23e+03
synthetic_713275_713275_71417698_avg100.1265_std34.4108_random_bw35624.2756_skew100.8712_neigh0.9417_cross0.5007_n14.mtx,713275,713275,71417698,713275,713276,273570880,283,128,3.14,24.5,5.83,22.3,2.23e+03
synthetic_713275_713275_71417698_avg100.1265_std34.4108_random_bw35651.1543_skew100.8712_neigh0.9425_cross0.0549_n14.mtx,713275,713275,71417697,713275,713276,273696096,283,128,3.14,24.5,5.83,22.3,2.24e+03
synthetic_89418_89418_44797906_avg500.9943_std297.3547_random_bw26822.5494_skew177.4811_neigh0.523_cross0.9438_n14.mtx,89418,89418,44797906,89418,89420,151584000,238,128,1.39,10.9,8.25,27.9,1.24e+03
synthetic_89418_89418_44797906_avg500.9943_std297.3547_random_bw26826.7999_skew177.4811_neigh0.5233_cross0.5201_n14.mtx,89418,89418,44797906,89418,89420,151453952,238,128,1.39,10.8,8.26,27.9,1.24e+03
synthetic_89418_89418_44797906_avg500.9943_std297.3547_random_bw26827.6197_skew177.4811_neigh0.0887_cross0.9428_n14.mtx,89418,89418,44797906,89418,89420,179844192,301,128,1.63,12.7,7.03,28.2,1.47e+03
synthetic_89418_89418_44797906_avg500.9943_std297.3547_random_bw26827.648_skew177.4811_neigh0.0892_cross0.5231_n14.mtx,89418,89418,44797906,89418,89420,179718016,301,128,1.63,12.7,7.03,28.2,1.47e+03
synthetic_89418_89418_44797906_avg500.9943_std297.3547_random_bw26828.1073_skew177.4811_neigh0.5234_cross0.0941_n14.mtx,89418,89418,44797906,89418,89420,151464064,238,128,1.39,10.8,8.26,27.9,1.24e+03
synthetic_89418_89418_44797906_avg500.9943_std297.3547_random_bw26828.9633_skew177.4811_neigh0.089_cross0.1008_n14.mtx,89418,89418,44797906,89418,89420,179732288,301,128,1.63,12.7,7.03,28.2,1.47e+03
synthetic_89418_89418_44797906_avg500.9943_std297.3547_random_bw26829.2965_skew177.4811_neigh0.9622_cross0.0847_n14.mtx,89418,89418,44797906,89418,89420,122690368,174,128,1.14,8.92,10,27.5,1e+03
synthetic_980644_980644_98074618_avg100.0104_std33.3056_random_bw35489.3101_skew1.5097_neigh0.9234_cross0.8031_n14.mtx,980644,980644,98074618,980644,980644,396357664,304,128,4.88,38.1,5.15,20.8,3.24e+03
synthetic_980644_980644_98074618_avg100.0104_std33.3056_random_bw44351.0927_skew1.5097_neigh0.9384_cross0.4248_n14.mtx,980644,980644,98074618,980644,980644,424501024,333,128,5.12,40,4.9,21.2,3.47e+03
synthetic_196651_196651_98269043_avg499.7129_std166.4375_random_bw53675.965_skew1.5295_neigh0.5106_cross0.43_n14.mtx,196651,196651,98269043,196651,196652,353937856,260,128,3.39,26.5,7.41,26.7,2.89e+03
synthetic_196651_196651_98269043_avg499.7129_std166.4375_random_bw43453.7543_skew1.5295_neigh0.5223_cross0.7979_n14.mtx,196651,196651,98269043,196651,196652,343760992,250,128,3.31,25.8,7.61,26.6,2.81e+03
synthetic_196651_196651_98269043_avg499.7129_std166.4375_random_bw53690.436_skew1.5295_neigh0.0697_cross0.432_n14.mtx,196651,196651,98269043,196651,196652,417716960,325,128,3.94,30.8,6.39,27.1,3.41e+03
synthetic_196651_196651_98269043_avg499.7129_std166.4375_random_bw58376.4167_skew1.5295_neigh0.9541_cross0.0585_n14.mtx,196651,196651,98269043,196651,196652,292639200,198,128,2.87,22.4,8.78,26.1,2.39e+03
synthetic_196651_196651_98269043_avg499.7129_std166.4375_random_bw58397.8668_skew1.5295_neigh0.5099_cross0.0617_n14.mtx,196651,196651,98269043,196651,196652,357316544,264,128,3.42,26.7,7.35,26.7,2.92e+03
synthetic_196651_196651_98269043_avg499.7129_std166.4375_random_bw58414.8771_skew1.5295_neigh0.0679_cross0.066_n14.mtx,196651,196651,98269043,196651,196652,421403040,329,128,3.97,31,6.34,27.2,3.44e+03
synthetic_196651_196651_98269043_avg499.7129_std166.4375_random_bw8961.125_skew1.5295_neigh0.1683_cross0.4903_n14.mtx,196651,196651,98269043,196651,196652,359954112,266,128,3.15,24.6,7.99,29.3,2.94e+03
synthetic_196651_196651_98269043_avg499.7129_std166.4375_random_bw9746.8878_skew1.5295_neigh0.1574_cross0.176_n14.mtx,196651,196651,98269043,196651,196652,363450080,270,128,3.18,24.8,7.91,29.3,2.97e+03
synthetic_196651_196651_98521614_avg500.9973_std442.3249_random_bw9839.5141_skew391.5191_neigh0.5619_cross0.948_n14.mtx,196651,196651,98521614,196651,196652,311373984,216,128,2.78,21.7,9.08,28.7,2.54e+03
synthetic_196651_196651_98521614_avg500.9973_std442.3249_random_bw9839.517_skew391.5191_neigh0.9821_cross0.9464_n14.mtx,196651,196651,98521614,196651,196652,253132256,157,128,2.28,17.8,11.1,28.4,2.07e+03
synthetic_196651_196651_98521614_avg500.9973_std442.3249_random_bw9839.6604_skew391.5191_neigh0.9826_cross0.5445_n14.mtx,196651,196651,98521614,196651,196652,253163872,157,128,2.28,17.8,11.1,28.4,2.07e+03
synthetic_196651_196651_98521614_avg500.9973_std442.3249_random_bw9839.9942_skew391.5191_neigh0.9826_cross0.1461_n14.mtx,196651,196651,98521614,196651,196652,253159968,157,128,2.28,17.8,11.1,28.4,2.07e+03
synthetic_196651_196651_98521614_avg500.9973_std442.3249_random_bw9840.4291_skew391.5191_neigh0.5612_cross0.5559_n14.mtx,196651,196651,98521614,196651,196652,311406720,216,128,2.78,21.7,9.08,28.7,2.54e+03
synthetic_196651_196651_98521614_avg500.9973_std442.3249_random_bw9840.6024_skew391.5191_neigh0.5611_cross0.166_n14.mtx,196651,196651,98521614,196651,196652,311437632,216,128,2.78,21.7,9.08,28.7,2.54e+03
synthetic_196651_196651_98521651_avg500.9975_std442.3249_random_bw9839.5429_skew391.519_neigh0.9821_cross0.9464_n14.mtx,196651,196651,98521651,196651,196652,253125024,157,128,2.28,17.8,11.1,28.4,2.07e+03
synthetic_196651_196651_98521651_avg500.9975_std442.3249_random_bw9839.5833_skew391.519_neigh0.5619_cross0.948_n14.mtx,196651,196651,98521651,196651,196652,311376384,216,128,2.78,21.7,9.08,28.7,2.54e+03
synthetic_196651_196651_98521651_avg500.9975_std442.3249_random_bw9839.6993_skew391.519_neigh0.9826_cross0.5445_n14.mtx,196651,196651,98521651,196651,196652,253162432,157,128,2.28,17.8,11.1,28.5,2.07e+03
synthetic_196651_196651_98521651_avg500.9975_std442.3249_random_bw9839.9911_skew391.519_neigh0.9826_cross0.1461_n14.mtx,196651,196651,98521651,196651,196652,253159584,157,128,2.28,17.8,11.1,28.4,2.07e+03
synthetic_196651_196651_98521651_avg500.9975_std442.3249_random_bw9840.4395_skew391.519_neigh0.5612_cross0.5559_n14.mtx,196651,196651,98521651,196651,196652,311404320,216,128,2.78,21.7,9.08,28.7,2.54e+03
synthetic_196651_196651_98521651_avg500.9975_std442.3249_random_bw9840.6013_skew391.519_neigh0.5611_cross0.166_n14.mtx,196651,196651,98521651,196651,196652,311438048,216,128,2.78,21.7,9.08,28.7,2.54e+03
synthetic_196651_196651_98521651_avg500.9975_std442.3249_random_bw9842.3241_skew391.519_neigh0.1502_cross0.9481_n14.mtx,196651,196651,98521651,196651,196652,366927712,272,128,3.25,25.4,7.75,28.9,3e+03
synthetic_196651_196651_98521651_avg500.9975_std442.3249_random_bw9843.5143_skew391.519_neigh0.1499_cross0.5662_n14.mtx,196651,196651,98521651,196651,196652,367007552,273,128,3.26,25.4,7.75,28.9,3e+03
synthetic_196651_196651_98521651_avg500.9975_std442.3249_random_bw9843.5844_skew391.519_neigh0.1499_cross0.1847_n14.mtx,196651,196651,98521651,196651,196652,366990432,272,128,3.25,25.4,7.75,28.9,3e+03
synthetic_250268_250268_125159161_avg500.1005_std182.162_random_bw12289.0491_skew100.9755_neigh0.1308_cross0.9465_n14.mtx,250268,250268,125159161,250268,250268,475478944,280,128,4.18,32.7,7.66,29.1,3.88e+03
synthetic_250268_250268_125159161_avg500.1005_std182.162_random_bw12295.9237_skew100.9755_neigh0.5457_cross0.9451_n14.mtx,250268,250268,125159161,250268,250268,403006144,222,128,3.56,27.8,9,29,3.29e+03
synthetic_250268_250268_125159161_avg500.1005_std182.162_random_bw12299.0987_skew100.9755_neigh0.966_cross0.9445_n14.mtx,250268,250268,125159161,250268,250268,328296864,162,128,2.92,22.8,11,28.8,2.68e+03
synthetic_250268_250268_125159161_avg500.1005_std182.162_random_bw12502.3425_skew100.9755_neigh0.9752_cross0.5357_n14.mtx,250268,250268,125159161,250268,250268,327389920,162,128,2.91,22.8,11,28.8,2.67e+03
synthetic_250268_250268_125159161_avg500.1005_std182.162_random_bw12503.3114_skew100.9755_neigh0.5481_cross0.5459_n14.mtx,250268,250268,125159161,250268,250268,403573376,222,128,3.57,27.9,8.98,29,3.3e+03
synthetic_250268_250268_125159161_avg500.1005_std182.162_random_bw12503.883_skew100.9755_neigh0.1296_cross0.5517_n14.mtx,250268,250268,125159161,250268,250268,476985152,281,128,4.2,32.8,7.64,29.1,3.9e+03
synthetic_250268_250268_125159161_avg500.1005_std182.162_random_bw12517.1545_skew100.9755_neigh0.9758_cross0.1251_n14.mtx,250268,250268,125159161,250268,250268,327290656,161,128,2.91,22.7,11,28.8,2.67e+03
synthetic_250268_250268_125159161_avg500.1005_std182.162_random_bw12517.9181_skew100.9755_neigh0.5485_cross0.1409_n14.mtx,250268,250268,125159161,250268,250268,403566720,222,128,3.57,27.9,8.98,29,3.3e+03
synthetic_250268_250268_125159161_avg500.1005_std182.162_random_bw12518.3128_skew100.9755_neigh0.1295_cross0.1562_n14.mtx,250268,250268,125159161,250268,250268,477061440,281,128,4.2,32.8,7.63,29.1,3.9e+03
synthetic_250268_250268_125383715_avg500.9978_std499.2675_random_bw12516.3449_skew498.5391_neigh0.9756_cross0.9448_n14.mtx,250268,250268,125383715,250268,250268,327859104,161,128,2.97,23.2,10.8,28.3,2.68e+03
synthetic_250268_250268_125383715_avg500.9978_std499.2675_random_bw12517.799_skew498.5391_neigh0.5482_cross0.9469_n14.mtx,250268,250268,125383715,250268,250268,404224736,222,128,3.62,28.3,8.86,28.6,3.3e+03
synthetic_250268_250268_125383715_avg500.9978_std499.2675_random_bw12518.1847_skew498.5391_neigh0.9755_cross0.5353_n14.mtx,250268,250268,125383715,250268,250268,327904320,162,128,2.97,23.2,10.8,28.3,2.68e+03
synthetic_250268_250268_125383715_avg500.9978_std499.2675_random_bw12518.4379_skew498.5391_neigh0.5484_cross0.1423_n14.mtx,250268,250268,125383715,250268,250268,404269728,222,128,3.62,28.3,8.86,28.6,3.3e+03
synthetic_250268_250268_125383715_avg500.9978_std499.2675_random_bw12518.4529_skew498.5391_neigh0.5483_cross0.5454_n14.mtx,250268,250268,125383715,250268,250268,404278016,222,128,3.62,28.3,8.86,28.6,3.3e+03
synthetic_250268_250268_125383715_avg500.9978_std499.2675_random_bw12518.5646_skew498.5391_neigh0.9756_cross0.1252_n14.mtx,250268,250268,125383715,250268,250268,327858720,161,128,2.97,23.2,10.8,28.3,2.68e+03
synthetic_250268_250268_125383715_avg500.9978_std499.2675_random_bw12519.4705_skew498.5391_neigh0.1289_cross0.9467_n14.mtx,250268,250268,125383715,250268,250268,478080832,281,128,4.26,33.3,7.54,28.8,3.9e+03
synthetic_250268_250268_125383715_avg500.9978_std499.2675_random_bw12519.4775_skew498.5391_neigh0.1293_cross0.551_n14.mtx,250268,250268,125383715,250268,250268,477898496,281,128,4.25,33.2,7.54,28.8,3.9e+03
synthetic_250268_250268_125383715_avg500.9978_std499.2675_random_bw12519.5786_skew498.5391_neigh0.1292_cross0.1575_n14.mtx,250268,250268,125383715,250268,250268,477938176,281,128,4.25,33.2,7.54,28.8,3.9e+03
synthetic_250268_250268_125383768_avg500.998_std499.2675_random_bw12519.5825_skew498.5389_neigh0.1292_cross0.1575_n14.mtx,250268,250268,125383768,250268,250268,477939360,281,128,4.25,33.2,7.55,28.8,3.9e+03
synthetic_303884_303884_151858326_avg499.7247_std166.3172_random_bw11233.7344_skew1.5294_neigh0.9969_cross0.8007_n14.mtx,303884,303884,151858326,303884,303884,384373056,153,128,3.44,26.9,11.3,28.6,3.14e+03
synthetic_303884_303884_151858326_avg499.7247_std166.3172_random_bw11246.7424_skew1.5294_neigh0.5925_cross0.8015_n14.mtx,303884,303884,151858326,303884,303884,467658656,208,128,4.16,32.5,9.35,28.8,3.82e+03
synthetic_303884_303884_151858326_avg499.7247_std166.3172_random_bw13833.6243_skew1.5294_neigh0.973_cross0.4526_n14.mtx,303884,303884,151858326,303884,303884,396691968,161,128,3.55,27.7,11,28.6,3.24e+03
synthetic_303884_303884_151858326_avg499.7247_std166.3172_random_bw13839.597_skew1.5294_neigh0.5459_cross0.4596_n14.mtx,303884,303884,151858326,303884,303884,489015264,222,128,4.34,33.9,8.96,28.8,3.99e+03
synthetic_303884_303884_151858326_avg499.7247_std166.3172_random_bw15037.6717_skew1.5294_neigh0.9714_cross0.1049_n14.mtx,303884,303884,151858326,303884,303884,398542592,162,128,3.56,27.8,10.9,28.6,3.25e+03
synthetic_303884_303884_151858326_avg499.7247_std166.3172_random_bw15044.652_skew1.5294_neigh0.5418_cross0.118_n14.mtx,303884,303884,151858326,303884,303884,491856480,224,128,4.36,34.1,8.91,28.9,4.02e+03
synthetic_303884_303884_151967061_avg500.0825_std179.3975_random_bw14921.2319_skew100.9792_neigh0.536_cross0.9448_n14.mtx,303884,303884,151967061,303884,303884,494346016,225,128,4.39,34.3,8.86,28.8,4.04e+03
synthetic_303884_303884_151967061_avg500.0825_std179.3975_random_bw15178.856_skew100.9792_neigh0.5397_cross0.5358_n14.mtx,303884,303884,151967061,303884,303884,493730080,225,128,4.38,34.3,8.87,28.8,4.03e+03
synthetic_303884_303884_151967061_avg500.0825_std179.3975_random_bw15179.9222_skew100.9792_neigh0.9705_cross0.5276_n14.mtx,303884,303884,151967061,303884,303884,399657664,163,128,3.58,28,10.9,28.6,3.26e+03
synthetic_303884_303884_151967061_avg500.0825_std179.3975_random_bw15196.2586_skew100.9792_neigh0.5402_cross0.1253_n14.mtx,303884,303884,151967061,303884,303884,493657152,225,128,4.38,34.2,8.87,28.8,4.03e+03
synthetic_303884_303884_151967061_avg500.0825_std179.3975_random_bw15197.3403_skew100.9792_neigh0.971_cross0.1125_n14.mtx,303884,303884,151967061,303884,303884,399554144,163,128,3.58,27.9,10.9,28.6,3.26e+03
synthetic_980644_980644_99044944_avg100.9999_std990.1732_random_bw49009.6052_skew9708.3563_neigh0.9525_cross0.9465_n14.mtx,980644,980644,99044944,980644,980644,439714304,344,128,5.43,42.5,4.67,20.7,3.59e+03
synthetic_980644_980644_99044944_avg100.9999_std990.1732_random_bw49014.5381_skew9708.3563_neigh0.9525_cross0.5001_n14.mtx,980644,980644,99044944,980644,980644,440016032,344,128,5.48,42.9,4.62,20.5,3.6e+03
synthetic_980644_980644_99044944_avg100.9999_std990.1732_random_bw49015.7604_skew9708.3563_neigh0.9522_cross0.0535_n14.mtx,980644,980644,99044944,980644,980644,440089056,344,128,5.49,42.9,4.62,20.5,3.6e+03
synthetic_143035_143035_71449786_avg499.5266_std166.1713_random_bw5318.2374_skew1.5304_neigh1.0536_cross0.805_n14.mtx,143035,143035,71449786,143035,143036,167950304,135,128,1.48,11.5,12.4,29.1,1.37e+03
synthetic_143035_143035_71449786_avg499.5266_std166.1713_random_bw63092.414_skew1.5304_neigh0.9539_cross0.7986_n14.mtx,143035,143035,71449786,143035,143036,215593472,202,128,2.22,17.4,8.23,24.8,1.76e+03
synthetic_143035_143035_71449786_avg499.5266_std166.1713_random_bw6515.9897_skew1.5304_neigh1.0028_cross0.4885_n14.mtx,143035,143035,71449786,143035,143036,177282720,148,128,1.56,12.2,11.8,29.2,1.45e+03
synthetic_143035_143035_71449786_avg499.5266_std166.1713_random_bw78095.5349_skew1.5304_neigh0.9521_cross0.4235_n14.mtx,143035,143035,71449786,143035,143036,223751264,213,128,2.29,17.9,7.98,25,1.83e+03
synthetic_143035_143035_71543578_avg500.1823_std194.0056_random_bw7033.9182_skew100.9588_neigh0.9871_cross0.9481_n14.mtx,143035,143035,71543578,143035,143036,180150784,152,128,1.59,12.4,11.5,29,1.47e+03
synthetic_143035_143035_71543578_avg500.1823_std194.0056_random_bw7037.0971_skew100.9588_neigh0.5815_cross0.9492_n14.mtx,143035,143035,71543578,143035,143036,219784128,207,128,1.93,15.1,9.5,29.2,1.79e+03
synthetic_143035_143035_71543578_avg500.1823_std194.0056_random_bw7046.3408_skew100.9588_neigh0.1887_cross0.9509_n14.mtx,143035,143035,71543578,143035,143036,256894464,259,128,2.25,17.5,8.15,29.3,2.1e+03
synthetic_143035_143035_71543578_avg500.1823_std194.0056_random_bw7153.4458_skew100.9588_neigh0.9947_cross0.5665_n14.mtx,143035,143035,71543578,143035,143036,179489152,151,128,1.58,12.4,11.6,29,1.47e+03
synthetic_143035_143035_71543578_avg500.1823_std194.0056_random_bw7158.1109_skew100.9588_neigh0.5836_cross0.5799_n14.mtx,143035,143035,71543578,143035,143036,219718112,207,128,1.93,15.1,9.5,29.2,1.79e+03
synthetic_143035_143035_71543578_avg500.1823_std194.0056_random_bw7161.5954_skew100.9588_neigh0.9953_cross0.1809_n14.mtx,143035,143035,71543578,143035,143036,179441600,151,128,1.58,12.4,11.6,29,1.47e+03
synthetic_143035_143035_71543578_avg500.1823_std194.0056_random_bw7165.7681_skew100.9588_neigh0.1864_cross0.5905_n14.mtx,143035,143035,71543578,143035,143036,257340512,260,128,2.25,17.6,8.14,29.3,2.1e+03
synthetic_143035_143035_71543578_avg500.1823_std194.0056_random_bw7166.3875_skew100.9588_neigh0.584_cross0.2062_n14.mtx,143035,143035,71543578,143035,143036,219693216,207,128,1.93,15.1,9.5,29.2,1.79e+03
synthetic_143035_143035_71543578_avg500.1823_std194.0056_random_bw7173.8299_skew100.9588_neigh0.1862_cross0.2316_n14.mtx,143035,143035,71543578,143035,143036,257386528,260,128,2.25,17.6,8.14,29.3,2.1e+03
synthetic_143035_143035_71543578_avg500.1823_std194.0056_random_bw84270.8488_skew100.9588_neigh0.0636_cross0.9403_n14.mtx,143035,143035,71543578,143035,143036,320515968,348,128,3.12,24.4,5.87,26.3,2.62e+03
synthetic_143035_143035_71543578_avg500.1823_std194.0056_random_bw84285.9037_skew100.9588_neigh0.5029_cross0.9392_n14.mtx,143035,143035,71543578,143035,143036,273897152,283,128,2.72,21.2,6.74,25.8,2.24e+03
synthetic_143035_143035_71543578_avg500.1823_std194.0056_random_bw84301.2792_skew100.9588_neigh0.9429_cross0.9407_n14.mtx,143035,143035,71543578,143035,143036,227374048,218,128,2.32,18.1,7.9,25.1,1.86e+03
synthetic_143035_143035_71543578_avg500.1823_std194.0056_random_bw85711.9067_skew100.9588_neigh0.0632_cross0.5024_n14.mtx,143035,143035,71543578,143035,143036,321878496,350,128,3.13,24.5,5.85,26.3,2.63e+03
synthetic_143035_143035_71543578_avg500.1823_std194.0056_random_bw85716.5413_skew100.9588_neigh0.9524_cross0.5008_n14.mtx,143035,143035,71543578,143035,143036,227777952,218,128,2.33,18.2,7.88,25.1,1.86e+03
synthetic_143035_143035_71543578_avg500.1823_std194.0056_random_bw85719.6232_skew100.9588_neigh0.5067_cross0.5022_n14.mtx,143035,143035,71543578,143035,143036,275118624,285,128,2.73,21.3,6.71,25.8,2.25e+03
synthetic_143035_143035_71543578_avg500.1823_std194.0056_random_bw85812.3428_skew100.9588_neigh0.0626_cross0.066_n14.mtx,143035,143035,71543578,143035,143036,322375264,351,128,3.14,24.5,5.84,26.3,2.63e+03
synthetic_143035_143035_71543578_avg500.1823_std194.0056_random_bw85816.0267_skew100.9588_neigh0.9527_cross0.061_n14.mtx,143035,143035,71543578,143035,143036,228064032,219,128,2.33,18.2,7.87,25.1,1.86e+03
synthetic_143035_143035_71543578_avg500.1823_std194.0056_random_bw85818.0993_skew100.9588_neigh0.5068_cross0.0626_n14.mtx,143035,143035,71543578,143035,143036,275546464,285,128,2.73,21.4,6.7,25.8,2.25e+03
synthetic_143035_143035_71660012_avg500.9963_std376.8763_random_bw7174.3982_skew284.5011_neigh0.1856_cross0.5941_n14.mtx,143035,143035,71660012,143035,143036,257866016,260,128,2.28,17.8,8.05,29,2.11e+03
synthetic_143035_143035_71660012_avg500.9963_std376.8763_random_bw7174.5212_skew284.5011_neigh0.1855_cross0.2316_n14.mtx,143035,143035,71660012,143035,143036,257868800,260,128,2.28,17.8,8.05,29,2.11e+03
synthetic_196651_196651_98269043_avg499.7129_std166.4375_random_bw43471.4379_skew1.5295_neigh0.0912_cross0.7979_n14.mtx,196651,196651,98269043,196651,196652,404905472,312,128,3.83,29.9,6.57,27.1,3.31e+03
synthetic_196651_196651_98269043_avg499.7129_std166.4375_random_bw53628.365_skew1.5295_neigh0.9541_cross0.4289_n14.mtx,196651,196651,98269043,196651,196652,289407680,195,128,2.84,22.2,8.86,26.1,2.36e+03
synthetic_445906_445906_44578647_avg99.9732_std33.3702_random_bw194902.8052_skew1.5607_neigh0.9222_cross0.7987_n14.mtx,445906,445906,44578647,445906,445908,402441600,803,128,7.05,55,1.62,14.6,3.29e+03
synthetic_445906_445906_44578647_avg99.9732_std33.3702_random_bw195043.0212_skew1.5607_neigh0.4855_cross0.7976_n14.mtx,445906,445906,44578647,445906,445908,472283936,959,128,7.63,59.6,1.5,15.9,3.86e+03
synthetic_445906_445906_44578647_avg99.9732_std33.3702_random_bw242256.8986_skew1.5607_neigh0.9368_cross0.4208_n14.mtx,445906,445906,44578647,445906,445908,494217024,1.01e+03,128,7.87,61.5,1.45,16.1,4.04e+03
synthetic_445906_445906_44648554_avg100.13_std35.0625_random_bw21994.6571_skew100.8676_neigh0.4945_cross0.9415_n14.mtx,445906,445906,44648554,445906,445908,182147008,308,128,1.87,14.6,6.13,25,1.49e+03
synthetic_445906_445906_44648554_avg100.13_std35.0625_random_bw21995.7449_skew100.8676_neigh0.059_cross0.9413_n14.mtx,445906,445906,44648554,445906,445908,211456896,374,128,2.12,16.5,5.4,25.6,1.73e+03
synthetic_445906_445906_44648554_avg100.13_std35.0625_random_bw22006.3585_skew100.8676_neigh0.9303_cross0.9414_n14.mtx,445906,445906,44648554,445906,445908,153736928,244,128,1.62,12.7,7.04,24.2,1.26e+03
synthetic_445906_445906_44648554_avg100.13_std35.0625_random_bw22271.8658_skew100.8676_neigh0.943_cross0.5001_n14.mtx,445906,445906,44648554,445906,445908,152797984,242,128,1.62,12.7,7.05,24.1,1.25e+03
synthetic_445906_445906_44648554_avg100.13_std35.0625_random_bw22273.3146_skew100.8676_neigh0.0588_cross0.5011_n14.mtx,445906,445906,44648554,445906,445908,211652384,374,128,2.12,16.6,5.39,25.6,1.73e+03
synthetic_445906_445906_44648554_avg100.13_std35.0625_random_bw22276.6251_skew100.8676_neigh0.5004_cross0.5006_n14.mtx,445906,445906,44648554,445906,445908,181787264,307,128,1.87,14.6,6.13,24.9,1.48e+03
synthetic_445906_445906_44648554_avg100.13_std35.0625_random_bw22289.4937_skew100.8676_neigh0.9434_cross0.0577_n14.mtx,445906,445906,44648554,445906,445908,152732416,242,128,1.62,12.7,7.06,24.1,1.25e+03
synthetic_445906_445906_44648554_avg100.13_std35.0625_random_bw22295.5041_skew100.8676_neigh0.5008_cross0.0598_n14.mtx,445906,445906,44648554,445906,445908,181768928,307,128,1.87,14.6,6.13,24.9,1.48e+03
synthetic_445906_445906_44690704_avg100.2245_std149.9036_random_bw22288.2495_skew998.7556_neigh0.9459_cross0.4989_n14.mtx,445906,445906,44690704,445906,445908,152752192,242,128,1.64,12.8,6.99,23.9,1.25e+03
synthetic_445906_445906_44690704_avg100.2245_std149.9036_random_bw22292.4746_skew998.7556_neigh0.9454_cross0.0577_n14.mtx,445906,445906,44690704,445906,445908,152784992,242,128,1.64,12.8,6.99,23.9,1.25e+03
synthetic_445906_445906_44690704_avg100.2245_std149.9036_random_bw22293.1707_skew998.7556_neigh0.0622_cross0.5014_n14.mtx,445906,445906,44690704,445906,445908,211686784,374,128,2.14,16.7,5.35,25.4,1.73e+03
synthetic_445906_445906_44690704_avg100.2245_std149.9036_random_bw22293.3254_skew998.7556_neigh0.0623_cross0.9418_n14.mtx,445906,445906,44690704,445906,445908,211690848,374,128,2.14,16.7,5.36,25.4,1.73e+03
synthetic_445906_445906_44690704_avg100.2245_std149.9036_random_bw22293.6021_skew998.7556_neigh0.0622_cross0.0619_n14.mtx,445906,445906,44690704,445906,445908,211679104,374,128,2.14,16.7,5.35,25.4,1.73e+03
synthetic_445906_445906_44690704_avg100.2245_std149.9036_random_bw22295.7006_skew998.7556_neigh0.5048_cross0.9422_n14.mtx,445906,445906,44690704,445906,445908,181721920,307,128,1.88,14.7,6.09,24.8,1.48e+03
synthetic_445906_445906_44690704_avg100.2245_std149.9036_random_bw22296.3734_skew998.7556_neigh0.5033_cross0.5014_n14.mtx,445906,445906,44690704,445906,445908,181807360,307,128,1.88,14.7,6.08,24.7,1.49e+03
synthetic_445906_445906_44690704_avg100.2245_std149.9036_random_bw22296.9647_skew998.7556_neigh0.5035_cross0.0604_n14.mtx,445906,445906,44690704,445906,445908,181771680,307,128,1.88,14.7,6.08,24.7,1.48e+03
synthetic_445906_445906_45036406_avg100.9998_std667.6114_random_bw133705.9463_skew4413.9207_neigh0.5119_cross0.9415_n14.mtx,445906,445906,45036406,445906,445908,433117984,862,128,5.5,43,2.1,20.1,3.54e+03
synthetic_445906_445906_45036406_avg100.9998_std667.6114_random_bw133711.9939_skew4413.9207_neigh0.9522_cross0.9409_n14.mtx,445906,445906,45036406,445906,445908,385135520,755,128,5.07,39.6,2.27,19.5,3.15e+03
synthetic_445906_445906_45036406_avg100.9998_std667.6114_random_bw133722.9548_skew4413.9207_neigh0.9512_cross0.0508_n14.mtx,445906,445906,45036406,445906,445908,385456640,756,128,5.22,40.7,2.21,18.9,3.15e+03
synthetic_445906_445906_45036406_avg100.9998_std667.6114_random_bw133730.2982_skew4413.9207_neigh0.9515_cross0.4949_n14.mtx,445906,445906,45036406,445906,445908,385389216,756,128,5.21,40.7,2.21,19,3.15e+03
synthetic_445906_445906_45036406_avg100.9998_std667.6114_random_bw133731.5484_skew4413.9207_neigh0.5107_cross0.4982_n14.mtx,445906,445906,45036406,445906,445908,433520736,863,128,5.6,43.8,2.06,19.8,3.54e+03
synthetic_445906_445906_45036406_avg100.9998_std667.6114_random_bw133734.7294_skew4413.9207_neigh0.5108_cross0.0509_n14.mtx,445906,445906,45036406,445906,445908,433554464,863,128,5.61,43.8,2.06,19.8,3.54e+03
synthetic_713275_713275_71427780_avg100.1406_std118.5239_random_bw35643.8833_skew999.5933_neigh0.943_cross0.9448_n14.mtx,713275,713275,71427780,713275,713276,273337024,283,128,3.13,24.5,5.84,22.4,2.23e+03
synthetic_713275_713275_71427780_avg100.1406_std118.5239_random_bw35651.0339_skew999.5933_neigh0.9438_cross0.4995_n14.mtx,713275,713275,71427780,713275,713276,273662368,283,128,3.15,24.6,5.81,22.2,2.24e+03
synthetic_713275_713275_71427780_avg100.1406_std118.5239_random_bw35652.2189_skew999.5933_neigh0.9438_cross0.055_n14.mtx,713275,713275,71427779,713275,713276,273700896,283,128,3.15,24.6,5.8,22.2,2.24e+03
synthetic_713275_713275_71427780_avg100.1406_std118.5239_random_bw35665.1963_skew999.5933_neigh0.5008_cross0.5005_n14.mtx,713275,713275,71427780,713275,713276,320232192,348,128,3.54,27.7,5.16,23.1,2.62e+03
synthetic_713275_713275_71427780_avg100.1406_std118.5239_random_bw35667.1786_skew999.5933_neigh0.5008_cross0.9452_n14.mtx,713275,713275,71427780,713275,713276,320191360,348,128,3.53,27.6,5.18,23.2,2.62e+03
synthetic_713275_713275_72040675_avg100.9999_std844.4371_random_bw35653.1661_skew7061.1385_neigh0.5133_cross0.5002_n14.mtx,713275,713275,72040674,713275,713276,320827872,345,128,3.7,28.9,4.98,22.2,2.62e+03
synthetic_713275_713275_72040675_avg100.9999_std844.4371_random_bw35654.6053_skew7061.1385_neigh0.5133_cross0.0563_n14.mtx,713275,713275,72040675,713275,713276,320860736,345,128,3.7,28.9,4.98,22.2,2.62e+03
synthetic_713275_713275_72040675_avg100.9999_std844.4371_random_bw35657.8593_skew7061.1385_neigh0.0739_cross0.9455_n14.mtx,713275,713275,72040675,713275,713276,372846016,418,128,4.13,32.3,4.46,23.1,3.05e+03
synthetic_713275_713275_72040675_avg100.9999_std844.4371_random_bw35660.6165_skew7061.1385_neigh0.0739_cross0.5007_n14.mtx,713275,713275,72040675,713275,713276,372893088,418,128,4.14,32.4,4.45,23,3.05e+03
synthetic_713275_713275_72040675_avg100.9999_std844.4371_random_bw35661.3573_skew7061.1385_neigh0.074_cross0.0578_n14.mtx,713275,713275,72040675,713275,713276,372752832,417,128,4.14,32.4,4.45,23,3.04e+03
synthetic_888859_888859_44460461_avg50.0197_std16.6472_random_bw31981.1939_skew1.539_neigh0.4713_cross0.803_n14.mtx,888859,888859,44460461,888859,888860,269561216,506,128,3.54,27.7,3.21,19.5,2.2e+03
synthetic_888859_888859_44460461_avg50.0197_std16.6472_random_bw32005.3088_skew1.539_neigh0.0524_cross0.801_n14.mtx,888859,888859,44460461,888859,888860,294672032,563,128,3.75,29.3,3.04,20.1,2.41e+03
synthetic_888859_888859_44460461_avg50.0197_std16.6472_random_bw32136.7663_skew1.539_neigh0.8924_cross0.8043_n14.mtx,888859,888859,44460461,888859,888860,242503040,445,128,3.34,26.1,3.41,18.6,1.98e+03
synthetic_888859_888859_44460461_avg50.0197_std16.6472_random_bw40093.816_skew1.539_neigh0.4877_cross0.4239_n14.mtx,888859,888859,44460461,888859,888860,303164768,582,128,3.84,30,2.97,20.2,2.48e+03
synthetic_888859_888859_44460461_avg50.0197_std16.6472_random_bw40122.7152_skew1.539_neigh0.9242_cross0.4245_n14.mtx,888859,888859,44460461,888859,888860,281666688,534,128,3.68,28.8,3.09,19.6,2.3e+03
synthetic_888859_888859_44460461_avg50.0197_std16.6472_random_bw40144.6009_skew1.539_neigh0.0511_cross0.4229_n14.mtx,888859,888859,44460461,888859,888860,321008896,622,128,3.97,31.1,2.86,20.7,2.62e+03
synthetic_888859_888859_44460461_avg50.0197_std16.6472_random_bw43565.0107_skew1.539_neigh0.9314_cross0.0442_n14.mtx,888859,888859,44460461,888859,888860,297575456,569,128,3.82,29.8,2.98,19.9,2.43e+03
synthetic_888859_888859_44460461_avg50.0197_std16.6472_random_bw43627.6515_skew1.539_neigh0.4911_cross0.0447_n14.mtx,888859,888859,44460461,888859,888860,322071616,624,128,4,31.2,2.85,20.6,2.63e+03
synthetic_888859_888859_44460461_avg50.0197_std16.6472_random_bw43723.0438_skew1.539_neigh0.0512_cross0.0451_n14.mtx,888859,888859,44460461,888859,888860,339398080,663,128,4.13,32.3,2.75,21,2.77e+03
synthetic_888859_888859_44543078_avg50.1126_std17.0975_random_bw44410.9422_skew100.7707_neigh0.4914_cross0.499_n14.mtx,888859,888859,44543078,888859,888860,328871072,638,128,4.05,31.7,2.81,20.8,2.69e+03
synthetic_888859_888859_44543078_avg50.1126_std17.0975_random_bw44414.2104_skew100.7707_neigh0.4914_cross0.0525_n14.mtx,888859,888859,44543078,888859,888860,328819680,638,128,4.06,31.7,2.81,20.7,2.69e+03
synthetic_888859_888859_44543078_avg50.1126_std17.0975_random_bw44423.0526_skew100.7707_neigh0.4908_cross0.9462_n14.mtx,888859,888859,44543078,888859,888860,328715040,638,128,4,31.3,2.85,21,2.69e+03
synthetic_888859_888859_44543078_avg50.1126_std17.0975_random_bw44434.9195_skew100.7707_neigh0.0513_cross0.0531_n14.mtx,888859,888859,44543078,888859,888860,339201344,662,128,4.13,32.3,2.76,21,2.77e+03
synthetic_888859_888859_44543078_avg50.1126_std17.0975_random_bw44437.0521_skew100.7707_neigh0.0514_cross0.4989_n14.mtx,888859,888859,44543078,888859,888860,339212704,662,128,4.13,32.3,2.76,21,2.77e+03
synthetic_888859_888859_44543078_avg50.1126_std17.0975_random_bw44441.9909_skew100.7707_neigh0.0515_cross0.9453_n14.mtx,888859,888859,44543078,888859,888860,338932864,661,128,4.09,31.9,2.79,21.2,2.77e+03
synthetic_888859_888859_44543078_avg50.1126_std17.0975_random_bw44476.8589_skew100.7707_neigh0.9318_cross0.0518_n14.mtx,888859,888859,44543078,888859,888860,307908416,591,128,3.91,30.5,2.92,20.2,2.52e+03
synthetic_89418_89418_44642063_avg499.2514_std165.8736_random_bw53144.1277_skew1.5058_neigh0.0696_cross0.0672_n14.mtx,89418,89418,44642063,89418,89420,189990016,326,128,1.78,13.9,6.43,27.4,1.55e+03
synthetic_89418_89418_44735942_avg500.3013_std210.7955_random_bw4409.3752_skew100.9346_neigh1.0161_cross0.9519_n14.mtx,89418,89418,44735942,89418,89420,109218784,144,128,0.962,7.51,11.9,29.1,892
synthetic_89418_89418_44735942_avg500.3013_std210.7955_random_bw4421.3709_skew100.9346_neigh0.6322_cross0.9545_n14.mtx,89418,89418,44735942,89418,89420,131281376,193,128,1.15,8.99,9.95,29.2,1.07e+03
synthetic_89418_89418_44735942_avg500.3013_std210.7955_random_bw4438.6441_skew100.9346_neigh0.2691_cross0.9563_n14.mtx,89418,89418,44735942,89418,89420,151191904,238,128,1.32,10.3,8.66,29.3,1.23e+03
synthetic_89418_89418_44735942_avg500.3013_std210.7955_random_bw4482.5382_skew100.9346_neigh1.0223_cross0.6055_n14.mtx,89418,89418,44735942,89418,89420,108960608,144,128,0.959,7.5,11.9,29.1,890
synthetic_89418_89418_44735942_avg500.3013_std210.7955_random_bw4487.5367_skew100.9346_neigh1.0233_cross0.2533_n14.mtx,89418,89418,44735942,89418,89420,108881088,143,128,0.959,7.49,11.9,29.1,889
synthetic_89418_89418_44735942_avg500.3013_std210.7955_random_bw4494.8096_skew100.9346_neigh0.6335_cross0.6237_n14.mtx,89418,89418,44735942,89418,89420,131361120,194,128,1.15,9,9.94,29.2,1.07e+03
synthetic_89418_89418_44735942_avg500.3013_std210.7955_random_bw4499.9158_skew100.9346_neigh0.6338_cross0.2916_n14.mtx,89418,89418,44735942,89418,89420,131366176,194,128,1.15,9,9.95,29.2,1.07e+03
synthetic_89418_89418_44735942_avg500.3013_std210.7955_random_bw4513.1094_skew100.9346_neigh0.2643_cross0.6405_n14.mtx,89418,89418,44735942,89418,89420,151633664,239,128,1.33,10.4,8.64,29.3,1.24e+03
synthetic_89418_89418_44797906_avg500.9943_std297.3547_random_bw26825.0746_skew177.4811_neigh0.9633_cross0.9441_n14.mtx,89418,89418,44797906,89418,89420,122600672,174,128,1.14,8.91,10.1,27.5,1e+03
synthetic_89418_89418_44797906_avg500.9943_std297.3547_random_bw26828.5724_skew177.4811_neigh0.9621_cross0.5149_n14.mtx,89418,89418,44797906,89418,89420,122697856,174,128,1.14,8.92,10,27.5,1e+03
synthetic_89418_89418_44797906_avg500.9943_std297.3547_random_bw4487.5738_skew177.4811_neigh1.0238_cross0.9527_n14.mtx,89418,89418,44797906,89418,89420,109081376,143,128,0.971,7.58,11.8,28.8,891
synthetic_89418_89418_44797906_avg500.9943_std297.3547_random_bw4487.811_skew177.4811_neigh1.0227_cross0.2548_n14.mtx,89418,89418,44797906,89418,89420,109064832,143,128,0.97,7.58,11.8,28.8,891
synthetic_89418_89418_44797906_avg500.9943_std297.3547_random_bw4487.8414_skew177.4811_neigh1.0229_cross0.6032_n14.mtx,89418,89418,44797906,89418,89420,109061824,143,128,0.971,7.58,11.8,28.8,891
synthetic_89418_89418_44797906_avg500.9943_std297.3547_random_bw4499.6465_skew177.4811_neigh0.6342_cross0.9559_n14.mtx,89418,89418,44797906,89418,89420,131482624,194,128,1.16,9.08,9.86,29,1.07e+03
synthetic_89418_89418_44797906_avg500.9943_std297.3547_random_bw4500.1412_skew177.4811_neigh0.6332_cross0.2929_n14.mtx,89418,89418,44797906,89418,89420,131568352,194,128,1.16,9.09,9.85,28.9,1.07e+03
synthetic_89418_89418_44797906_avg500.9943_std297.3547_random_bw4500.2687_skew177.4811_neigh0.6328_cross0.6247_n14.mtx,89418,89418,44797906,89418,89420,131593408,194,128,1.16,9.09,9.86,28.9,1.07e+03
synthetic_89418_89418_44797906_avg500.9943_std297.3547_random_bw4518.0289_skew177.4811_neigh0.2629_cross0.9572_n14.mtx,89418,89418,44797906,89418,89420,152025536,239,128,1.34,10.5,8.57,29.1,1.24e+03
synthetic_89418_89418_44797906_avg500.9943_std297.3547_random_bw4518.3928_skew177.4811_neigh0.2634_cross0.6427_n14.mtx,89418,89418,44797906,89418,89420,151894112,239,128,1.34,10.4,8.57,29.1,1.24e+03
synthetic_89418_89418_44797906_avg500.9943_std297.3547_random_bw4518.5457_skew177.4811_neigh0.2634_cross0.3271_n14.mtx,89418,89418,44797906,89418,89420,151891008,239,128,1.34,10.5,8.57,29.1,1.24e+03
synthetic_89418_89418_44797906_avg500.9943_std297.3547_random_bw53650.0468_skew177.4811_neigh0.9577_cross0.9423_n14.mtx,89418,89418,44797906,89418,89420,131986880,195,128,1.29,10,8.92,26.3,1.08e+03
synthetic_89418_89418_44797906_avg500.9943_std297.3547_random_bw53653.7331_skew177.4811_neigh0.9563_cross0.5061_n14.mtx,89418,89418,44797906,89418,89420,132204192,195,128,1.29,10.1,8.9,26.3,1.08e+03
synthetic_89418_89418_44797906_avg500.9943_std297.3547_random_bw53654.4868_skew177.4811_neigh0.9563_cross0.0676_n14.mtx,89418,89418,44797906,89418,89420,132178912,195,128,1.29,10.1,8.9,26.3,1.08e+03
synthetic_89418_89418_44797918_avg500.9944_std297.3547_random_bw26822.7806_skew177.481_neigh0.523_cross0.9438_n14.mtx,89418,89418,44797918,89418,89420,151581440,238,128,1.39,10.9,8.25,27.9,1.24e+03
synthetic_89418_89418_44797918_avg500.9944_std297.3547_random_bw26825.3172_skew177.481_neigh0.9634_cross0.9441_n14.mtx,89418,89418,44797918,89418,89420,122599552,174,128,1.14,8.91,10.1,27.5,1e+03
synthetic_89418_89418_44797918_avg500.9944_std297.3547_random_bw26826.8052_skew177.481_neigh0.5233_cross0.5201_n14.mtx,89418,89418,44797918,89418,89420,151453120,238,128,1.39,10.8,8.26,27.9,1.24e+03
synthetic_89418_89418_44797918_avg500.9944_std297.3547_random_bw26827.7027_skew177.481_neigh0.0892_cross0.5231_n14.mtx,89418,89418,44797918,89418,89420,179718272,301,128,1.63,12.7,7.03,28.2,1.47e+03
synthetic_89418_89418_44797918_avg500.9944_std297.3547_random_bw26827.9202_skew177.481_neigh0.0887_cross0.9429_n14.mtx,89418,89418,44797918,89418,89420,179845824,301,128,1.63,12.8,7.03,28.2,1.47e+03
synthetic_89418_89418_44797918_avg500.9944_std297.3547_random_bw26828.1116_skew177.481_neigh0.5235_cross0.094_n14.mtx,89418,89418,44797918,89418,89420,151464448,238,128,1.39,10.8,8.26,27.9,1.24e+03
synthetic_89418_89418_44797918_avg500.9944_std297.3547_random_bw26828.57_skew177.481_neigh0.9622_cross0.5148_n14.mtx,89418,89418,44797918,89418,89420,122698208,174,128,1.14,8.92,10,27.5,1e+03
synthetic_89418_89418_44797918_avg500.9944_std297.3547_random_bw26828.9839_skew177.481_neigh0.089_cross0.1007_n14.mtx,89418,89418,44797918,89418,89420,179732160,301,128,1.63,12.7,7.03,28.2,1.47e+03
synthetic_89418_89418_44797918_avg500.9944_std297.3547_random_bw26829.3111_skew177.481_neigh0.9622_cross0.0848_n14.mtx,89418,89418,44797918,89418,89420,122691296,174,128,1.14,8.92,10,27.5,1e+03
synthetic_89418_89418_44797918_avg500.9944_std297.3547_random_bw53649.2838_skew177.481_neigh0.5129_cross0.9425_n14.mtx,89418,89418,44797918,89418,89420,161658336,261,128,1.54,12,7.44,26.9,1.32e+03
synthetic_89418_89418_44797918_avg500.9944_std297.3547_random_bw53650.0928_skew177.481_neigh0.0715_cross0.9411_n14.mtx,89418,89418,44797918,89418,89420,190666560,326,128,1.79,14,6.41,27.3,1.56e+03
synthetic_89418_89418_44797918_avg500.9944_std297.3547_random_bw53650.2197_skew177.481_neigh0.9577_cross0.9422_n14.mtx,89418,89418,44797918,89418,89420,131978624,195,128,1.29,10,8.92,26.3,1.08e+03
synthetic_89418_89418_44797918_avg500.9944_std297.3547_random_bw53652.1059_skew177.481_neigh0.0715_cross0.5102_n14.mtx,89418,89418,44797918,89418,89420,190653088,326,128,1.79,14,6.41,27.3,1.56e+03
synthetic_89418_89418_44797918_avg500.9944_std297.3547_random_bw53652.991_skew177.481_neigh0.5127_cross0.0722_n14.mtx,89418,89418,44797918,89418,89420,161568192,261,128,1.54,12,7.45,26.9,1.32e+03
synthetic_89418_89418_44797918_avg500.9944_std297.3547_random_bw53653.7209_skew177.481_neigh0.9563_cross0.5061_n14.mtx,89418,89418,44797918,89418,89420,132203200,195,128,1.29,10.1,8.9,26.3,1.08e+03
synthetic_89418_89418_44797918_avg500.9944_std297.3547_random_bw53654.4446_skew177.481_neigh0.0715_cross0.0758_n14.mtx,89418,89418,44797918,89418,89420,190671008,326,128,1.79,14,6.41,27.3,1.56e+03
synthetic_89418_89418_44797918_avg500.9944_std297.3547_random_bw53654.4491_skew177.481_neigh0.9563_cross0.0675_n14.mtx,89418,89418,44797918,89418,89420,132177472,195,128,1.29,10.1,8.9,26.3,1.08e+03
synthetic_89418_89418_44797918_avg500.9944_std297.3547_random_bw53654.8342_skew177.481_neigh0.5127_cross0.5074_n14.mtx,89418,89418,44797918,89418,89420,161519168,261,128,1.54,12,7.45,26.8,1.32e+03
synthetic_196651_196651_98269043_avg499.7129_std166.4375_random_bw43428.5904_skew1.5295_neigh0.9578_cross0.7982_n14.mtx,196651,196651,98269043,196651,196652,281407904,186,128,2.77,21.7,9.07,26,2.3e+03
synthetic_196651_196651_98351202_avg500.1307_std186.4506_random_bw115874.9311_skew100.9693_neigh0.9407_cross0.9403_n14.mtx,196651,196651,98351202,196651,196652,334188928,240,128,3.57,27.9,7.06,24,2.73e+03
synthetic_196651_196651_98351202_avg500.1307_std186.4506_random_bw117848.5003_skew100.9693_neigh0.9508_cross0.4993_n14.mtx,196651,196651,98351202,196651,196652,333878176,239,128,3.57,27.9,7.04,23.9,2.73e+03
synthetic_196651_196651_98351202_avg500.1307_std186.4506_random_bw57938.3439_skew100.9693_neigh0.0698_cross0.9409_n14.mtx,196651,196651,98351202,196651,196652,421502336,329,128,3.97,31,6.34,27.2,3.44e+03
synthetic_196651_196651_98351202_avg500.1307_std186.4506_random_bw58923.3282_skew100.9693_neigh0.0684_cross0.5068_n14.mtx,196651,196651,98351202,196651,196652,422142272,329,128,3.98,31.1,6.33,27.2,3.45e+03
synthetic_196651_196651_98351202_avg500.1307_std186.4506_random_bw58991.0004_skew100.9693_neigh0.0683_cross0.0734_n14.mtx,196651,196651,98351202,196651,196652,422177504,329,128,3.98,31.1,6.33,27.2,3.45e+03
synthetic_196651_196651_98351202_avg500.1307_std186.4506_random_bw9662.3319_skew100.9693_neigh0.9733_cross0.9462_n14.mtx,196651,196651,98351202,196651,196652,253866912,158,128,2.25,17.6,11.2,28.9,2.07e+03
synthetic_196651_196651_98351202_avg500.1307_std186.4506_random_bw9665.3201_skew100.9693_neigh0.5569_cross0.9471_n14.mtx,196651,196651,98351202,196651,196652,311257856,216,128,2.74,21.4,9.19,29.1,2.54e+03
synthetic_196651_196651_98351202_avg500.1307_std186.4506_random_bw9827.698_skew100.9693_neigh0.9821_cross0.546_n14.mtx,196651,196651,98351202,196651,196652,252735968,157,128,2.24,17.5,11.2,28.9,2.06e+03
synthetic_196651_196651_98351202_avg500.1307_std186.4506_random_bw9828.2417_skew100.9693_neigh0.5611_cross0.5557_n14.mtx,196651,196651,98351202,196651,196652,310831776,216,128,2.74,21.4,9.2,29.1,2.54e+03
synthetic_196651_196651_98351202_avg500.1307_std186.4506_random_bw9838.8452_skew100.9693_neigh0.9828_cross0.1444_n14.mtx,196651,196651,98351202,196651,196652,252661568,157,128,2.24,17.5,11.3,28.9,2.06e+03
synthetic_196651_196651_98521614_avg500.9973_std442.3249_random_bw117970.3963_skew391.5191_neigh0.0623_cross0.9407_n14.mtx,196651,196651,98521614,196651,196652,463265024,370,128,4.69,36.7,5.37,25.3,3.78e+03
synthetic_196651_196651_98521614_avg500.9973_std442.3249_random_bw117974.683_skew391.5191_neigh0.5068_cross0.9412_n14.mtx,196651,196651,98521614,196651,196652,398639424,305,128,4.14,32.3,6.09,24.7,3.26e+03
synthetic_196651_196651_98521614_avg500.9973_std442.3249_random_bw117986.0626_skew391.5191_neigh0.9522_cross0.9414_n14.mtx,196651,196651,98521614,196651,196652,334309728,239,128,3.59,28,7.03,23.9,2.73e+03
synthetic_196651_196651_98521614_avg500.9973_std442.3249_random_bw117988.6026_skew391.5191_neigh0.5069_cross0.4982_n14.mtx,196651,196651,98521614,196651,196652,398566944,305,128,4.15,32.4,6.08,24.6,3.26e+03
synthetic_196651_196651_98521614_avg500.9973_std442.3249_random_bw117991.0306_skew391.5191_neigh0.5068_cross0.0596_n14.mtx,196651,196651,98521614,196651,196652,398548608,305,128,4.15,32.4,6.08,24.6,3.26e+03
synthetic_196651_196651_98521614_avg500.9973_std442.3249_random_bw117992.0644_skew391.5191_neigh0.0619_cross0.5003_n14.mtx,196651,196651,98521614,196651,196652,463298944,370,128,4.7,36.7,5.37,25.2,3.78e+03
synthetic_196651_196651_98521614_avg500.9973_std442.3249_random_bw117992.1502_skew391.5191_neigh0.0619_cross0.0611_n14.mtx,196651,196651,98521614,196651,196652,463251168,370,128,4.7,36.7,5.37,25.2,3.78e+03
synthetic_196651_196651_98521614_avg500.9973_std442.3249_random_bw117993.1841_skew391.5191_neigh0.953_cross0.0576_n14.mtx,196651,196651,98521614,196651,196652,334298016,239,128,3.6,28.1,7.01,23.8,2.73e+03
synthetic_196651_196651_98521614_avg500.9973_std442.3249_random_bw117994.8583_skew391.5191_neigh0.9528_cross0.4992_n14.mtx,196651,196651,98521614,196651,196652,334322720,239,128,3.6,28.1,7.01,23.8,2.73e+03
synthetic_196651_196651_98521614_avg500.9973_std442.3249_random_bw9842.2684_skew391.5191_neigh0.1502_cross0.9481_n14.mtx,196651,196651,98521614,196651,196652,366928384,272,128,3.25,25.4,7.75,28.9,3e+03
synthetic_196651_196651_98521614_avg500.9973_std442.3249_random_bw9843.52_skew391.5191_neigh0.1499_cross0.5662_n14.mtx,196651,196651,98521614,196651,196652,367009408,273,128,3.26,25.4,7.75,28.9,3e+03
synthetic_196651_196651_98521614_avg500.9973_std442.3249_random_bw9843.5885_skew391.5191_neigh0.1499_cross0.1846_n14.mtx,196651,196651,98521614,196651,196652,366990080,272,128,3.25,25.4,7.75,28.9,3e+03
synthetic_250268_250268_125033583_avg499.5988_std166.3484_random_bw11390.3869_skew1.53_neigh0.9789_cross0.4591_n14.mtx,250268,250268,125033583,250268,250268,324261952,159,128,2.88,22.5,11.1,28.8,2.65e+03
synthetic_250268_250268_125033583_avg499.5988_std166.3484_random_bw11394.3344_skew1.53_neigh0.5562_cross0.4692_n14.mtx,250268,250268,125033583,250268,250268,398653728,219,128,3.52,27.5,9.1,29,3.26e+03
synthetic_250268_250268_125033583_avg499.5988_std166.3484_random_bw11400.284_skew1.53_neigh0.1431_cross0.4764_n14.mtx,250268,250268,125033583,250268,250268,469731008,276,128,4.13,32.2,7.75,29.1,3.84e+03
synthetic_250268_250268_125033583_avg499.5988_std166.3484_random_bw12385.5895_skew1.53_neigh0.9766_cross0.1177_n14.mtx,250268,250268,125033583,250268,250268,326329952,161,128,2.9,22.6,11,28.8,2.66e+03
synthetic_250268_250268_125033583_avg499.5988_std166.3484_random_bw12392.414_skew1.53_neigh0.1345_cross0.1496_n14.mtx,250268,250268,125033583,250268,250268,473943584,279,128,4.16,32.5,7.69,29.1,3.87e+03
synthetic_250268_250268_125033583_avg499.5988_std166.3484_random_bw12393.3621_skew1.53_neigh0.551_cross0.1333_n14.mtx,250268,250268,125033583,250268,250268,401665216,221,128,3.54,27.7,9.03,29,3.28e+03
synthetic_250268_250268_125033583_avg499.5988_std166.3484_random_bw148566.3643_skew1.53_neigh0.9506_cross0.0479_n14.mtx,250268,250268,125033583,250268,250268,449959744,260,128,5,39.1,6.4,23,3.68e+03
synthetic_250268_250268_125033583_avg499.5988_std166.3484_random_bw9255.1516_skew1.53_neigh1.0081_cross0.8017_n14.mtx,250268,250268,125033583,250268,250268,312457120,150,128,2.78,21.7,11.5,28.8,2.55e+03
synthetic_250268_250268_125033583_avg499.5988_std166.3484_random_bw9265.1946_skew1.53_neigh0.6124_cross0.8027_n14.mtx,250268,250268,125033583,250268,250268,378302016,203,128,3.34,26.1,9.57,29,3.09e+03
synthetic_250268_250268_125033583_avg499.5988_std166.3484_random_bw9266.4931_skew1.53_neigh0.2339_cross0.8035_n14.mtx,250268,250268,125033583,250268,250268,439091328,251,128,3.87,30.2,8.28,29.1,3.59e+03
synthetic_250268_250268_125383768_avg500.998_std499.2675_random_bw12519.4878_skew498.5389_neigh0.1293_cross0.551_n14.mtx,250268,250268,125383768,250268,250268,477899008,281,128,4.25,33.2,7.55,28.8,3.9e+03
synthetic_250268_250268_125383768_avg500.998_std499.2675_random_bw75085.0269_skew498.5389_neigh0.9546_cross0.0623_n14.mtx,250268,250268,125383768,250268,250268,387714528,209,128,3.94,30.8,8.15,25.2,3.17e+03
synthetic_250268_250268_125383768_avg500.998_std499.2675_random_bw75086.2982_skew498.5389_neigh0.955_cross0.942_n14.mtx,250268,250268,125383768,250268,250268,387557504,209,128,3.93,30.7,8.16,25.2,3.17e+03
synthetic_250268_250268_125383768_avg500.998_std499.2675_random_bw75086.4032_skew498.5389_neigh0.9545_cross0.5012_n14.mtx,250268,250268,125383768,250268,250268,387641536,209,128,3.94,30.8,8.15,25.2,3.17e+03
synthetic_303884_303884_151967061_avg500.0825_std179.3975_random_bw14929.8912_skew100.9792_neigh0.9623_cross0.943_n14.mtx,303884,303884,151967061,303884,303884,401411360,164,128,3.59,28.1,10.8,28.6,3.28e+03
synthetic_303884_303884_152245311_avg500.9981_std550.3488_random_bw15193.9942_skew605.5572_neigh0.5398_cross0.9446_n14.mtx,303884,303884,152245311,303884,303884,494433024,225,128,4.45,34.8,8.75,28.4,4.04e+03
synthetic_303884_303884_152245311_avg500.9981_std550.3488_random_bw15196.7759_skew605.5572_neigh0.5402_cross0.5341_n14.mtx,303884,303884,152245311,303884,303884,494446240,225,128,4.45,34.8,8.75,28.4,4.04e+03
synthetic_303884_303884_152245311_avg500.9981_std550.3488_random_bw15196.9576_skew605.5572_neigh0.5402_cross0.1256_n14.mtx,303884,303884,152245311,303884,303884,494480480,225,128,4.46,34.8,8.75,28.4,4.04e+03
synthetic_303884_303884_152245311_avg500.9981_std550.3488_random_bw15199.1177_skew605.5572_neigh0.9711_cross0.1119_n14.mtx,303884,303884,152245311,303884,303884,400184000,163,128,3.65,28.5,10.7,28.1,3.27e+03
synthetic_303884_303884_152245311_avg500.9981_std550.3488_random_bw91161.0746_skew605.5572_neigh0.9535_cross0.9414_n14.mtx,303884,303884,152245311,303884,303884,488682752,221,128,5.07,39.6,7.68,24.7,3.99e+03
synthetic_303884_303884_152245384_avg500.9984_std550.3488_random_bw91161.3755_skew605.5569_neigh0.9536_cross0.9414_n14.mtx,303884,303884,152245384,303884,303884,488668352,221,128,5.07,39.6,7.68,24.7,3.99e+03
synthetic_303884_303884_152245384_avg500.9984_std550.3488_random_bw91169.4621_skew605.5569_neigh0.9539_cross0.0597_n14.mtx,303884,303884,152245384,303884,303884,488528192,221,128,5.08,39.7,7.67,24.6,3.99e+03
synthetic_303884_303884_152245384_avg500.9984_std550.3488_random_bw91170.388_skew605.5569_neigh0.9536_cross0.5021_n14.mtx,303884,303884,152245384,303884,303884,488527392,221,128,5.08,39.7,7.67,24.6,3.99e+03
synthetic_980644_980644_98186151_avg100.1242_std34.1162_random_bw48312.4519_skew100.8735_neigh0.4899_cross0.9459_n14.mtx,980644,980644,98186151,980644,980644,484395488,393,128,5.59,43.6,4.5,22.2,3.96e+03
synthetic_980644_980644_98186151_avg100.1242_std34.1162_random_bw48971.5586_skew100.8735_neigh0.9412_cross0.4997_n14.mtx,980644,980644,98186151,980644,980644,439159520,347,128,5.25,41,4.79,21.4,3.59e+03
synthetic_980644_980644_98186151_avg100.1242_std34.1162_random_bw48986.718_skew100.8735_neigh0.4976_cross0.5008_n14.mtx,980644,980644,98186151,980644,980644,488347072,397,128,5.65,44.2,4.45,22.1,3.99e+03
synthetic_980644_980644_98186151_avg100.1242_std34.1162_random_bw49012.0585_skew100.8735_neigh0.9419_cross0.0537_n14.mtx,980644,980644,98186151,980644,980644,439390592,348,128,5.25,41,4.79,21.4,3.59e+03
synthetic_980644_980644_98186151_avg100.1242_std34.1162_random_bw49028.2437_skew100.8735_neigh0.4978_cross0.0542_n14.mtx,980644,980644,98186151,980644,980644,488593760,398,128,5.66,44.2,4.44,22.1,3.99e+03
synthetic_1421827_1421827_71069098_avg49.9843_std16.6615_random_bw51293.4197_skew1.7008_neigh0.8918_cross0.8058_n14.mtx,1421827,1421827,71069098,1421827,1421828,490908320,591,128,7.41,57.9,2.46,17,4.01e+03
synthetic_143035_143035_71449786_avg499.5266_std166.1713_random_bw5325.5856_skew1.5304_neigh0.3579_cross0.8084_n14.mtx,143035,143035,71449786,143035,143036,227647840,219,128,1.99,15.5,9.2,29.3,1.86e+03
synthetic_143035_143035_71449786_avg499.5266_std166.1713_random_bw5329.0375_skew1.5304_neigh0.6908_cross0.8063_n14.mtx,143035,143035,71449786,143035,143036,200033056,180,128,1.75,13.7,10.4,29.2,1.63e+03
synthetic_143035_143035_71449786_avg499.5266_std166.1713_random_bw6521.7278_skew1.5304_neigh0.5999_cross0.5032_n14.mtx,143035,143035,71449786,143035,143036,215852736,202,128,1.89,14.7,9.69,29.3,1.76e+03
synthetic_143035_143035_71449786_avg499.5266_std166.1713_random_bw6532.0318_skew1.5304_neigh0.2125_cross0.5165_n14.mtx,143035,143035,71449786,143035,143036,251510496,252,128,2.19,17.1,8.34,29.4,2.05e+03
synthetic_143035_143035_71449786_avg499.5266_std166.1713_random_bw7087.3279_skew1.5304_neigh0.9985_cross0.1727_n14.mtx,143035,143035,71449786,143035,143036,178346624,150,128,1.56,12.2,11.7,29.2,1.46e+03
synthetic_143035_143035_71449786_avg499.5266_std166.1713_random_bw7094.2665_skew1.5304_neigh0.5905_cross0.1981_n14.mtx,143035,143035,71449786,143035,143036,217806752,205,128,1.9,14.9,9.61,29.3,1.78e+03
synthetic_143035_143035_71449786_avg499.5266_std166.1713_random_bw7102.4131_skew1.5304_neigh0.1974_cross0.223_n14.mtx,143035,143035,71449786,143035,143036,254530144,256,128,2.22,17.3,8.24,29.4,2.08e+03
synthetic_143035_143035_71449786_avg499.5266_std166.1713_random_bw84926.6003_skew1.5304_neigh0.9524_cross0.0526_n14.mtx,143035,143035,71449786,143035,143036,227415232,218,128,2.32,18.1,7.88,25.1,1.86e+03
synthetic_143035_143035_71543578_avg500.1823_std194.0056_random_bw42148.0415_skew100.9588_neigh0.9482_cross0.9413_n14.mtx,143035,143035,71543578,143035,143036,205776960,188,128,1.95,15.3,9.38,27,1.68e+03
synthetic_143035_143035_71543578_avg500.1823_std194.0056_random_bw42150.278_skew100.9588_neigh0.5115_cross0.9408_n14.mtx,143035,143035,71543578,143035,143036,251768320,252,128,2.35,18.3,7.8,27.5,2.06e+03
synthetic_143035_143035_71543578_avg500.1823_std194.0056_random_bw42860.2763_skew100.9588_neigh0.9566_cross0.5075_n14.mtx,143035,143035,71543578,143035,143036,204893440,186,128,1.95,15.2,9.41,27,1.67e+03
synthetic_143035_143035_71543578_avg500.1823_std194.0056_random_bw42910.3661_skew100.9588_neigh0.9572_cross0.0716_n14.mtx,143035,143035,71543578,143035,143036,204845472,186,128,1.95,15.2,9.42,27,1.67e+03
synthetic_143035_143035_71660012_avg500.9963_std376.8763_random_bw42910.0584_skew284.5011_neigh0.5164_cross0.9422_n14.mtx,143035,143035,71660012,143035,143036,251794432,251,128,2.37,18.5,7.74,27.2,2.06e+03
synthetic_143035_143035_71660012_avg500.9963_std376.8763_random_bw42911.1527_skew284.5011_neigh0.0755_cross0.942_n14.mtx,143035,143035,71660012,143035,143036,298094592,316,128,2.77,21.6,6.63,27.6,2.43e+03
synthetic_143035_143035_71660012_avg500.9963_std376.8763_random_bw42913.579_skew284.5011_neigh0.0759_cross0.5119_n14.mtx,143035,143035,71660012,143035,143036,298172576,316,128,2.77,21.6,6.63,27.6,2.44e+03
synthetic_143035_143035_71660012_avg500.9963_std376.8763_random_bw42913.9611_skew284.5011_neigh0.5155_cross0.0767_n14.mtx,143035,143035,71660012,143035,143036,251843072,251,128,2.37,18.5,7.74,27.2,2.06e+03
synthetic_143035_143035_71660012_avg500.9963_std376.8763_random_bw42913.9891_skew284.5011_neigh0.0758_cross0.081_n14.mtx,143035,143035,71660012,143035,143036,298204320,316,128,2.77,21.6,6.63,27.6,2.44e+03
synthetic_143035_143035_71660012_avg500.9963_std376.8763_random_bw42914.5523_skew284.5011_neigh0.9578_cross0.0721_n14.mtx,143035,143035,71660012,143035,143036,205040736,186,128,1.97,15.4,9.31,26.6,1.67e+03
synthetic_143035_143035_71660012_avg500.9963_std376.8763_random_bw42914.8842_skew284.5011_neigh0.5152_cross0.5093_n14.mtx,143035,143035,71660012,143035,143036,251903392,252,128,2.37,18.5,7.74,27.2,2.06e+03
synthetic_143035_143035_71660012_avg500.9963_std376.8763_random_bw7162.3666_skew284.5011_neigh0.9951_cross0.5627_n14.mtx,143035,143035,71660012,143035,143036,179741856,151,128,1.61,12.6,11.4,28.6,1.47e+03
synthetic_143035_143035_71660012_avg500.9963_std376.8763_random_bw7162.4135_skew284.5011_neigh0.9951_cross0.1815_n14.mtx,143035,143035,71660012,143035,143036,179741952,151,128,1.61,12.6,11.4,28.6,1.47e+03
synthetic_143035_143035_71660012_avg500.9963_std376.8763_random_bw7162.6072_skew284.5011_neigh0.9956_cross0.9479_n14.mtx,143035,143035,71660012,143035,143036,179636192,151,128,1.61,12.6,11.4,28.6,1.47e+03
synthetic_143035_143035_71660012_avg500.9963_std376.8763_random_bw7166.0725_skew284.5011_neigh0.5833_cross0.9508_n14.mtx,143035,143035,71660012,143035,143036,220198112,207,128,1.96,15.3,9.38,28.8,1.8e+03
synthetic_143035_143035_71660012_avg500.9963_std376.8763_random_bw7166.7366_skew284.5011_neigh0.5837_cross0.5786_n14.mtx,143035,143035,71660012,143035,143036,220073120,207,128,1.95,15.3,9.39,28.8,1.8e+03
synthetic_143035_143035_71660012_avg500.9963_std376.8763_random_bw7166.9876_skew284.5011_neigh0.5836_cross0.2065_n14.mtx,143035,143035,71660012,143035,143036,220079520,207,128,1.95,15.3,9.39,28.8,1.8e+03
synthetic_143035_143035_71660012_avg500.9963_std376.8763_random_bw7174.3286_skew284.5011_neigh0.1861_cross0.9515_n14.mtx,143035,143035,71660012,143035,143036,257688416,260,128,2.28,17.8,8.06,29,2.1e+03
synthetic_143035_143035_71660012_avg500.9963_std376.8763_random_bw85811.5743_skew284.5011_neigh0.0651_cross0.9415_n14.mtx,143035,143035,71660012,143035,143036,322638560,350,128,3.15,24.6,5.83,26.2,2.64e+03
synthetic_143035_143035_71660012_avg500.9963_std376.8763_random_bw85813.4522_skew284.5011_neigh0.9544_cross0.9408_n14.mtx,143035,143035,71660012,143035,143036,228287904,219,128,2.34,18.3,7.85,25,1.86e+03
synthetic_143035_143035_71660012_avg500.9963_std376.8763_random_bw85813.6461_skew284.5011_neigh0.5081_cross0.9414_n14.mtx,143035,143035,71660012,143035,143036,275651680,285,128,2.74,21.4,6.68,25.7,2.25e+03
synthetic_143035_143035_71660012_avg500.9963_std376.8763_random_bw85819.2511_skew284.5011_neigh0.0649_cross0.5031_n14.mtx,143035,143035,71660012,143035,143036,322732288,350,128,3.15,24.6,5.82,26.2,2.64e+03
synthetic_143035_143035_71660012_avg500.9963_std376.8763_random_bw85819.9931_skew284.5011_neigh0.0648_cross0.0659_n14.mtx,143035,143035,71660012,143035,143036,322693248,350,128,3.15,24.6,5.82,26.2,2.64e+03
synthetic_143035_143035_71660012_avg500.9963_std376.8763_random_bw85820.5824_skew284.5011_neigh0.954_cross0.4995_n14.mtx,143035,143035,71660012,143035,143036,228288256,219,128,2.34,18.3,7.84,25,1.86e+03
synthetic_143035_143035_71660012_avg500.9963_std376.8763_random_bw85822.0499_skew284.5011_neigh0.5087_cross0.063_n14.mtx,143035,143035,71660012,143035,143036,275794272,285,128,2.75,21.5,6.68,25.7,2.25e+03
synthetic_143035_143035_71660012_avg500.9963_std376.8763_random_bw85822.4036_skew284.5011_neigh0.5085_cross0.5026_n14.mtx,143035,143035,71660012,143035,143036,275785920,285,128,2.75,21.5,6.68,25.7,2.25e+03
synthetic_143035_143035_71660012_avg500.9963_std376.8763_random_bw85823.5128_skew284.5011_neigh0.9541_cross0.0608_n14.mtx,143035,143035,71660012,143035,143036,228294912,219,128,2.34,18.3,7.84,25,1.86e+03
synthetic_143035_143035_71660035_avg500.9965_std376.8763_random_bw7174.3853_skew284.501_neigh0.1861_cross0.9515_n14.mtx,143035,143035,71660035,143035,143036,257689152,260,128,2.28,17.8,8.06,29,2.1e+03
synthetic_143035_143035_71660035_avg500.9965_std376.8763_random_bw7174.3975_skew284.501_neigh0.1856_cross0.5941_n14.mtx,143035,143035,71660035,143035,143036,257864832,260,128,2.28,17.8,8.05,29,2.11e+03
synthetic_143035_143035_71660035_avg500.9965_std376.8763_random_bw7174.5274_skew284.501_neigh0.1855_cross0.2316_n14.mtx,143035,143035,71660035,143035,143036,257870848,260,128,2.28,17.8,8.05,29,2.11e+03
synthetic_143035_143035_71660035_avg500.9965_std376.8763_random_bw85812.1224_skew284.501_neigh0.0651_cross0.9415_n14.mtx,143035,143035,71660035,143035,143036,322643808,350,128,3.15,24.6,5.83,26.2,2.64e+03
synthetic_143035_143035_71660035_avg500.9965_std376.8763_random_bw85819.1562_skew284.501_neigh0.0649_cross0.5032_n14.mtx,143035,143035,71660035,143035,143036,322731936,350,128,3.15,24.6,5.82,26.2,2.64e+03
synthetic_143035_143035_71660035_avg500.9965_std376.8763_random_bw85819.9942_skew284.501_neigh0.0648_cross0.0659_n14.mtx,143035,143035,71660035,143035,143036,322690752,350,128,3.15,24.6,5.82,26.2,2.64e+03
synthetic_143035_143035_71660035_avg500.9965_std376.8763_random_bw85822.0142_skew284.501_neigh0.5087_cross0.063_n14.mtx,143035,143035,71660035,143035,143036,275795456,285,128,2.75,21.5,6.68,25.7,2.25e+03
synthetic_143035_143035_71660035_avg500.9965_std376.8763_random_bw85822.2017_skew284.501_neigh0.5085_cross0.5028_n14.mtx,143035,143035,71660035,143035,143036,275786496,285,128,2.75,21.5,6.68,25.7,2.25e+03
synthetic_445906_445906_44690704_avg100.2245_std149.9036_random_bw133708.6573_skew998.7556_neigh0.9432_cross0.9409_n14.mtx,445906,445906,44690704,445906,445908,384733408,761,128,4.99,39,2.29,19.7,3.14e+03
synthetic_445906_445906_44690704_avg100.2245_std149.9036_random_bw133722.3509_skew998.7556_neigh0.9421_cross0.0508_n14.mtx,445906,445906,44690704,445906,445908,385110144,762,128,5.14,40.1,2.23,19.2,3.15e+03
synthetic_445906_445906_44690704_avg100.2245_std149.9036_random_bw133729.2114_skew998.7556_neigh0.9424_cross0.4949_n14.mtx,445906,445906,44690704,445906,445908,385050688,762,128,5.13,40.1,2.23,19.2,3.15e+03
synthetic_445906_445906_44690704_avg100.2245_std149.9036_random_bw133744.5149_skew998.7556_neigh0.0542_cross0.9415_n14.mtx,445906,445906,44690704,445906,445908,456770848,922,128,5.64,44.1,2.03,20.7,3.73e+03
synthetic_445906_445906_44690704_avg100.2245_std149.9036_random_bw133764.3162_skew998.7556_neigh0.4991_cross0.9416_n14.mtx,445906,445906,44690704,445906,445908,433101024,869,128,5.43,42.4,2.11,20.4,3.54e+03
synthetic_445906_445906_44690704_avg100.2245_std149.9036_random_bw133769.3014_skew998.7556_neigh0.4979_cross0.4973_n14.mtx,445906,445906,44690704,445906,445908,433400576,870,128,5.53,43.2,2.07,20.1,3.54e+03
synthetic_445906_445906_44690704_avg100.2245_std149.9036_random_bw133771.9324_skew998.7556_neigh0.4982_cross0.0513_n14.mtx,445906,445906,44690704,445906,445908,433314528,870,128,5.53,43.2,2.07,20,3.54e+03
synthetic_445906_445906_44690704_avg100.2245_std149.9036_random_bw22289.2848_skew998.7556_neigh0.9463_cross0.9415_n14.mtx,445906,445906,44690704,445906,445908,152685568,242,128,1.63,12.8,7.01,23.9,1.25e+03
synthetic_445906_445906_45036406_avg100.9998_std667.6114_random_bw133735.9883_skew4413.9207_neigh0.0704_cross0.9415_n14.mtx,445906,445906,45036406,445906,445908,457049952,915,128,5.72,44.7,2.01,20.4,3.73e+03
synthetic_445906_445906_45036406_avg100.9998_std667.6114_random_bw133759.3588_skew4413.9207_neigh0.0702_cross0.0514_n14.mtx,445906,445906,45036406,445906,445908,457463488,916,128,5.8,45.3,1.99,20.2,3.74e+03
synthetic_445906_445906_45036406_avg100.9998_std667.6114_random_bw133769.044_skew4413.9207_neigh0.0702_cross0.4962_n14.mtx,445906,445906,45036406,445906,445908,457518976,916,128,5.8,45.3,1.99,20.2,3.74e+03
synthetic_445906_445906_45036406_avg100.9998_std667.6114_random_bw22288.3081_skew4413.9207_neigh0.5151_cross0.501_n14.mtx,445906,445906,45036406,445906,445908,182120384,304,128,1.97,15.4,5.85,23.7,1.49e+03
synthetic_445906_445906_45036406_avg100.9998_std667.6114_random_bw22288.4018_skew4413.9207_neigh0.5162_cross0.942_n14.mtx,445906,445906,45036406,445906,445908,181960224,304,128,1.97,15.4,5.86,23.7,1.49e+03
synthetic_445906_445906_45036406_avg100.9998_std667.6114_random_bw22290.1235_skew4413.9207_neigh0.515_cross0.0602_n14.mtx,445906,445906,45036406,445906,445908,182152320,304,128,1.97,15.4,5.85,23.6,1.49e+03
synthetic_445906_445906_45036406_avg100.9998_std667.6114_random_bw22292.7662_skew4413.9207_neigh0.0773_cross0.9418_n14.mtx,445906,445906,45036406,445906,445908,212068352,371,128,2.22,17.4,5.18,24.4,1.73e+03
synthetic_445906_445906_45036406_avg100.9998_std667.6114_random_bw22293.9761_skew4413.9207_neigh0.0771_cross0.5014_n14.mtx,445906,445906,45036406,445906,445908,212074688,371,128,2.23,17.4,5.18,24.4,1.73e+03
synthetic_445906_445906_45036406_avg100.9998_std667.6114_random_bw22294.3709_skew4413.9207_neigh0.0771_cross0.0619_n14.mtx,445906,445906,45036406,445906,445908,212071488,371,128,2.23,17.4,5.18,24.4,1.73e+03
synthetic_713275_713275_71427780_avg100.1406_std118.5239_random_bw35659.7064_skew999.5933_neigh0.0574_cross0.5007_n14.mtx,713275,713275,71427780,713275,713276,372299552,421,128,3.98,31.1,4.59,23.9,3.04e+03
synthetic_713275_713275_71427780_avg100.1406_std118.5239_random_bw35660.5046_skew999.5933_neigh0.0575_cross0.0578_n14.mtx,713275,713275,71427780,713275,713276,372153824,421,128,3.98,31.1,4.59,23.9,3.04e+03
synthetic_888859_888859_44493316_avg50.0567_std53.0879_random_bw44411.1274_skew999.8657_neigh0.493_cross0.4989_n14.mtx,888859,888859,44493316,888859,888860,328634720,639,128,4.05,31.7,2.81,20.8,2.69e+03
synthetic_888859_888859_44493316_avg50.0567_std53.0879_random_bw44413.8963_skew999.8657_neigh0.4929_cross0.0525_n14.mtx,888859,888859,44493316,888859,888860,328575200,638,128,4.05,31.7,2.81,20.7,2.68e+03
synthetic_888859_888859_44493316_avg50.0567_std53.0879_random_bw44428.0614_skew999.8657_neigh0.4923_cross0.9461_n14.mtx,888859,888859,44493316,888859,888860,328509120,638,128,4,31.2,2.85,21,2.68e+03
synthetic_888859_888859_44493316_avg50.0567_std53.0879_random_bw44434.723_skew999.8657_neigh0.0532_cross0.0531_n14.mtx,888859,888859,44493316,888859,888860,338913728,662,128,4.13,32.3,2.76,21,2.77e+03
synthetic_888859_888859_44493316_avg50.0567_std53.0879_random_bw44437.5137_skew999.8657_neigh0.0533_cross0.4989_n14.mtx,888859,888859,44493316,888859,888860,338929376,662,128,4.13,32.2,2.76,21,2.77e+03
synthetic_888859_888859_44493316_avg50.0567_std53.0879_random_bw44445.5444_skew999.8657_neigh0.0534_cross0.9454_n14.mtx,888859,888859,44493316,888859,888860,338706112,661,128,4.09,31.9,2.79,21.2,2.77e+03
synthetic_888859_888859_44493316_avg50.0567_std53.0879_random_bw44476.6447_skew999.8657_neigh0.9329_cross0.0518_n14.mtx,888859,888859,44493316,888859,888860,307717024,592,128,3.91,30.5,2.92,20.2,2.51e+03
synthetic_888859_888859_44493316_avg50.0567_std53.0879_random_bw44476.9711_skew999.8657_neigh0.9329_cross0.4989_n14.mtx,888859,888859,44493316,888859,888860,307732832,592,128,3.9,30.5,2.92,20.2,2.51e+03
synthetic_888859_888859_44493316_avg50.0567_std53.0879_random_bw44508.7456_skew999.8657_neigh0.932_cross0.9458_n14.mtx,888859,888859,44493316,888859,888860,307848288,592,128,3.83,29.9,2.97,20.6,2.52e+03
synthetic_888859_888859_44543078_avg50.1126_std17.0975_random_bw44476.942_skew100.7707_neigh0.9318_cross0.4989_n14.mtx,888859,888859,44543078,888859,888860,307919296,591,128,3.9,30.5,2.92,20.2,2.52e+03
synthetic_888859_888859_44543078_avg50.1126_std17.0975_random_bw44506.0618_skew100.7707_neigh0.9309_cross0.9458_n14.mtx,888859,888859,44543078,888859,888860,308036768,592,128,3.83,29.9,2.98,20.6,2.52e+03
synthetic_888859_888859_44943000_avg50.5626_std530.3917_random_bw44435.2146_skew9889.7146_neigh0.0727_cross0.0531_n14.mtx,888859,888859,44943000,888859,888860,339362624,655,128,4.24,33.2,2.71,20.5,2.77e+03
synthetic_888859_888859_44943000_avg50.5626_std530.3917_random_bw44437.7094_skew9889.7146_neigh0.0728_cross0.4989_n14.mtx,888859,888859,44943000,888859,888860,339380352,655,128,4.24,33.1,2.71,20.5,2.77e+03
synthetic_89418_89418_44642063_avg499.2514_std165.8736_random_bw3346.5149_skew1.5058_neigh1.1157_cross0.8107_n14.mtx,89418,89418,44642063,89418,89420,98615776,121,128,0.861,6.73,13.3,29.3,805
synthetic_89418_89418_44642063_avg499.2514_std165.8736_random_bw3361.0337_skew1.5058_neigh0.7962_cross0.812_n14.mtx,89418,89418,44642063,89418,89420,114615936,157,128,0.998,7.8,11.5,29.4,936
synthetic_89418_89418_44642063_avg499.2514_std165.8736_random_bw3365.9343_skew1.5058_neigh0.5128_cross0.8143_n14.mtx,89418,89418,44642063,89418,89420,127842592,186,128,1.11,8.69,10.3,29.4,1.04e+03
synthetic_89418_89418_44642063_avg499.2514_std165.8736_random_bw39480.8563_skew1.5058_neigh0.9593_cross0.798_n14.mtx,89418,89418,44642063,89418,89420,126635200,184,128,1.23,9.64,9.26,26.3,1.03e+03
synthetic_89418_89418_44642063_avg499.2514_std165.8736_random_bw39566.6163_skew1.5058_neigh0.5246_cross0.7974_n14.mtx,89418,89418,44642063,89418,89420,154985376,247,128,1.48,11.5,7.74,26.9,1.27e+03
synthetic_89418_89418_44642063_avg499.2514_std165.8736_random_bw39581.7981_skew1.5058_neigh0.0949_cross0.7973_n14.mtx,89418,89418,44642063,89418,89420,182592992,309,128,1.71,13.4,6.67,27.3,1.49e+03
synthetic_89418_89418_44642063_avg499.2514_std165.8736_random_bw4082.8176_skew1.5058_neigh1.0376_cross0.5284_n14.mtx,89418,89418,44642063,89418,89420,106620512,139,128,0.929,7.26,12.3,29.4,871
synthetic_89418_89418_44642063_avg499.2514_std165.8736_random_bw4094.2424_skew1.5058_neigh0.661_cross0.5485_n14.mtx,89418,89418,44642063,89418,89420,127573088,186,128,1.11,8.67,10.3,29.4,1.04e+03
synthetic_89418_89418_44642063_avg499.2514_std165.8736_random_bw4112.449_skew1.5058_neigh0.3082_cross0.5647_n14.mtx,89418,89418,44642063,89418,89420,146090848,227,128,1.27,9.91,9.01,29.5,1.19e+03
synthetic_89418_89418_44642063_avg499.2514_std165.8736_random_bw4439.7606_skew1.5058_neigh1.0298_cross0.2463_n14.mtx,89418,89418,44642063,89418,89420,107789504,141,128,0.939,7.34,12.2,29.4,880
synthetic_89418_89418_44642063_avg499.2514_std165.8736_random_bw4456.1419_skew1.5058_neigh0.6462_cross0.282_n14.mtx,89418,89418,44642063,89418,89420,129509120,190,128,1.13,8.8,10.2,29.4,1.06e+03
synthetic_89418_89418_44642063_avg499.2514_std165.8736_random_bw4473.3018_skew1.5058_neigh0.2843_cross0.3163_n14.mtx,89418,89418,44642063,89418,89420,148938080,234,128,1.29,10.1,8.84,29.5,1.22e+03
synthetic_89418_89418_44642063_avg499.2514_std165.8736_random_bw48792.6587_skew1.5058_neigh0.0717_cross0.4344_n14.mtx,89418,89418,44642063,89418,89420,188309344,322,128,1.76,13.8,6.49,27.4,1.54e+03
synthetic_89418_89418_44642063_avg499.2514_std165.8736_random_bw48820.4258_skew1.5058_neigh0.9547_cross0.4298_n14.mtx,89418,89418,44642063,89418,89420,130259008,192,128,1.26,9.88,9.04,26.4,1.06e+03
synthetic_89418_89418_44642063_avg499.2514_std165.8736_random_bw48865.5204_skew1.5058_neigh0.5114_cross0.4302_n14.mtx,89418,89418,44642063,89418,89420,159491904,257,128,1.52,11.8,7.54,26.9,1.3e+03
synthetic_89418_89418_44642063_avg499.2514_std165.8736_random_bw53114.6214_skew1.5058_neigh0.9548_cross0.0594_n14.mtx,89418,89418,44642063,89418,89420,131740960,195,128,1.28,9.98,8.95,26.4,1.08e+03
synthetic_89418_89418_44642063_avg499.2514_std165.8736_random_bw53122.5181_skew1.5058_neigh0.511_cross0.0639_n14.mtx,89418,89418,44642063,89418,89420,161029952,261,128,1.53,11.9,7.48,27,1.32e+03
synthetic_89418_89418_44735942_avg500.3013_std210.7955_random_bw4518.2435_skew100.9346_neigh0.264_cross0.3265_n14.mtx,89418,89418,44735942,89418,89420,151660192,239,128,1.33,10.4,8.64,29.3,1.24e+03
synthetic_89418_89418_44735942_avg500.3013_std210.7955_random_bw53649.9895_skew100.9346_neigh0.0709_cross0.0757_n14.mtx,89418,89418,44735942,89418,89420,190413248,326,128,1.78,13.9,6.44,27.4,1.56e+03
synthetic_89418_89418_44797906_avg500.9943_std297.3547_random_bw53648.912_skew177.4811_neigh0.5129_cross0.9426_n14.mtx,89418,89418,44797906,89418,89420,161656320,261,128,1.54,12,7.44,26.9,1.32e+03
synthetic_89418_89418_44797906_avg500.9943_std297.3547_random_bw53649.6725_skew177.4811_neigh0.0715_cross0.9411_n14.mtx,89418,89418,44797906,89418,89420,190668608,326,128,1.79,14,6.41,27.3,1.56e+03
synthetic_89418_89418_44797906_avg500.9943_std297.3547_random_bw53652.1288_skew177.4811_neigh0.0715_cross0.5101_n14.mtx,89418,89418,44797906,89418,89420,190651200,326,128,1.79,14,6.41,27.3,1.56e+03
synthetic_89418_89418_44797906_avg500.9943_std297.3547_random_bw53653.0161_skew177.4811_neigh0.5127_cross0.0722_n14.mtx,89418,89418,44797906,89418,89420,161568960,261,128,1.54,12,7.44,26.9,1.32e+03
synthetic_89418_89418_44797906_avg500.9943_std297.3547_random_bw53655.044_skew177.4811_neigh0.5127_cross0.5072_n14.mtx,89418,89418,44797906,89418,89420,161517760,261,128,1.54,12,7.45,26.9,1.32e+03
synthetic_980644_980644_98165518_avg100.1031_std101.0881_random_bw49032.1682_skew999.9679_neigh0.4991_cross0.0546_n14.mtx,980644,980644,98165518,980644,980644,488432256,398,128,5.67,44.3,4.44,22.1,3.99e+03
synthetic_980644_980644_98165518_avg100.1031_std101.0881_random_bw49033.0749_skew999.9679_neigh0.4993_cross0.4999_n14.mtx,980644,980644,98165518,980644,980644,488473312,398,128,5.66,44.3,4.44,22.1,3.99e+03
synthetic_980644_980644_98186151_avg100.1242_std34.1162_random_bw48321.8106_skew100.8735_neigh0.9285_cross0.9457_n14.mtx,980644,980644,98186151,980644,980644,435995456,344,128,5.17,40.4,4.86,21.6,3.56e+03
