synthetic_161000_161000_avg420_std0.64_random_n14,161000,161000,67539436,161000,161000,362458816,436.662,128,3.89309,30.4147,4.44123,23.8344,2960.74
synthetic_161000_161000_avg420_std0.64_diagonal_0.5_n14,161000,161000,67539436,161000,161000,187796800,178.055,128,1.63162,12.747,10.5969,29.4653,1533.58
synthetic_1000000_1000000_avg45_std2.5_random_n14,1000000,1000000,44499926,1000000,1000000,1303813344,2829.92,128,0,0,0,0,10677.8
synthetic_526000_526000_avg105_std2.5_random_n14,526000,526000,54966775,526000,526000,1207494880,2096.77,128,0,0,0,0,9869.08
synthetic_1000000_1000000_avg45_std2.5_diagonal_0.5_n14,1000000,1000000,44499926,1000000,1000000,136434784,206.596,128,1.18917,9.29038,9.57978,29.3712,1114.41
synthetic_526000_526000_avg105_std2.5_diagonal_0.5_n14,526000,526000,54966775,526000,526000,159074400,189.401,128,1.38246,10.8005,10.1786,29.4569,1299.17
synthetic_161000_161000_avg420_std0.64_diagonal_0.05_n14,161000,161000,67539436,161000,161000,271060320,301.336,128,2.4159,18.8742,7.1568,28.7229,2213.58
synthetic_1000000_1000000_avg45_std2.5_diagonal_0.05_n14,1000000,1000000,44499926,1000000,1000000,192422112,332.41,128,1.75961,13.747,6.47415,27.9949,1571.64
synthetic_526000_526000_avg105_std2.5_diagonal_0.05_n14,526000,526000,54966775,526000,526000,226749344,312.521,128,2.04649,15.9882,6.87592,28.3646,1851.86
synthetic_1000000_1000000_avg45_std2.5_diagonal_0.005_n14,1000000,1000000,44499926,1000000,1000000,255593088,474.367,128,2.84037,22.1904,4.01074,23.0364,2088.01
synthetic_161000_161000_avg420_std0.64_diagonal_0.005_n14,161000,161000,67539436,161000,161000,339169088,402.179,128,3.51689,27.4757,4.91631,24.6887,2770.33
synthetic_526000_526000_avg105_std2.5_diagonal_0.005_n14,526000,526000,54966775,526000,526000,302498784,450.33,128,3.30403,25.8128,4.25889,23.4379,2471.02
synthetic_207000_207000_avg220_std13_random_n14,207000,207000,45434497,207000,207000,343682432,656.435,128,4.2315,33.0586,2.74872,20.7923,2808.22
synthetic_207000_207000_avg220_std13_diagonal_0.5_n14,207000,207000,45434497,207000,207000,127966240,181.65,128,1.11448,8.70686,10.4365,29.3944,1045.02
synthetic_207000_207000_avg220_std13_diagonal_0.05_n14,207000,207000,45434497,207000,207000,183977216,304.928,128,1.65787,12.9521,7.01575,28.4088,1502.46
synthetic_526000_526000_avg45_std125_random_n14,526000,526000,55560282,526000,526000,1051533408,1792.6,128,0,0,0,0,8594.89
synthetic_526000_526000_avg45_std125_diagonal_0.5_n14,526000,526000,55560282,526000,526000,160802784,189.42,128,1.42644,11.1441,9.97128,28.8589,1313.27
synthetic_207000_207000_avg220_std13_diagonal_0.005_n14,207000,207000,45434497,207000,207000,240517312,429.372,128,2.6269,20.5226,4.42774,23.4392,1964.71
synthetic_987000_987000_avg70_std2.25_random_n14,987000,987000,68596840,987000,987000,1910140384,2684.59,128,0,0,0,0,15633.5
synthetic_526000_526000_avg45_std125_diagonal_0.05_n14,526000,526000,55560282,526000,526000,229139328,312.416,128,2.25843,17.644,6.29793,25.9737,1871.56
synthetic_987000_987000_avg70_std2.25_diagonal_0.5_n14,987000,987000,68596840,987000,987000,203288096,196.352,128,1.76772,13.8103,9.93413,29.44,1660.36
synthetic_526000_526000_avg45_std125_diagonal_0.005_n14,526000,526000,55560282,526000,526000,304877728,448.733,128,5.31874,41.5527,2.67421,14.6743,2492.76
synthetic_987000_987000_avg70_std2.25_diagonal_0.05_n14,987000,987000,68596840,987000,987000,288101280,319.992,128,2.61843,20.4565,6.70661,28.1672,2352.93
synthetic_268000_268000_avg220_std0.02_random_n14,268000,268000,58826098,268000,268000,548972256,833.212,128,0,0,0,0,4485.29
synthetic_4690000_4690000_avg10_std2.5_random_n14,4690000,4690000,44544480,4690000,4690000,1419574528,3086.87,128,0,0,0,0,12505
synthetic_987000_987000_avg70_std2.25_diagonal_0.005_n14,987000,987000,68596840,987000,987000,384495072,460.514,128,4.22564,33.0128,4.15577,23.2937,3140.96
synthetic_268000_268000_avg220_std0.02_diagonal_0.5_n14,268000,268000,58826098,268000,268000,165702560,181.682,128,1.43997,11.2498,10.4582,29.4588,1353.19
synthetic_4690000_4690000_avg10_std2.5_diagonal_0.5_n14,4690000,4690000,44544480,4690000,4690000,179945024,303.967,128,2.48658,19.4264,4.58597,18.5258,1471.29
synthetic_4690000_4690000_avg10_std2.5_diagonal_0.05_n14,4690000,4690000,44544480,4690000,4690000,247513760,455.655,128,2.48719,19.4312,4.58485,25.4759,2022.8
synthetic_268000_268000_avg220_std0.02_diagonal_0.05_n14,268000,268000,58826098,268000,268000,238295392,305.084,128,2.13272,16.6619,7.06115,28.6036,1946.06
synthetic_4690000_4690000_avg10_std2.5_diagonal_0.005_n14,4690000,4690000,44544480,4690000,4690000,306668160,588.454,128,3.79634,29.6589,3.00379,20.6797,2506.51
synthetic_268000_268000_avg220_std0.02_diagonal_0.005_n14,268000,268000,58826098,268000,268000,313842784,433.509,128,3.35125,26.1816,4.49369,23.9743,2563.58
synthetic_1000000_1000000_avg70_std8_random_n14,1000000,1000000,69500695,1000000,1000000,1935711584,2685.17,128,0,0,0,0,15839.9
synthetic_218000_218000_avg220_std8_random_n14,218000,218000,47849605,218000,218000,376961664,687.805,128,4.66377,36.4357,2.62652,20.6919,3080.42
synthetic_141000_141000_avg420_std1.6_random_n14,141000,141000,59149294,141000,141000,306065696,417.446,128,3.22792,25.2181,4.69102,24.2735,2500.05
synthetic_218000_218000_avg220_std8_diagonal_0.5_n14,218000,218000,47849605,218000,218000,134778880,181.672,128,1.17226,9.15827,10.4495,29.4333,1100.66
synthetic_1000000_1000000_avg70_std8_diagonal_0.5_n14,1000000,1000000,69500695,1000000,1000000,206377504,196.943,128,1.79564,14.0284,9.90856,29.4228,1685.61
synthetic_141000_141000_avg420_std1.6_diagonal_0.5_n14,141000,141000,59149294,141000,141000,164436928,178.003,128,1.42902,11.1643,10.5962,29.4578,1342.82
synthetic_218000_218000_avg220_std8_diagonal_0.05_n14,218000,218000,47849605,218000,218000,193787328,304.993,128,1.7416,13.6063,7.03347,28.485,1582.57
synthetic_141000_141000_avg420_std1.6_diagonal_0.05_n14,141000,141000,59149294,141000,141000,237275488,301.147,128,2.11582,16.5298,7.15667,28.7087,1937.68
synthetic_1000000_1000000_avg70_std8_diagonal_0.05_n14,1000000,1000000,69500695,1000000,1000000,291527936,319.46,128,2.66715,20.8371,6.67087,27.9816,2380.92
synthetic_218000_218000_avg220_std8_diagonal_0.005_n14,218000,218000,47849605,218000,218000,253618944,430.034,128,2.74693,21.4604,4.45934,23.636,2071.7
synthetic_141000_141000_avg420_std1.6_diagonal_0.005_n14,141000,141000,59149294,141000,141000,294296192,397.548,128,3.03191,23.6868,4.99428,24.8489,2403.8
synthetic_1000000_1000000_avg70_std8_diagonal_0.005_n14,1000000,1000000,69500695,1000000,1000000,389533408,460.474,128,4.47483,34.9596,3.97606,22.2848,3182.32
synthetic_171000_171000_avg420_std1.6_random_n14,171000,171000,71734328,171000,171000,388164544,441.114,128,4.20481,32.8501,4.36738,23.6325,3170.93
synthetic_171000_171000_avg420_std1.6_diagonal_0.5_n14,171000,171000,71734328,171000,171000,199481472,178.084,128,1.73203,13.5315,10.6026,29.4841,1628.99
synthetic_863000_863000_avg70_std3_random_n14,863000,863000,59977280,863000,863000,1638000832,2631.04,128,0,0,0,0,13402.1
synthetic_4690000_4690000_avg3.1_std13_random_n14,4690000,4690000,47690029,4690000,4690000,1515538304,3077.89,128,0,0,0,0,13318.3
synthetic_863000_863000_avg70_std3_diagonal_0.5_n14,863000,863000,59977280,863000,863000,177888928,196.594,128,1.54675,12.084,9.92675,29.4421,1452.92
synthetic_4690000_4690000_avg3.1_std13_diagonal_0.5_n14,4690000,4690000,47690029,4690000,4690000,207000032,334.053,128,2.48694,19.4292,4.90911,21.3081,1691.95
synthetic_171000_171000_avg420_std1.6_diagonal_0.05_n14,171000,171000,71734328,171000,171000,287873472,301.305,128,2.56574,20.0448,7.15739,28.723,2350.88
synthetic_863000_863000_avg70_std3_diagonal_0.05_n14,863000,863000,59977280,863000,863000,251692512,319.646,128,2.2895,17.8868,6.70633,28.1429,2055.58
synthetic_4690000_4690000_avg3.1_std13_diagonal_0.05_n14,4690000,4690000,47690029,4690000,4690000,259373568,443.874,128,2.57275,20.0996,4.74537,25.8088,2119.65
synthetic_171000_171000_avg420_std1.6_diagonal_0.005_n14,171000,171000,71734328,171000,171000,362343072,405.118,128,3.76436,29.4091,4.87838,24.6416,2959.64
synthetic_863000_863000_avg70_std3_diagonal_0.005_n14,863000,863000,59977280,863000,863000,336144448,460.453,128,3.72401,29.0938,4.12303,23.1076,2745.98
synthetic_4690000_4690000_avg3.1_std13_diagonal_0.005_n14,4690000,4690000,47690029,4690000,4690000,330838016,593.726,128,5.25851,41.0821,2.32169,16.1062,2705.55
synthetic_1383000_1383000_avg45_std2.5_random_n14,1383000,1383000,61543582,1383000,1383000,1847203648,2901.46,128,0,0,0,0,15147.7
synthetic_1635000_1635000_avg45_std1.6_random_n14,1635000,1635000,72756794,1635000,1635000,2205469312,2931.29,128,0,0,0,0,18090.8
synthetic_5155000_5155000_avg10_std0.2_random_n14,5155000,5155000,48970742,5155000,5155000,1561614080,3088.87,128,0,0,0,0,13797.8
synthetic_1635000_1635000_avg45_std1.6_diagonal_0.5_n14,1635000,1635000,72756794,1635000,1635000,221742560,204.772,128,1.92924,15.0722,9.65443,29.424,1811.28
synthetic_5155000_5155000_avg10_std0.2_diagonal_0.5_n14,5155000,5155000,48970742,5155000,5155000,172824352,252.913,128,2.73194,21.3433,4.58886,16.1947,1413.15
synthetic_5155000_5155000_avg10_std0.2_diagonal_0.05_n14,5155000,5155000,48970742,5155000,5155000,307800448,528.539,128,2.77474,21.6777,4.51808,28.3979,2515.33
synthetic_1635000_1635000_avg45_std1.6_diagonal_0.05_n14,1635000,1635000,72756794,1635000,1635000,316405728,334.881,128,2.88366,22.5286,6.45906,28.0892,2584.29
synthetic_5155000_5155000_avg10_std0.2_diagonal_0.005_n14,5155000,5155000,48970742,5155000,5155000,343306304,601.044,128,3.74126,29.2286,3.35088,23.4911,2805.34
synthetic_1635000_1635000_avg45_std1.6_diagonal_0.005_n14,1635000,1635000,72756794,1635000,1635000,418150304,474.723,128,4.6116,36.0281,4.03889,23.2124,3415.98
synthetic_121000_121000_avg420_std0.2_random_n14,121000,121000,50759459,121000,121000,252464224,397.374,128,2.60933,20.3854,4.97999,24.7691,2062.2
synthetic_121000_121000_avg420_std0.2_diagonal_0.5_n14,121000,121000,50759459,121000,121000,141070656,177.92,128,1.22571,9.57586,10.6015,29.4638,1152
synthetic_186000_186000_avg420_std3_random_n14,186000,186000,78026609,186000,186000,430639136,451.913,128,4.7356,36.9968,4.21801,23.2798,3517.89
synthetic_121000_121000_avg420_std0.2_diagonal_0.05_n14,121000,121000,50759459,121000,121000,203512960,300.936,128,1.81391,14.1711,7.16378,28.7222,1661.96
synthetic_186000_186000_avg420_std3_diagonal_0.5_n14,186000,186000,78026609,186000,186000,217010400,178.124,128,1.88387,14.7177,10.6031,29.4897,1772.14
synthetic_121000_121000_avg420_std0.2_diagonal_0.005_n14,121000,121000,50759459,121000,121000,248261312,389.094,128,2.5328,19.7875,5.13045,25.0927,2027.79
synthetic_21000_21000_avg2600_std0.64_random_n14,21000,21000,54589570,21000,21000,182820576,234.9,128,1.58668,12.396,8.80763,29.4968,1492.91
synthetic_186000_186000_avg420_std3_diagonal_0.05_n14,186000,186000,78026609,186000,186000,313230016,301.44,128,2.79301,21.8204,7.1517,28.7098,2557.96
synthetic_21000_21000_avg2600_std0.64_diagonal_0.5_n14,21000,21000,54589570,21000,21000,140452768,157.289,128,1.2166,9.50466,11.4869,29.5545,1146.93
synthetic_21000_21000_avg2600_std0.64_diagonal_0.05_n14,21000,21000,54589570,21000,21000,182820576,234.9,128,1.58717,12.3998,8.80495,29.4878,1492.91
synthetic_186000_186000_avg420_std3_diagonal_0.005_n14,186000,186000,78026609,186000,186000,396878816,408.645,128,4.14481,32.3813,4.81924,24.5128,3241.75
synthetic_21000_21000_avg2600_std0.64_diagonal_0.005_n14,21000,21000,54589570,21000,21000,182820576,234.9,128,1.58718,12.3999,8.80486,29.4875,1492.91
synthetic_207000_207000_avg420_std125_random_n14,207000,207000,86819781,207000,207000,491718080,466.366,128,5.50343,42.9955,4.03855,22.873,4016.91
synthetic_207000_207000_avg420_std125_diagonal_0.5_n14,207000,207000,86819781,207000,207000,241496640,178.159,128,2.10978,16.4826,10.5347,29.3032,1972.1
synthetic_207000_207000_avg420_std125_diagonal_0.05_n14,207000,207000,86819781,207000,207000,348554880,301.469,128,3.19343,24.9487,6.95987,27.9418,2846.51
synthetic_5558000_5558000_avg10_std2.5_random_n14,5558000,5558000,52790230,5558000,5558000,1683414944,3088.88,128,0,0,0,0,14910.8
synthetic_5558000_5558000_avg10_std2.5_diagonal_0.5_n14,5558000,5558000,52790230,5558000,5558000,213265760,303.987,128,2.94735,23.0262,4.58523,18.5238,1743.73
synthetic_207000_207000_avg420_std125_diagonal_0.005_n14,207000,207000,86819781,207000,207000,441624864,408.668,128,5.0287,39.2867,4.4198,22.4822,3607.73
synthetic_5558000_5558000_avg10_std2.5_diagonal_0.05_n14,5558000,5558000,52790230,5558000,5558000,293329984,455.652,128,2.94698,23.0233,4.58582,25.4812,2397.23
synthetic_5558000_5558000_avg10_std2.5_diagonal_0.005_n14,5558000,5558000,52790230,5558000,5558000,363441024,588.463,128,4.49992,35.1556,3.00323,20.6761,2970.53
synthetic_207000_207000_avg420_std0.2_random_n14,207000,207000,86836474,207000,207000,487220768,461.078,128,5.46521,42.697,4.06757,22.8223,3980.39
synthetic_207000_207000_avg420_std0.2_diagonal_0.5_n14,207000,207000,86836474,207000,207000,241541856,178.157,128,2.09822,16.3923,10.5948,29.4701,1972.46
synthetic_207000_207000_avg420_std0.2_diagonal_0.05_n14,207000,207000,86836474,207000,207000,348662304,301.516,128,3.10707,24.274,7.15469,28.7272,2847.31
synthetic_207000_207000_avg420_std0.2_diagonal_0.005_n14,207000,207000,86836474,207000,207000,444373440,411.736,128,4.64769,36.3101,4.78305,24.4766,3629.7
synthetic_1383000_1383000_avg45_std2.5_diagonal_0.5_n14,1383000,1383000,61543582,1383000,1383000,188704416,206.619,128,1.64139,12.8234,9.59864,29.4313,1541.35
synthetic_1383000_1383000_avg45_std2.5_diagonal_0.05_n14,1383000,1383000,61543582,1383000,1383000,266113792,332.399,128,2.42982,18.983,6.48408,28.0371,2173.53
