synthetic_171000_171000_avg105_std125_random_n14,171000,171000,22644684,171000,171000,200616576,785.932,128,2.59454,20.2698,2.23432,19.7946,1639.27
synthetic_171000_171000_avg105_std125_diagonal_0.5_n14,171000,171000,22644684,171000,171000,64821696,186.256,128,0.575631,4.49711,10.0708,28.8281,529.384
synthetic_171000_171000_avg105_std125_diagonal_0.05_n14,171000,171000,22644684,171000,171000,92671136,309.24,128,0.903134,7.05573,6.4188,26.2683,756.889
synthetic_268000_268000_avg105_std0.2_random_n14,268000,268000,28006098,268000,268000,450281536,1507.8,128,6.00291,46.8977,1.19435,19.2027,3679
synthetic_268000_268000_avg105_std0.2_diagonal_0.5_n14,268000,268000,28006098,268000,268000,81007040,189.248,128,0.705128,5.50881,10.1677,29.41,661.594
synthetic_526000_526000_avg70_std2.5_random_n14,526000,526000,36556775,526000,526000,906367744,2379.34,128,0,0,0,0,7409.73
synthetic_171000_171000_avg105_std125_diagonal_0.005_n14,171000,171000,22644684,171000,171000,120444416,431.888,128,1.78015,13.9074,3.25649,17.3209,984.415
synthetic_218000_218000_avg105_std0.2_random_n14,218000,218000,22780969,218000,218000,321330592,1310.52,128,4.18317,32.681,1.39414,19.6647,2625.32
synthetic_526000_526000_avg70_std2.5_diagonal_0.5_n14,526000,526000,36556775,526000,526000,108369664,196.442,128,0.943538,7.37139,9.91856,29.4028,885.11
synthetic_268000_268000_avg105_std0.2_diagonal_0.05_n14,268000,268000,28006098,268000,268000,115502432,312.419,128,1.04155,8.13708,6.88358,28.3892,943.312
synthetic_218000_218000_avg105_std0.2_diagonal_0.5_n14,218000,218000,22780969,218000,218000,65894368,189.252,128,0.574133,4.48542,10.1578,29.3816,538.167
synthetic_268000_268000_avg105_std0.2_diagonal_0.005_n14,268000,268000,28006098,268000,268000,153251584,447.208,128,1.65169,12.9038,4.34075,23.7529,1251.87
synthetic_526000_526000_avg70_std2.5_diagonal_0.05_n14,526000,526000,36556775,526000,526000,153455648,319.773,128,1.39643,10.9096,6.70175,28.1322,1253.28
synthetic_218000_218000_avg105_std0.2_diagonal_0.05_n14,218000,218000,22780969,218000,218000,93952448,312.416,128,0.848211,6.62664,6.87557,28.356,767.313
synthetic_68000_68000_avg420_std1.6_random_n14,68000,68000,28526083,68000,68000,129222080,352.996,128,1.25248,9.78498,5.83058,26.4123,1055.4
synthetic_526000_526000_avg70_std2.5_diagonal_0.005_n14,526000,526000,36556775,526000,526000,204652256,459.82,128,2.25493,17.6167,4.15025,23.2339,1671.8
synthetic_218000_218000_avg105_std0.2_diagonal_0.005_n14,218000,218000,22780969,218000,218000,124396448,446.054,128,1.33942,10.4642,4.35409,23.7757,1016.16
synthetic_68000_68000_avg420_std1.6_diagonal_0.5_n14,68000,68000,28526083,68000,68000,79165152,177.518,128,0.690043,5.39096,10.5829,29.3696,646.474
synthetic_68000_68000_avg420_std1.6_diagonal_0.05_n14,68000,68000,28526083,68000,68000,114053280,299.821,128,1.01812,7.95407,7.1727,28.678,931.399
synthetic_68000_68000_avg420_std1.6_diagonal_0.005_n14,68000,68000,28526083,68000,68000,129222080,352.996,128,1.2524,9.78436,5.83096,26.414,1055.4
synthetic_526000_526000_avg45_std0.84_random_n14,526000,526000,23407446,526000,526000,635297504,2614.08,128,0,0,0,0,5196.23
synthetic_526000_526000_avg45_std0.84_diagonal_0.5_n14,526000,526000,23407446,526000,526000,70972736,203.206,128,0.62007,4.8443,9.66391,29.3015,579.712
synthetic_526000_526000_avg45_std0.84_diagonal_0.05_n14,526000,526000,23407446,526000,526000,102296864,337.027,128,0.932291,7.28353,6.4275,28.0899,835.525
synthetic_526000_526000_avg45_std0.84_diagonal_0.005_n14,526000,526000,23407446,526000,526000,134217536,473.397,128,1.47073,11.4901,4.07436,23.3623,1096.44
synthetic_4690000_4690000_avg6_std8_random_n14,4690000,4690000,35653194,4690000,4690000,1135184992,3083.96,128,0,0,0,0,10075.1
synthetic_121000_121000_avg220_std2.5_random_n14,121000,121000,26558853,121000,121000,152671392,474.842,128,1.7531,13.6961,3.87831,22.2941,1247.33
synthetic_121000_121000_avg220_std2.5_diagonal_0.5_n14,121000,121000,26558853,121000,121000,74771104,181.53,128,0.651586,5.09052,10.4346,29.3766,610.612
synthetic_4690000_4690000_avg6_std8_diagonal_0.5_n14,4690000,4690000,35653194,4690000,4690000,174888224,390.526,128,2.48594,19.4214,3.67154,18.0099,1429.88
synthetic_5155000_5155000_avg6_std2.25_random_n14,5155000,5155000,28375480,5155000,5155000,905956352,3092.74,128,0,0,0,0,8351.33
synthetic_121000_121000_avg220_std2.5_diagonal_0.05_n14,121000,121000,26558853,121000,121000,107460736,304.614,128,0.963751,7.5293,7.0548,28.5447,877.581
synthetic_4690000_4690000_avg6_std8_diagonal_0.05_n14,4690000,4690000,35653194,4690000,4690000,211902272,494.343,128,2.48654,19.4261,3.67065,21.8163,1731.99
synthetic_5155000_5155000_avg6_std2.25_diagonal_0.5_n14,5155000,5155000,28375480,5155000,5155000,164698880,480.427,128,2.73216,21.345,2.65875,15.4321,1346.49
synthetic_121000_121000_avg220_std2.5_diagonal_0.005_n14,121000,121000,26558853,121000,121000,137335712,417.1,128,1.45001,11.3282,4.68899,24.2468,1121.79
synthetic_64000_64000_avg420_std125_random_n14,64000,64000,26843052,64000,64000,120572480,349.176,128,1.16155,9.0746,5.91608,26.5736,984.737
synthetic_5155000_5155000_avg6_std2.25_diagonal_0.05_n14,5155000,5155000,28375480,5155000,5155000,180857600,537.373,128,2.73242,21.3471,2.65849,16.9445,1478.6
synthetic_4690000_4690000_avg6_std8_diagonal_0.005_n14,4690000,4690000,35653194,4690000,4690000,265458016,644.556,128,4.07533,31.8385,2.23963,16.6753,2170.76
synthetic_64000_64000_avg420_std125_diagonal_0.5_n14,64000,64000,26843052,64000,64000,74463936,177.405,128,0.65241,5.09695,10.533,29.219,608.084
synthetic_5155000_5155000_avg6_std2.25_diagonal_0.005_n14,5155000,5155000,28375480,5155000,5155000,230428800,712.07,128,2.82587,22.0771,2.57058,20.8749,1883.77
synthetic_64000_64000_avg420_std125_diagonal_0.05_n14,64000,64000,26843052,64000,64000,107234912,299.489,128,0.97906,7.6489,7.0188,28.0393,875.74
synthetic_171000_171000_avg220_std0.2_random_n14,171000,171000,37534470,171000,171000,247247136,558.72,128,2.99454,23.3948,3.20878,21.1369,2020.22
synthetic_64000_64000_avg420_std125_diagonal_0.005_n14,64000,64000,26843052,64000,64000,120350240,348.348,128,1.15983,9.06113,5.92488,26.5641,982.918
synthetic_141000_141000_avg220_std0.84_random_n14,141000,141000,30949435,141000,141000,186399776,502.272,128,2.20063,17.1924,3.60036,21.684,1522.87
synthetic_171000_171000_avg220_std0.2_diagonal_0.5_n14,171000,171000,37534470,171000,171000,105694080,181.592,128,0.919469,7.18335,10.4504,29.4275,863.141
synthetic_64000_64000_avg420_std0.64_random_n14,64000,64000,26848108,64000,64000,120699776,349.565,128,1.16252,9.08217,5.91227,26.5795,985.789
synthetic_141000_141000_avg220_std0.84_diagonal_0.5_n14,141000,141000,30949435,141000,141000,87140480,181.558,128,0.759826,5.93614,10.4275,29.3593,711.625
synthetic_64000_64000_avg420_std0.64_diagonal_0.5_n14,64000,64000,26848108,64000,64000,74489088,177.446,128,0.648846,5.06911,10.5928,29.3894,608.289
synthetic_171000_171000_avg220_std0.2_diagonal_0.05_n14,171000,171000,37534470,171000,171000,151947552,304.821,128,1.36066,10.6301,7.0619,28.5881,1240.89
synthetic_141000_141000_avg220_std0.84_diagonal_0.05_n14,141000,141000,30949435,141000,141000,125271680,304.762,128,1.12279,8.77176,7.05661,28.5625,1023.04
synthetic_64000_64000_avg420_std0.64_diagonal_0.05_n14,64000,64000,26848108,64000,64000,107302496,299.665,128,0.956373,7.47166,7.18665,28.7225,876.27
synthetic_171000_171000_avg220_std0.2_diagonal_0.005_n14,171000,171000,37534470,171000,171000,197232160,425.469,128,2.09116,16.3372,4.59498,24.1452,1611.05
synthetic_141000_141000_avg220_std0.84_diagonal_0.005_n14,141000,141000,30949435,141000,141000,161675584,422.386,128,1.70978,13.3577,4.63395,24.2071,1320.6
synthetic_64000_64000_avg420_std0.64_diagonal_0.005_n14,64000,64000,26848108,64000,64000,120699776,349.565,128,1.16275,9.08398,5.91109,26.5742,985.789
synthetic_1383000_1383000_avg20_std2.5_random_n14,1383000,1383000,26968582,1383000,1383000,839347936,3012.32,128,0,0,0,0,6903.69
synthetic_863000_863000_avg45_std0.84_random_n14,863000,863000,38403518,863000,863000,1110169824,2790.8,128,0,0,0,0,9095.05
synthetic_1383000_1383000_avg20_std2.5_diagonal_0.5_n14,1383000,1383000,26968582,1383000,1383000,92944256,244.639,128,0.816669,6.38023,8.4538,29.1351,759.487
synthetic_863000_863000_avg45_std0.84_diagonal_0.5_n14,863000,863000,38403518,863000,863000,116451296,203.231,128,1.01526,7.93171,9.68355,29.3635,951.184
synthetic_1383000_1383000_avg20_std2.5_diagonal_0.05_n14,1383000,1383000,26968582,1383000,1383000,128926432,378.062,128,1.17993,9.21822,5.85115,27.9721,1053.26
synthetic_5558000_5558000_avg6_std0.2_random_n14,5558000,5558000,30567218,5558000,5558000,976423680,3094.35,128,0,0,0,0,9122.82
synthetic_863000_863000_avg45_std0.84_diagonal_0.05_n14,863000,863000,38403518,863000,863000,167847968,337.064,128,1.52846,11.9411,6.43217,28.1127,1370.92
synthetic_1383000_1383000_avg20_std2.5_diagonal_0.005_n14,1383000,1383000,26968582,1383000,1383000,168063360,523.182,128,1.95167,15.2474,3.53745,22.0448,1373.27
synthetic_5558000_5558000_avg6_std0.2_diagonal_0.5_n14,5558000,5558000,30567218,5558000,5558000,178566592,484.177,128,2.94562,23.0126,2.65656,15.519,1459.57
synthetic_863000_863000_avg45_std0.84_diagonal_0.005_n14,863000,863000,38403518,863000,863000,220465504,474.076,128,2.41476,18.8653,4.07134,23.3726,1801.01
synthetic_5558000_5558000_avg6_std0.2_diagonal_0.05_n14,5558000,5558000,30567218,5558000,5558000,184497824,503.581,128,2.94562,23.0126,2.65656,16.0345,1508.05
synthetic_186000_186000_avg220_std0.84_random_n14,186000,186000,40826933,186000,186000,285666304,599.701,128,3.48983,27.2643,2.9949,20.9553,2333.72
synthetic_5558000_5558000_avg6_std0.2_diagonal_0.005_n14,5558000,5558000,30567218,5558000,5558000,244008064,698.267,128,2.94647,23.0193,2.65579,21.2003,1994.51
synthetic_186000_186000_avg220_std0.84_diagonal_0.5_n14,186000,186000,40826933,186000,186000,114977344,181.621,128,1.00049,7.81635,10.4465,29.4197,938.953
synthetic_4690000_4690000_avg6_std3_random_n14,4690000,4690000,26038818,4690000,4690000,830936768,3091.15,128,0,0,0,0,7545.35
synthetic_4690000_4690000_avg6_std3_diagonal_0.5_n14,4690000,4690000,26038818,4690000,4690000,148676224,470.979,128,2.48598,19.4218,2.68141,15.3103,1215.57
synthetic_186000_186000_avg220_std0.84_diagonal_0.05_n14,186000,186000,40826933,186000,186000,165317920,304.924,128,1.48045,11.566,7.0598,28.5868,1350.08
synthetic_4690000_4690000_avg6_std3_diagonal_0.05_n14,4690000,4690000,26038818,4690000,4690000,169758688,551.945,128,2.48633,19.4244,2.68104,17.4789,1387.97
synthetic_1635000_1635000_avg20_std8_random_n14,1635000,1635000,31934039,1635000,1635000,994459712,3014.11,128,0,0,0,0,8196.66
synthetic_186000_186000_avg220_std0.84_diagonal_0.005_n14,186000,186000,40826933,186000,186000,215601408,428.086,128,2.29233,17.9089,4.55941,24.0776,1761.1
synthetic_1635000_1635000_avg20_std8_diagonal_0.5_n14,1635000,1635000,31934039,1635000,1635000,113021920,253.923,128,0.99494,7.77297,8.21669,29.0808,923.469
synthetic_4690000_4690000_avg6_std3_diagonal_0.005_n14,4690000,4690000,26038818,4690000,4690000,211747136,713.198,128,2.76516,21.6028,2.41069,19.6037,1731.52
synthetic_1635000_1635000_avg20_std8_diagonal_0.05_n14,1635000,1635000,31934039,1635000,1635000,150801632,372.228,128,1.42701,11.1485,5.72883,27.0531,1232
synthetic_1635000_1635000_avg20_std8_diagonal_0.005_n14,1635000,1635000,31934039,1635000,1635000,198408960,521.309,128,2.59503,20.2736,3.1503,19.5731,1621.6
synthetic_952000_952000_avg45_std2.25_random_n14,952000,952000,42363888,952000,952000,1235925536,2817.4,128,0,0,0,0,10117.9
synthetic_83000_83000_avg420_std2.25_random_n14,83000,83000,34818356,83000,83000,162645440,367.126,128,1.60951,12.5743,5.53804,25.8696,1328.44
synthetic_83000_83000_avg420_std2.25_diagonal_0.5_n14,83000,83000,34818356,83000,83000,96691008,177.701,128,0.841341,6.57298,10.5944,29.4208,789.593
synthetic_952000_952000_avg45_std2.25_diagonal_0.5_n14,952000,952000,42363888,952000,952000,129679936,206.11,128,1.12962,8.82516,9.60071,29.3887,1059.25
synthetic_83000_83000_avg420_std2.25_diagonal_0.05_n14,83000,83000,34818356,83000,83000,139401600,300.368,128,1.24393,9.71818,7.16561,28.6888,1138.41
synthetic_952000_952000_avg45_std2.25_diagonal_0.05_n14,952000,952000,42363888,952000,952000,183406464,332.931,128,1.67568,13.0913,6.47209,28.0197,1498
synthetic_83000_83000_avg420_std2.25_diagonal_0.005_n14,83000,83000,34818356,83000,83000,162645536,367.126,128,1.60969,12.5757,5.5374,25.8666,1328.44
synthetic_952000_952000_avg45_std2.25_diagonal_0.005_n14,952000,952000,42363888,952000,952000,243270208,474.24,128,2.69647,21.0662,4.02198,23.0958,1987.34
synthetic_161000_161000_avg220_std2.5_random_n14,161000,161000,35338973,161000,161000,226315296,540.413,128,2.72487,21.2881,3.32007,21.2622,1848.89
synthetic_161000_161000_avg220_std2.5_diagonal_0.5_n14,161000,161000,35338973,161000,161000,99518528,181.611,128,0.86603,6.76586,10.4463,29.4179,812.71
synthetic_161000_161000_avg220_std2.5_diagonal_0.05_n14,161000,161000,35338973,161000,161000,143073056,304.859,128,1.28264,10.0206,7.05324,28.5557,1168.41
synthetic_161000_161000_avg220_std2.5_diagonal_0.005_n14,161000,161000,35338973,161000,161000,185460000,424.803,128,1.9729,15.4133,4.58552,24.0649,1514.89
synthetic_987000_987000_avg45_std0.2_random_n14,987000,987000,43921576,987000,987000,1285760736,2827.4,128,0,0,0,0,10528.6
synthetic_987000_987000_avg45_std0.2_diagonal_0.5_n14,987000,987000,43921576,987000,987000,132981824,202.771,128,1.15887,9.05364,9.70253,29.3764,1086.2
synthetic_987000_987000_avg45_std0.2_diagonal_0.05_n14,987000,987000,43921576,987000,987000,192263424,337.743,128,1.74949,13.6679,6.42696,28.1335,1570.31
synthetic_987000_987000_avg45_std0.2_diagonal_0.005_n14,987000,987000,43921576,987000,987000,252400256,474.661,128,2.7465,21.457,4.09391,23.5261,2061.95
