synthetic_218000_218000_avg105_std0.2_random_n14,[256-512],104.49985779816514,0.49999997977863775,0.9810691569522769,0.013202708183627936,106.53592451106321,1.5450577164640573
synthetic_218000_218000_avg105_std0.2_diagonal_0.5_n14,[256-512],104.49985779816514,0.49999997977863775,0.0018937586903459305,3.368241362976047e-05,55202.95133317869,1312.7405539113518
synthetic_218000_218000_avg105_std0.2_diagonal_0.05_n14,[256-512],104.49985779816514,0.49999997977863775,0.01873479500883764,0.000792048953074655,5593.192439645997,371.38242285883956
synthetic_218000_218000_avg105_std0.2_diagonal_0.005_n14,[256-512],104.49985779816514,0.49999997977863775,0.1791020855146873,0.022151029250967173,596.7471228621552,108.7653448561083
synthetic_526000_526000_avg45_std0.84_random_n14,[256-512],44.50084790874525,0.8881321685038596,0.9560929059658226,0.030050860753499675,46.5916971273605,1.7686273752764163
synthetic_526000_526000_avg45_std0.84_diagonal_0.5_n14,[256-512],44.50084790874525,0.8881321685038596,0.000329041456432795,1.1313758781301408e-05,135354.60944634132,3983.352642952683
synthetic_526000_526000_avg45_std0.84_diagonal_0.05_n14,[256-512],44.50084790874525,0.8881321685038596,0.0032382505999797593,0.00013253919310140473,13762.596691743494,585.6489096917393
synthetic_526000_526000_avg45_std0.84_diagonal_0.005_n14,[256-512],44.50084790874525,0.8881321685038596,0.03208504001069843,0.0020844907568525806,1394.682312958696,128.10036336321426
synthetic_121000_121000_avg220_std2.5_random_n14,[256-512],219.494652892562,2.5150333787139587,0.9909653791407691,0.006363724835177355,221.50469948456006,2.892813519821051
synthetic_121000_121000_avg220_std2.5_diagonal_0.5_n14,[256-512],219.494652892562,2.5150333787139587,0.007201841062768938,0.00019939259312449798,30508.36708490278,1238.819135564482
synthetic_121000_121000_avg220_std2.5_diagonal_0.05_n14,[256-512],219.494652892562,2.5150333787139587,0.07062036233863808,0.005517240466571785,3137.3740488220033,383.0429050715392
synthetic_121000_121000_avg220_std2.5_diagonal_0.005_n14,[256-512],219.494652892562,2.5150333787139587,0.5885895780342874,0.11955293001986184,390.84103073868283,89.79056187491209
synthetic_64000_64000_avg420_std125_random_n14,[256-512],419.4226875,124.57549602661571,0.9944629418945312,0.012240933903303863,425.42233879489567,517.8144102907171
synthetic_64000_64000_avg420_std125_diagonal_0.5_n14,[256-512],419.4226875,124.57549602661571,0.02595275634765625,0.00780718542631751,16221.522446241474,1307.6495594275975
synthetic_64000_64000_avg420_std125_diagonal_0.05_n14,[256-512],419.4226875,124.57549602661571,0.24235362939453126,0.07746361021026166,1775.4171156390228,612.1659125681086
synthetic_64000_64000_avg420_std125_diagonal_0.005_n14,[256-512],419.4226875,124.57549602661571,0.9773059543457031,0.07907348206978138,429.86571162402186,516.0222640060433
synthetic_64000_64000_avg420_std0.64_random_n14,[256-512],419.5016875,0.6996630634410752,0.9952678479003906,0.0033317244084470773,421.50100678313794,1.5794851340008962
synthetic_64000_64000_avg420_std0.64_diagonal_0.5_n14,[256-512],419.5016875,0.6996630634410752,0.025969906005859376,0.0012123415447149416,16210.060425464932,1227.6742988346768
synthetic_64000_64000_avg420_std0.64_diagonal_0.05_n14,[256-512],419.5016875,0.6996630634410752,0.24387808105468747,0.03458638775687702,1770.1850537917605,357.13207657937664
synthetic_64000_64000_avg420_std0.64_diagonal_0.005_n14,[256-512],419.5016875,0.6996630634410752,0.9952678479003906,0.0033317244084470773,421.50100678313794,1.5794851340008962
synthetic_1383000_1383000_avg20_std2.5_random_n14,[256-512],19.500059291395516,2.5179663882914536,0.9009715510618818,0.0665457676152042,21.7317268013086,3.019837504356189
synthetic_1383000_1383000_avg20_std2.5_diagonal_0.5_n14,[256-512],19.500059291395516,2.5179663882914536,5.2929218498145806e-05,7.93467804560258e-06,370402.5039753105,25465.222020236346
synthetic_1383000_1383000_avg20_std2.5_diagonal_0.05_n14,[256-512],19.500059291395516,2.5179663882914536,0.0005109710026041872,8.080743399850306e-05,38458.1670128736,3183.0348484685533
synthetic_1383000_1383000_avg20_std2.5_diagonal_0.005_n14,[256-512],19.500059291395516,2.5179663882914536,0.005085204359412326,0.0008151225302125676,3867.876646868983,350.12117740740115
synthetic_4690000_4690000_avg6_std3_random_n14,[256-512],5.551986780383795,2.9031558700482107,0.6116936139551551,0.2820140797957008,231823.1831268763,1016588.9301611312
synthetic_4690000_4690000_avg6_std3_diagonal_0.5_n14,[256-512],5.551986780383795,2.9031558700482107,3.858190224630725e-06,2.4495616845881087e-06,1729806.5369979227,973042.6279813171
synthetic_4690000_4690000_avg6_std3_diagonal_0.05_n14,[256-512],5.551986780383795,2.9031558700482107,3.439236451007223e-05,2.3826422692656683e-05,442017.9491496615,1013792.1033370693
synthetic_4690000_4690000_avg6_std3_diagonal_0.005_n14,[256-512],5.551986780383795,2.9031558700482107,0.0003396470390660165,0.0002375011304844334,257027.89434674487,1015643.3203141718
synthetic_268000_268000_avg105_std0.2_diagonal_0.05_n14,[256-512],104.50036567164179,0.49999986628423243,0.015253239195811985,0.0005893626417238216,6866.639670126652,414.5196708120862
synthetic_268000_268000_avg105_std0.2_diagonal_0.005_n14,[256-512],104.50036567164179,0.49999986628423243,0.1470596845204946,0.016530564447478538,724.1690889597983,122.28745979314459
synthetic_68000_68000_avg420_std1.6_random_n14,[256-512],419.5012205882353,1.622343524092342,0.9952761029411764,0.0033309531945440686,421.49699882006246,2.1499560861825984
synthetic_68000_68000_avg420_std1.6_diagonal_0.5_n14,[256-512],419.5012205882353,1.622343524092342,0.024451902249134953,0.0011111355330094943,17212.885260648218,1265.5654993403639
synthetic_68000_68000_avg420_std1.6_diagonal_0.05_n14,[256-512],419.5012205882353,1.622343524092342,0.23048133066608995,0.031814351130503016,1870.6204895257945,370.33286136804645
synthetic_68000_68000_avg420_std1.6_diagonal_0.005_n14,[256-512],419.5012205882353,1.622343524092342,0.9952761029411764,0.0033309531945440686,421.49699882006246,2.1499560861825984
synthetic_5155000_5155000_avg6_std2.25_random_n14,[256-512],5.504457807953443,2.252169535320132,0.6418518763423686,0.24267865719872805,130750.76397205809,810474.5669081935
synthetic_5155000_5155000_avg6_std2.25_diagonal_0.5_n14,[256-512],5.504457807953443,2.252169535320132,3.4468282467559963e-06,1.7936562614210763e-06,1859083.5082722672,876243.4013842122
synthetic_5155000_5155000_avg6_std2.25_diagonal_0.05_n14,[256-512],5.504457807953443,2.252169535320132,3.0503874554193468e-05,1.758332848866363e-05,365543.9057267586,826493.6891974788
synthetic_5155000_5155000_avg6_std2.25_diagonal_0.005_n14,[256-512],5.504457807953443,2.252169535320132,0.0003010649285909829,0.00017549467601206227,157963.93130380282,811785.8397838055
synthetic_141000_141000_avg220_std0.84_random_n14,[256-512],219.4995390070922,0.8864782902681513,0.9909371424475629,0.006366743512972252,221.5162274781365,1.6887505226476132
synthetic_141000_141000_avg220_std0.84_diagonal_0.5_n14,[256-512],219.4995390070922,0.8864782902681513,0.006182024546048992,0.00014680097016335093,35537.06813191899,1342.1471413273125
synthetic_141000_141000_avg220_std0.84_diagonal_0.05_n14,[256-512],219.4995390070922,0.8864782902681513,0.060764149388863736,0.0043648782846246745,3641.7575122960097,414.9384987338775
synthetic_141000_141000_avg220_std0.84_diagonal_0.005_n14,[256-512],219.4995390070922,0.8864782902681513,0.5210057825562096,0.10268558954429176,441.29508194751475,102.9872787184108
synthetic_5558000_5558000_avg6_std0.2_random_n14,[256-512],5.499679381072328,0.5000002570451065,0.6905084202223957,0.17086731731488833,8.665699138356612,3.3973059901296847
synthetic_5558000_5558000_avg6_std0.2_diagonal_0.5_n14,[256-512],5.499679381072328,0.5000002570451065,3.1698261041500108e-06,7.129505314098175e-07,1826574.2473988982,470228.401953718
synthetic_5558000_5558000_avg6_std0.2_diagonal_0.05_n14,[256-512],5.499679381072328,0.5000002570451065,2.7842224286373367e-05,7.459185095921311e-06,215396.2734620113,81634.65952454194
synthetic_5558000_5558000_avg6_std0.2_diagonal_0.005_n14,[256-512],5.499679381072328,0.5000002570451065,0.00027455340298343587,7.487697558145683e-05,21957.451861042475,8818.778649120304
synthetic_1635000_1635000_avg20_std8_random_n14,[256-512],19.53152232415902,7.924885797648489,0.8729301525210187,0.1399572484183881,7996.085206068609,113901.53755974739
synthetic_1635000_1635000_avg20_std8_diagonal_0.5_n14,[256-512],19.53152232415902,7.924885797648489,4.4889596274163234e-05,1.9454291441247506e-05,452925.0672769403,117223.29523195967
synthetic_1635000_1635000_avg20_std8_diagonal_0.05_n14,[256-512],19.53152232415902,7.924885797648489,0.0004337763098878694,0.00019407483214237345,55719.61100433863,114529.30965604332
synthetic_1635000_1635000_avg20_std8_diagonal_0.005_n14,[256-512],19.53152232415902,7.924885797648489,0.004316959127271369,0.001939042457426926,12887.854623246163,113995.77530500318
synthetic_83000_83000_avg420_std2.25_random_n14,[256-512],419.49826506024095,2.2667309675258465,0.9952768700827406,0.003311788135113609,421.49360188318855,2.66244978794704
synthetic_83000_83000_avg420_std2.25_diagonal_0.5_n14,[256-512],419.49826506024095,2.2667309675258465,0.02005509783713166,0.0008300418229414911,20974.152267892277,1400.4038767204227
synthetic_83000_83000_avg420_std2.25_diagonal_0.05_n14,[256-512],419.49826506024095,2.2667309675258465,0.19107123196400058,0.024088378702894986,2247.344662673351,416.21806871705405
synthetic_83000_83000_avg420_std2.25_diagonal_0.005_n14,[256-512],419.49826506024095,2.2667309675258465,0.9952766057482945,0.0033120523908438094,421.4937125635074,2.6621943446056906
synthetic_161000_161000_avg220_std2.5_random_n14,[256-512],219.49672670807453,2.5129704219231455,0.9909576972724818,0.006358520489602369,221.50849145075364,2.8901670605283707
synthetic_161000_161000_avg220_std2.5_diagonal_0.5_n14,[256-512],219.49672670807453,2.5129704219231455,0.005415064117896686,0.00013450644191490617,40565.62563283586,1434.9441222851046
synthetic_161000_161000_avg220_std2.5_diagonal_0.05_n14,[256-512],219.49672670807453,2.5129704219231455,0.05332027645538366,0.0036368489376748117,4146.145996712019,444.6715791130742
synthetic_161000_161000_avg220_std2.5_diagonal_0.005_n14,[256-512],219.49672670807453,2.5129704219231455,0.4667144896801821,0.08872593893633188,491.75820627407757,114.67006918755128
synthetic_526000_526000_avg70_std2.5_diagonal_0.5_n14,[256-512],69.49957224334601,2.5172846979402865,0.0005190666375110236,2.143589050870959e-05,133947.63028853975,2794.962030756357
synthetic_526000_526000_avg70_std2.5_diagonal_0.05_n14,[256-512],69.49957224334601,2.5172846979402865,0.005134280096575056,0.00024177933928338366,13552.048507111798,542.6418120134385
synthetic_526000_526000_avg70_std2.5_diagonal_0.005_n14,[256-512],69.49957224334601,2.5172846979402865,0.05067842396521565,0.003963603259155816,1381.4980899150407,148.65636190133526
synthetic_4690000_4690000_avg6_std8_random_n14,[256-512],7.601960341151386,5.8630968184102095,0.6119582848820012,0.3307682606887445,350732.4105627002,1233636.7237143721
synthetic_4690000_4690000_avg6_std8_diagonal_0.5_n14,[256-512],7.601960341151386,5.8630968184102095,5.630876109855839e-06,4.89348203527012e-06,1688015.225620031,1123699.1590176264
synthetic_4690000_4690000_avg6_std8_diagonal_0.05_n14,[256-512],7.601960341151386,5.8630968184102095,5.218280190579242e-05,4.798016446098959e-05,537539.7691295474,1218590.9049126569
synthetic_4690000_4690000_avg6_std8_diagonal_0.005_n14,[256-512],7.601960341151386,5.8630968184102095,0.0005175649287828297,0.0004788074828202095,373594.6179911097,1231217.8186994563
synthetic_171000_171000_avg220_std0.2_random_n14,[256-512],219.4998245614035,0.49999996922129797,0.9909517646113333,0.006354599757318209,221.5132308751047,1.5187973856325534
synthetic_171000_171000_avg220_std0.2_diagonal_0.5_n14,[256-512],219.4998245614035,0.49999996922129797,0.005098832563865807,0.00010958402050485863,43080.241766524894,1481.624992441574
synthetic_171000_171000_avg220_std0.2_diagonal_0.05_n14,[256-512],219.4998245614035,0.49999996922129797,0.05024350521527993,0.0032817901816686174,4398.348051476504,458.8603503944798
synthetic_171000_171000_avg220_std0.2_diagonal_0.005_n14,[256-512],219.4998245614035,0.49999996922129797,0.443495982490339,0.08258039586192953,516.9841051768652,120.08898966566306
synthetic_863000_863000_avg45_std0.84_random_n14,[256-512],44.50002085747393,0.8888103155821516,0.9560538706229721,0.030138833072217368,46.59311295935447,1.7756297860937056
synthetic_863000_863000_avg45_std0.84_diagonal_0.5_n14,[256-512],44.50002085747393,0.8888103155821516,0.00020055382675702118,6.858293393621116e-06,222063.0916409799,6424.634222951265
synthetic_863000_863000_avg45_std0.84_diagonal_0.05_n14,[256-512],44.50002085747393,0.8888103155821516,0.0019743449955623824,7.814386254588133e-05,22568.55488504243,880.8546629263592
synthetic_863000_863000_avg45_std0.84_diagonal_0.005_n14,[256-512],44.50002085747393,0.8888103155821516,0.01962074559897095,0.001097764236877267,2276.683448116017,171.14170104099114
synthetic_186000_186000_avg220_std0.84_random_n14,[256-512],219.49963978494623,0.8874633897207125,0.9909525033818938,0.006347061829978023,221.51283608615438,1.6851607602640115
synthetic_186000_186000_avg220_std0.84_diagonal_0.5_n14,[256-512],219.49963978494623,0.8874633897207125,0.004688082292750608,9.819519249237246e-05,46852.093509666076,1547.0193873245557
synthetic_186000_186000_avg220_std0.84_diagonal_0.05_n14,[256-512],219.49963978494623,0.8874633897207125,0.04623954078506187,0.002902759191030628,4776.71052013648,479.30320093836093
synthetic_186000_186000_avg220_std0.84_diagonal_0.005_n14,[256-512],219.49963978494623,0.8874633897207125,0.4125701652503179,0.0746320363849841,554.8355586293762,127.806463479928
synthetic_952000_952000_avg45_std2.25_random_n14,[256-512],44.49988235294118,2.2703898683323964,0.9559502728367081,0.030255448914295303,46.593629786284595,2.738452260362246
synthetic_952000_952000_avg45_std2.25_diagonal_0.5_n14,[256-512],44.49988235294118,2.2703898683323964,0.00018180539200974503,1.074893575137829e-05,244978.40624632768,7099.653088325532
synthetic_952000_952000_avg45_std2.25_diagonal_0.05_n14,[256-512],44.49988235294118,2.2703898683323964,0.0017898669022756157,0.00011244372467625423,24896.480025154095,958.6748812936065
synthetic_952000_952000_avg45_std2.25_diagonal_0.005_n14,[256-512],44.49988235294118,2.2703898683323964,0.017795417002462757,0.0013036417749382504,2509.8206655535605,181.8332900122491
synthetic_987000_987000_avg45_std0.2_random_n14,[256-512],44.500077001013175,0.4999999940708437,0.9560915509003055,0.03004957605886823,46.591579432396436,1.6119816381635614
synthetic_987000_987000_avg45_std0.2_diagonal_0.5_n14,[256-512],44.500077001013175,0.4999999940708437,0.0001753605534563304,5.202936152489849e-06,253963.4296659672,7320.779925746161
synthetic_987000_987000_avg45_std0.2_diagonal_0.05_n14,[256-512],44.500077001013175,0.4999999940708437,0.0017263828729922627,6.1013304207754426e-05,25808.861449569384,986.0605923168923
synthetic_987000_987000_avg45_std0.2_diagonal_0.005_n14,[256-512],44.500077001013175,0.4999999940708437,0.017166937561141845,0.0008792268413373735,2601.1934660794504,185.57936530726334
synthetic_268000_268000_avg105_std0.2_random_n14,[256-512],104.50036567164179,0.49999986628423243,0.9810637971151704,0.013164469873017642,106.53688235185032,1.5390919362277
synthetic_268000_268000_avg105_std0.2_diagonal_0.5_n14,[256-512],104.50036567164179,0.49999986628423243,0.0015405816161728671,2.6115751737450138e-05,67855.30840994857,1497.7489900581725
synthetic_526000_526000_avg70_std2.5_random_n14,[256-512],69.49957224334601,2.5172846979402865,0.9716591070530153,0.0196586717545097,71.55414933816961,2.9232971210072507
synthetic_171000_171000_avg105_std125_random_n14,[256-512],132.42505263157895,94.58022113975619,0.9519906798331109,0.123584328212973,886.7947683152854,11306.481046865618
synthetic_171000_171000_avg105_std125_diagonal_0.5_n14,[256-512],132.42505263157895,94.58022113975619,0.0030655991587155026,0.002209113159741367,44664.08049937933,11099.001032947852
synthetic_171000_171000_avg105_std125_diagonal_0.05_n14,[256-512],132.42505263157895,94.58022113975619,0.03018036332546767,0.02182705378528064,5345.4933527656685,11359.830375295209
synthetic_171000_171000_avg105_std125_diagonal_0.005_n14,[256-512],132.42505263157895,94.58022113975619,0.26927418316747026,0.187378384272869,1268.089213064291,11318.278448272022
synthetic_5558000_5558000_avg4_std3_random_n14,[256-512],3.762243972652033,2.6274379098247715,0.4604677463604711,0.3301620146757279,661409.2998663349,1799606.4664941323
synthetic_5558000_5558000_avg4_std3_diagonal_0.5_n14,[256-512],3.762243972652033,2.6274379098247715,2.062057214437018e-06,1.789695917891928e-06,2325775.591975067,1616371.274181518
synthetic_5558000_5558000_avg4_std3_diagonal_0.05_n14,[256-512],3.762243972652033,2.6274379098247715,1.7689514972534064e-05,1.7006363405564663e-05,932496.169868607,1762986.710829531
synthetic_5558000_5558000_avg4_std3_diagonal_0.005_n14,[256-512],3.762243972652033,2.6274379098247715,0.00017396586735373679,0.00016919257230108164,697254.5884304022,1793363.0090450407
synthetic_218000_218000_avg105_std13_random_n14,[256-512],104.49084862385321,12.980094453898674,0.9807796069144011,0.013723385759705551,106.52660967532093,13.06129797111461
synthetic_218000_218000_avg105_std13_diagonal_0.5_n14,[256-512],104.49084862385321,12.980094453898674,0.0018936205706590354,0.0002402610016057714,55213.3423001961,1320.2835619680927
synthetic_218000_218000_avg105_std13_diagonal_0.05_n14,[256-512],104.49084862385321,12.980094453898674,0.018731924901102603,0.0024926774342808973,5594.9677077157785,371.3882453446619
synthetic_218000_218000_avg105_std13_diagonal_0.005_n14,[256-512],104.49084862385321,12.980094453898674,0.17895239169682686,0.03121055933898575,596.9169028586904,108.70181519748554
synthetic_218000_218000_avg105_std8_random_n14,[256-512],104.4936009174312,7.990471123564174,0.9809627713997138,0.013399016676955313,106.5297324359401,8.1252232200662
synthetic_218000_218000_avg105_std8_diagonal_0.5_n14,[256-512],104.4936009174312,7.990471123564174,0.0018936791726285665,0.0001500691474152232,55205.99107954209,1314.7785410373951
synthetic_218000_218000_avg105_std8_diagonal_0.05_n14,[256-512],104.4936009174312,7.990471123564174,0.01873371456527228,0.001656203658013867,5593.74049060939,371.5190485949684
synthetic_218000_218000_avg105_std8_diagonal_0.005_n14,[256-512],104.4936009174312,7.990471123564174,0.1790442528827539,0.025947215766024868,596.7946081316129,108.72853179341062
synthetic_218000_218000_avg105_std2.5_random_n14,[256-512],104.49753211009174,2.5124594773081874,0.9810606573731168,0.013217199372827955,106.53349212253714,2.9106395105118046
synthetic_218000_218000_avg105_std2.5_diagonal_0.5_n14,[256-512],104.49753211009174,2.5124594773081874,0.0018937195101422443,5.6310694611136534e-05,55203.23538434211,1312.9226305183404
synthetic_218000_218000_avg105_std2.5_diagonal_0.05_n14,[256-512],104.49753211009174,2.5124594773081874,0.018734089933507277,0.0009115086726824358,5593.373457265072,371.8104068257537
synthetic_218000_218000_avg105_std2.5_diagonal_0.005_n14,[256-512],104.49753211009174,2.5124594773081874,0.17909908970204527,0.02254113215585473,596.7328779530051,108.74661141330013
synthetic_218000_218000_avg105_std2.25_random_n14,[256-512],104.4972889908257,2.264555769663334,0.9810617998905815,0.013214222415578795,106.53330750875423,2.6985216081230434
synthetic_218000_218000_avg105_std2.25_diagonal_0.5_n14,[256-512],104.4972889908257,2.264555769663334,0.0018937099360323204,5.2682495009088185e-05,55203.33287379061,1312.6578917887864
synthetic_218000_218000_avg105_std2.25_diagonal_0.05_n14,[256-512],104.4972889908257,2.264555769663334,0.018734173154616614,0.0008894384884406422,5593.316887824227,371.72168952380406
synthetic_218000_218000_avg105_std2.25_diagonal_0.005_n14,[256-512],104.4972889908257,2.264555769663334,0.17909818963050253,0.022465076930122035,596.7356777425573,108.74524216319249
synthetic_218000_218000_avg105_std3_random_n14,[256-512],104.49759633027523,3.008470259939536,0.9810557852453498,0.013225147327887536,106.53364695697707,3.3498354369052756
synthetic_218000_218000_avg105_std3_diagonal_0.5_n14,[256-512],104.49759633027523,3.008470259939536,0.0018937466122380272,6.396189582138533e-05,55202.633817891256,1312.4063933632249
synthetic_218000_218000_avg105_std3_diagonal_0.05_n14,[256-512],104.49759633027523,3.008470259939536,0.018733871875263024,0.0009603689752073607,5593.474417553598,371.9391443072534
synthetic_218000_218000_avg105_std3_diagonal_0.005_n14,[256-512],104.49759633027523,3.008470259939536,0.17909522161434227,0.022714987491515976,596.7431332897282,108.7601164542219
synthetic_218000_218000_avg105_std1.6_random_n14,[256-512],104.49845871559633,1.6240953475202382,0.9810658944954128,0.01320630512325475,106.53447528178813,2.1877863231035595
synthetic_218000_218000_avg105_std1.6_diagonal_0.5_n14,[256-512],104.49845871559633,1.6240953475202382,0.0018937420671660632,4.3999963922928195e-05,55202.81223221706,1311.3958352374252
synthetic_218000_218000_avg105_std1.6_diagonal_0.05_n14,[256-512],104.49845871559633,1.6240953475202382,0.018734568028785457,0.0008411326157143794,5593.224424908118,371.59167041403623
synthetic_218000_218000_avg105_std1.6_diagonal_0.005_n14,[256-512],104.49845871559633,1.6240953475202382,0.17909532002777545,0.022308058214838725,596.7609630417978,108.77632316452811
synthetic_218000_218000_avg105_std0.84_random_n14,[256-512],104.49959174311927,0.8862972239074971,0.9810663691818872,0.013207226652435225,106.5358836008228,1.7107822021300652
synthetic_218000_218000_avg105_std0.84_diagonal_0.5_n14,[256-512],104.49959174311927,0.8862972239074971,0.0018937493897820045,3.6271326820991384e-05,55203.13425363744,1313.3494979353575
synthetic_218000_218000_avg105_std0.84_diagonal_0.05_n14,[256-512],104.49959174311927,0.8862972239074971,0.018734902533456776,0.0008032095567883539,5593.150285423549,371.3648970696778
synthetic_218000_218000_avg105_std0.84_diagonal_0.005_n14,[256-512],104.49959174311927,0.8862972239074971,0.17909732021715347,0.022186904819007567,596.7633788390343,108.78185143699366
synthetic_218000_218000_avg105_std0.64_random_n14,[256-512],104.49975688073394,0.7015447801157823,0.9810668187442133,0.013204824056553483,106.5360505998509,1.6226028678048274
synthetic_218000_218000_avg105_std0.64_diagonal_0.5_n14,[256-512],104.49975688073394,0.7015447801157823,0.0018937556392559546,3.486487872003474e-05,55203.00277262482,1312.8164342843538
synthetic_218000_218000_avg105_std0.64_diagonal_0.05_n14,[256-512],104.49975688073394,0.7015447801157823,0.018734826550795395,0.0007971133144972027,5593.181735178305,371.4344742972091
synthetic_218000_218000_avg105_std0.64_diagonal_0.005_n14,[256-512],104.49975688073394,0.7015447801157823,0.17910012450551302,0.02216721155059573,596.7536933320066,108.77204385047088
synthetic_218000_218000_avg105_std0.02_random_n14,[256-512],104.49985779816514,0.49999997977863775,0.9810691569522769,0.013202708183627936,106.53592451106321,1.5450577164640573
synthetic_218000_218000_avg105_std0.02_diagonal_0.5_n14,[256-512],104.49985779816514,0.49999997977863775,0.0018937586903459305,3.368241362976047e-05,55202.95133317869,1312.7405539113518
synthetic_218000_218000_avg105_std0.02_diagonal_0.05_n14,[256-512],104.49985779816514,0.49999997977863775,0.01873479500883764,0.000792048953074655,5593.192439645997,371.38242285883956
synthetic_218000_218000_avg105_std0.02_diagonal_0.005_n14,[256-512],104.49985779816514,0.49999997977863775,0.1791020855146873,0.022151029250967173,596.7471228621552,108.7653448561083
synthetic_218000_218000_avg45_std125_random_n14,[256-512],105.41611009174312,79.80875011871076,0.9399272690430097,0.14085810494216938,1426.650865568515,16897.479192026643
synthetic_218000_218000_avg45_std125_diagonal_0.5_n14,[256-512],105.41611009174312,79.80875011871076,0.0019106018222371853,0.0014624558540139345,57552.64686256425,16258.682803451646
synthetic_218000_218000_avg45_std125_diagonal_0.05_n14,[256-512],105.41611009174312,79.80875011871076,0.018854976916926187,0.01449790338769809,7241.6562139512,16976.4761771568
synthetic_218000_218000_avg45_std125_diagonal_0.005_n14,[256-512],105.41611009174312,79.80875011871076,0.17540170616951434,0.13209342144459502,1962.0856831797328,16904.372926436205
synthetic_526000_526000_avg45_std2.5_random_n14,[256-512],44.49957224334601,2.5172846979402865,0.9559697511240582,0.030249655417250287,46.590853038063855,2.941251474444768
synthetic_526000_526000_avg45_std2.5_diagonal_0.5_n14,[256-512],44.49957224334601,2.5172846979402865,0.0003290412865590076,2.1178798041595853e-05,135362.61164161167,4003.4332975549232
synthetic_526000_526000_avg45_std2.5_diagonal_0.05_n14,[256-512],44.49957224334601,2.5172846979402865,0.0032382382895516787,0.00022239443809291248,13764.046594589632,587.5508393515897
synthetic_526000_526000_avg45_std2.5_diagonal_0.005_n14,[256-512],44.49957224334601,2.5172846979402865,0.0320837571780711,0.0027327022281212017,1394.864143088426,128.26209629048248
synthetic_526000_526000_avg45_std1.6_random_n14,[256-512],44.500072243346004,1.6265969031309495,0.9560556678353022,0.03012057640690448,46.59089550255607,2.231380900357636
synthetic_526000_526000_avg45_std1.6_diagonal_0.5_n14,[256-512],44.500072243346004,1.6265969031309495,0.00032904692492301453,1.533560117003686e-05,135353.67964660222,3984.358219292544
synthetic_526000_526000_avg45_std1.6_diagonal_0.05_n14,[256-512],44.500072243346004,1.6265969031309495,0.0032382160433142007,0.00016799585738457476,13763.071706541066,585.6714774129866
synthetic_526000_526000_avg45_std1.6_diagonal_0.005_n14,[256-512],44.500072243346004,1.6265969031309495,0.032085102249562666,0.0023216088390091844,1394.706356675593,128.10159296997526
synthetic_526000_526000_avg45_std2.25_random_n14,[256-512],44.50030608365019,2.2687670856265316,0.9560009179003601,0.030199031711547215,46.59129895099652,2.732970260444358
synthetic_526000_526000_avg45_std2.25_diagonal_0.5_n14,[256-512],44.50030608365019,2.2687670856265316,0.00032904689962266336,1.9490597869032664e-05,135359.98477940113,3997.3868364604955
synthetic_526000_526000_avg45_std2.25_diagonal_0.05_n14,[256-512],44.50030608365019,2.2687670856265316,0.003238262444158509,0.00020650124566733196,13763.803362717139,587.1663477379407
synthetic_526000_526000_avg45_std2.25_diagonal_0.005_n14,[256-512],44.50030608365019,2.2687670856265316,0.0320853307984791,0.0026077845130720754,1394.7859121558743,128.26422218769787
synthetic_526000_526000_avg45_std3_random_n14,[256-512],44.50056463878327,3.014959480619301,0.9559094129270337,0.03034747903573293,46.59210032914019,3.37593059791366
synthetic_526000_526000_avg45_std3_diagonal_0.5_n14,[256-512],44.50056463878327,3.014959480619301,0.00032904554424670004,2.4658907237789915e-05,135370.34573300596,4021.63180269651
synthetic_526000_526000_avg45_std3_diagonal_0.05_n14,[256-512],44.50056463878327,3.014959480619301,0.0032382445495814597,0.000255694691738867,13765.34784189623,589.8392529889089
synthetic_526000_526000_avg45_std3_diagonal_0.005_n14,[256-512],44.50056463878327,3.014959480619301,0.03208510167488326,0.003002668639861131,1394.9164052123642,128.3296863344722
synthetic_526000_526000_avg45_std0.64_random_n14,[256-512],44.50057794676806,0.702410061228066,0.9561031287643309,0.030041061977691793,46.591235966946954,1.6842998579356587
synthetic_526000_526000_avg45_std0.64_diagonal_0.5_n14,[256-512],44.50057794676806,0.702410061228066,0.00032904482499385564,1.0529498251118942e-05,135351.68744677404,3980.3051023309276
synthetic_526000_526000_avg45_std0.64_diagonal_0.05_n14,[256-512],44.50057794676806,0.702410061228066,0.0032382599466524034,0.00012590167819691913,13762.354093587921,585.1912210077147
synthetic_526000_526000_avg45_std0.64_diagonal_0.005_n14,[256-512],44.50057794676806,0.702410061228066,0.032085590477670636,0.002044398840803204,1394.6429371453448,128.1087517565409
synthetic_526000_526000_avg45_std0.02_random_n14,[256-512],44.500695817490495,0.4999995158377854,0.9561105092129424,0.030030408246583564,46.59121197813444,1.610079036211405
synthetic_526000_526000_avg45_std0.02_diagonal_0.5_n14,[256-512],44.500695817490495,0.4999995158377854,0.0003290508464774681,9.839664255213871e-06,135349.03069511097,3978.4248058795697
synthetic_526000_526000_avg45_std0.02_diagonal_0.05_n14,[256-512],44.500695817490495,0.4999995158377854,0.0032382133759343056,0.00012018586103611707,13762.497289467765,584.8537343380386
synthetic_526000_526000_avg45_std0.02_diagonal_0.005_n14,[256-512],44.500695817490495,0.4999995158377854,0.03208546045193657,0.0020115478556696326,1394.6521018064277,128.16819822367083
synthetic_526000_526000_avg45_std0.2_random_n14,[256-512],44.500695817490495,0.4999995158377854,0.9561105092129424,0.030030408246583564,46.59121197813444,1.610079036211405
synthetic_526000_526000_avg45_std0.2_diagonal_0.5_n14,[256-512],44.500695817490495,0.4999995158377854,0.0003290508464774681,9.839664255213871e-06,135349.03069511097,3978.4248058795697
synthetic_526000_526000_avg45_std0.2_diagonal_0.05_n14,[256-512],44.500695817490495,0.4999995158377854,0.0032382133759343056,0.00012018586103611707,13762.497289467765,584.8537343380386
synthetic_526000_526000_avg45_std0.2_diagonal_0.005_n14,[256-512],44.500695817490495,0.4999995158377854,0.03208546045193657,0.0020115478556696326,1394.6521018064277,128.16819822367083
synthetic_526000_526000_avg45_std8_random_n14,[256-512],44.5011958174905,8.006696490069357,0.9545719877040292,0.032808647356106085,46.59722767732781,8.134409497479634
synthetic_526000_526000_avg45_std8_diagonal_0.5_n14,[256-512],44.5011958174905,8.006696490069357,0.00032905508247914523,6.153017046545369e-05,135502.06721002123,4296.699441067252
synthetic_526000_526000_avg45_std8_diagonal_0.05_n14,[256-512],44.5011958174905,8.006696490069357,0.0032382917383509944,0.0006180892531343515,13786.19119409226,623.3366216250912
synthetic_526000_526000_avg45_std8_diagonal_0.005_n14,[256-512],44.5011958174905,8.006696490069357,0.03207818381428096,0.006319174603124442,1397.0710498239378,129.64549539762683
synthetic_526000_526000_avg45_std13_random_n14,[256-512],44.50458365019011,12.999765641995431,0.9505546383459352,0.04678095433597791,155.6158070769991,7570.477416058281
synthetic_526000_526000_avg45_std13_diagonal_0.5_n14,[256-512],44.50458365019011,12.999765641995431,0.0003291059181136057,9.918299183778324e-05,135998.57284596743,9012.450915852398
synthetic_526000_526000_avg45_std13_diagonal_0.05_n14,[256-512],44.50458365019011,12.999765641995431,0.0032388649431103543,0.0009925817831650111,13972.051053967463,7679.442383404043
synthetic_526000_526000_avg45_std13_diagonal_0.005_n14,[256-512],44.50458365019011,12.999765641995431,0.03206971239644927,0.009941195421308884,1515.0968005776922,7574.350209046582
synthetic_207000_207000_avg70_std125_random_n14,[256-512],114.28263285024154,85.35087646791358,0.9437870852061891,0.13633090583896648,1285.4953959146003,15503.27118353286
synthetic_207000_207000_avg70_std125_diagonal_0.5_n14,[256-512],114.28263285024154,85.35087646791358,0.0021830971317883733,0.0016474800941446166,54472.6348963048,14874.509144651302
synthetic_207000_207000_avg70_std125_diagonal_0.05_n14,[256-512],114.28263285024154,85.35087646791358,0.021536134658918533,0.016324677604937197,6763.388394612996,15528.191499586987
synthetic_207000_207000_avg70_std125_diagonal_0.005_n14,[256-512],114.28263285024154,85.35087646791358,0.19836364349226354,0.14665676642108724,1782.334823092782,15507.22017592199
synthetic_186000_186000_avg105_std125_random_n14,[256-512],132.45114516129033,94.58362568443512,0.9521371796161405,0.12342193141151812,953.8279323874772,12306.725234589832
synthetic_186000_186000_avg105_std125_diagonal_0.5_n14,[256-512],132.45114516129033,94.58362568443512,0.002819052347092149,0.0020310342074713063,48572.54359046222,12045.744643858014
synthetic_186000_186000_avg105_std125_diagonal_0.05_n14,[256-512],132.45114516129033,94.58362568443512,0.02777833139669326,0.020089422524846624,5808.342852909107,12353.871894798993
synthetic_186000_186000_avg105_std125_diagonal_0.005_n14,[256-512],132.45114516129033,94.58362568443512,0.25025860518557064,0.17518364951228352,1376.7729573625736,12327.675315709976
synthetic_218000_218000_avg70_std125_random_n14,[256-512],114.26585779816514,85.3605694126793,0.9437836796986786,0.13614094653275927,1345.4759196803982,16313.570770680864
synthetic_218000_218000_avg70_std125_diagonal_0.5_n14,[256-512],114.26585779816514,85.3605694126793,0.0020727008669303927,0.0015643380693929133,57359.16959467935,15636.21707013269
synthetic_218000_218000_avg70_std125_diagonal_0.05_n14,[256-512],114.26585779816514,85.3605694126793,0.020454949814830398,0.015502407064388594,7115.964969285764,16329.846271523673
synthetic_218000_218000_avg70_std125_diagonal_0.005_n14,[256-512],114.26585779816514,85.3605694126793,0.18922873554414613,0.1402580351633658,1871.9365013964655,16316.225367456045
synthetic_121000_121000_avg220_std13_random_n14,[256-512],219.47604132231405,12.99542848539261,0.990932799603852,0.006416274320293939,221.48634867304727,13.071584429878085
synthetic_121000_121000_avg220_std13_diagonal_0.5_n14,[256-512],219.47604132231405,12.99542848539261,0.007201227853288709,0.00046576828812791246,30508.949598476745,1235.987012411756
synthetic_121000_121000_avg220_std13_diagonal_0.05_n14,[256-512],219.47604132231405,12.99542848539261,0.0706117979646199,0.006877209752414792,3137.4286989338716,383.0315779295163
synthetic_121000_121000_avg220_std13_diagonal_0.005_n14,[256-512],219.47604132231405,12.99542848539261,0.5881403277781572,0.12248636400266377,390.83159219288274,89.78189557806395
synthetic_121000_121000_avg220_std8_random_n14,[256-512],219.4845950413223,8.000487219232298,0.9909548965234615,0.006379528841395839,221.4944737022156,8.125866463533056
synthetic_121000_121000_avg220_std8_diagonal_0.5_n14,[256-512],219.4845950413223,8.000487219232298,0.007201529267126563,0.00032056255813723997,30508.527410838175,1237.1452379234775
synthetic_121000_121000_avg220_std8_diagonal_0.05_n14,[256-512],219.4845950413223,8.000487219232298,0.07061833952598866,0.00603620646830843,3137.3095554422002,383.05350200235205
synthetic_121000_121000_avg220_std8_diagonal_0.005_n14,[256-512],219.4845950413223,8.000487219232298,0.5884262175397854,0.12061026043482721,390.8358268010693,89.78925348596432
synthetic_121000_121000_avg220_std3_random_n14,[256-512],219.49481818181818,3.0121691903684558,0.9909641702752545,0.006366497614165734,221.50504415530332,3.3352435776348885
synthetic_121000_121000_avg220_std3_diagonal_0.5_n14,[256-512],219.49481818181818,3.0121691903684558,0.007201823236117751,0.00020681939059117958,30508.480513264498,1238.6245889327315
synthetic_121000_121000_avg220_std3_diagonal_0.05_n14,[256-512],219.49481818181818,3.0121691903684558,0.07062088969332697,0.005542883302925486,3137.3470662014097,382.9892289384866
synthetic_121000_121000_avg220_std3_diagonal_0.005_n14,[256-512],219.49481818181818,3.0121691903684558,0.5885891122191107,0.11960437688814529,390.83658718046206,89.78793687459027
synthetic_121000_121000_avg220_std2.25_random_n14,[256-512],219.4947520661157,2.267664666061175,0.990965837716003,0.00636342679751386,221.50475605568676,2.681390696188539
synthetic_121000_121000_avg220_std2.25_diagonal_0.5_n14,[256-512],219.4947520661157,2.267664666061175,0.00720180397513831,0.00019613594295804138,30508.537058668153,1238.8913144185526
synthetic_121000_121000_avg220_std2.25_diagonal_0.05_n14,[256-512],219.4947520661157,2.267664666061175,0.07062072829724746,0.005506893064871067,3137.3711467108174,383.14036194105887
synthetic_121000_121000_avg220_std2.25_diagonal_0.005_n14,[256-512],219.4947520661157,2.267664666061175,0.5885910814835053,0.11953544368737344,390.84252960998384,89.79008389227589
synthetic_121000_121000_avg220_std1.6_random_n14,[256-512],219.4968512396694,1.625699595933231,0.9909659166040571,0.0063612136337196055,221.50695840733192,2.165864201499009
synthetic_121000_121000_avg220_std1.6_diagonal_0.5_n14,[256-512],219.4968512396694,1.625699595933231,0.007201866470869476,0.00018903214556190888,30508.556640350307,1239.2884712298583
synthetic_121000_121000_avg220_std1.6_diagonal_0.05_n14,[256-512],219.4968512396694,1.625699595933231,0.07062116959224096,0.005483171533311016,3137.378755033849,383.1122694065667
synthetic_121000_121000_avg220_std1.6_diagonal_0.005_n14,[256-512],219.4968512396694,1.625699595933231,0.5886003027115634,0.11948828399390148,390.84473192083954,89.79447634805058
synthetic_121000_121000_avg220_std0.84_random_n14,[256-512],219.49827272727273,0.8873381076880288,0.9909672876169663,0.006358685974277216,221.50816597879378,1.6847474256076707
synthetic_121000_121000_avg220_std0.84_diagonal_0.5_n14,[256-512],219.49827272727273,0.8873381076880288,0.007201885663547573,0.0001835119669653523,30508.673278709917,1240.1266179779786
synthetic_121000_121000_avg220_std0.84_diagonal_0.05_n14,[256-512],219.49827272727273,0.8873381076880288,0.07062176285772828,0.005464269450871182,3137.356595107227,382.9992120309854
synthetic_121000_121000_avg220_std0.84_diagonal_0.005_n14,[256-512],219.49827272727273,0.8873381076880288,0.5886034358991872,0.11944556813881681,390.84654556832345,89.79248158171387
synthetic_121000_121000_avg220_std0.02_random_n14,[256-512],219.4996611570248,0.49999988518542493,0.9909680484939553,0.006357644667919312,221.50941489377811,1.5164994114565653
synthetic_121000_121000_avg220_std0.02_diagonal_0.5_n14,[256-512],219.4996611570248,0.49999988518542493,0.007201895977050748,0.00018184934802882897,30508.80238426655,1239.7858941144066
synthetic_121000_121000_avg220_std0.02_diagonal_0.05_n14,[256-512],219.4996611570248,0.49999988518542493,0.07062274407485829,0.005458883586105778,3137.3301279809425,382.9889065717285
synthetic_121000_121000_avg220_std0.02_diagonal_0.005_n14,[256-512],219.4996611570248,0.49999988518542493,0.588607286660747,0.1194338251797799,390.84636816771945,89.78990297597144
synthetic_121000_121000_avg220_std0.2_random_n14,[256-512],219.4996611570248,0.49999988518542493,0.9909680484939553,0.006357644667919312,221.50941489377811,1.5164994114565653
synthetic_121000_121000_avg220_std0.2_diagonal_0.5_n14,[256-512],219.4996611570248,0.49999988518542493,0.007201895977050748,0.00018184934802882897,30508.80238426655,1239.7858941144066
synthetic_121000_121000_avg220_std0.2_diagonal_0.05_n14,[256-512],219.4996611570248,0.49999988518542493,0.07062274407485829,0.005458883586105778,3137.3301279809425,382.9889065717285
synthetic_121000_121000_avg220_std0.2_diagonal_0.005_n14,[256-512],219.4996611570248,0.49999988518542493,0.588607286660747,0.1194338251797799,390.84636816771945,89.78990297597144
synthetic_121000_121000_avg220_std0.64_random_n14,[256-512],219.49964462809916,0.7018157366832598,0.9909669168772625,0.006359024020394307,221.50964084765883,1.5941627618570149
synthetic_121000_121000_avg220_std0.64_diagonal_0.5_n14,[256-512],219.49964462809916,0.7018157366832598,0.007201924390410491,0.0001826122429981361,30508.685136129272,1239.7257072006212
synthetic_121000_121000_avg220_std0.64_diagonal_0.05_n14,[256-512],219.49964462809916,0.7018157366832598,0.07062299077931834,0.005461182634941487,3137.316045897952,382.9482808909583
synthetic_121000_121000_avg220_std0.64_diagonal_0.005_n14,[256-512],219.49964462809916,0.7018157366832598,0.5886085910798443,0.11943973302190508,390.84507532738394,89.78840832732524
synthetic_268000_268000_avg3.1_std125_random_n14,[256-512],99.09761567164179,75.38406011676548,0.9362880868790376,0.14613037835297607,1867.3574295334427,21675.262734330714
synthetic_268000_268000_avg3.1_std125_diagonal_0.5_n14,[256-512],99.09761567164179,75.38406011676548,0.0014600326214078863,0.0011238522476369073,71013.70015365208,20817.719248917587
synthetic_268000_268000_avg3.1_std125_diagonal_0.05_n14,[256-512],99.09761567164179,75.38406011676548,0.014425378550345291,0.01115959445203849,9077.765058370209,21806.497675150076
synthetic_268000_268000_avg3.1_std125_diagonal_0.005_n14,[256-512],99.09761567164179,75.38406011676548,0.13649530587268877,0.10409420236426468,2556.3397790802906,21694.233712981844
synthetic_4690000_4690000_avg6_std2.25_diagonal_0.5_n14,[256-512],5.504297228144989,2.2521419036773302,3.78839535190329e-06,1.971418936395324e-06,1691409.1967389006,797310.4889945335
synthetic_4690000_4690000_avg6_std2.25_diagonal_0.05_n14,[256-512],5.504297228144989,2.2521419036773302,3.35276417637672e-05,1.9325387073789083e-05,332609.91689417575,752101.0677400643
synthetic_4690000_4690000_avg6_std2.25_diagonal_0.005_n14,[256-512],5.504297228144989,2.2521419036773302,0.0003309022495806071,0.00019287677964597135,143773.8635296835,738745.5320518444
synthetic_4690000_4690000_avg6_std2.5_random_n14,[256-512],5.513049466950959,2.480091964150664,0.6311470673180247,0.2572900151909957,158908.4965611713,848514.1706898413
synthetic_4690000_4690000_avg6_std2.5_diagonal_0.5_n14,[256-512],5.513049466950959,2.480091964150664,3.8055778069748725e-06,2.13616653836459e-06,1708543.3462900657,864171.8491947365
synthetic_4690000_4690000_avg6_std2.5_diagonal_0.05_n14,[256-512],5.513049466950959,2.480091964150664,3.375812157609759e-05,2.087161331525674e-05,372455.10407353315,856269.6950082018
synthetic_4690000_4690000_avg6_std2.5_diagonal_0.005_n14,[256-512],5.513049466950959,2.480091964150664,0.0003332130129432033,0.00020819922208665877,184025.58004461258,848898.5132276462
synthetic_1383000_1383000_avg20_std2.25_random_n14,[256-512],19.500062183658713,2.269610927737617,0.9012726378214129,0.06603822982971,21.730753164431377,2.821573923336358
synthetic_1383000_1383000_avg20_std2.25_diagonal_0.5_n14,[256-512],19.500062183658713,2.269610927737617,5.2928372045847484e-05,7.284659944471092e-06,370304.97796302516,25236.016968719967
synthetic_1383000_1383000_avg20_std2.25_diagonal_0.05_n14,[256-512],19.500062183658713,2.269610927737617,0.0005109745175509454,7.448772571215414e-05,38440.97309727599,3147.2046505968347
synthetic_1383000_1383000_avg20_std2.25_diagonal_0.005_n14,[256-512],19.500062183658713,2.269610927737617,0.0050851361596161195,0.0007523777062366136,3866.1211429609702,346.6736836899975
synthetic_1383000_1383000_avg20_std1.6_random_n14,[256-512],19.500083152566884,1.6268450208719876,0.9018939868603836,0.065012915753771,21.728784225131896,2.350369803573512
synthetic_1383000_1383000_avg20_std1.6_diagonal_0.5_n14,[256-512],19.500083152566884,1.6268450208719876,5.293047536740158e-05,5.6745700515802275e-06,370075.68451230373,24739.156950723995
synthetic_1383000_1383000_avg20_std1.6_diagonal_0.05_n14,[256-512],19.500083152566884,1.6268450208719876,0.0005109352299302189,5.898249631988741e-05,38409.81803789775,3079.61206167564
synthetic_68000_68000_avg420_std0.02_diagonal_0.05_n14,[256-512],419.5003970588235,0.4999998423442658,0.2304807776816609,0.031803460629183836,1870.6236598994553,370.3447176096662
synthetic_68000_68000_avg420_std0.02_diagonal_0.005_n14,[256-512],419.5003970588235,0.4999998423442658,0.9952752536764706,0.003332464762607999,421.49657476218215,1.5009471644033119
synthetic_68000_68000_avg420_std2.5_random_n14,[256-512],419.5003235294118,2.5097925649061383,0.9952748053633218,0.003332779446356741,421.496596229377,2.8773341649553994
synthetic_68000_68000_avg420_std2.5_diagonal_0.5_n14,[256-512],419.5003235294118,2.5097925649061383,0.02445181596020761,0.0011170049399705847,17212.920336873307,1265.5323477649604
synthetic_68000_68000_avg420_std2.5_diagonal_0.05_n14,[256-512],419.5003235294118,2.5097925649061383,0.2304812967128028,0.03183159584668903,1870.6160246341528,370.32973280225775
synthetic_68000_68000_avg420_std2.5_diagonal_0.005_n14,[256-512],419.5003235294118,2.5097925649061383,0.9952748053633218,0.003332779446356741,421.496596229377,2.8773341649553994
synthetic_68000_68000_avg420_std8_random_n14,[256-512],419.5023823529412,7.984189905183965,0.9952718246107266,0.003338742356441078,421.49920797388864,8.103108785076515
synthetic_68000_68000_avg420_std8_diagonal_0.5_n14,[256-512],419.5023823529412,7.984189905183965,0.024452034169550173,0.001202296939147196,17212.875891085878,1265.1569385846533
synthetic_68000_68000_avg420_std8_diagonal_0.05_n14,[256-512],419.5023823529412,7.984189905183965,0.2304778626730104,0.03208456281177143,1870.6278434003034,370.3915890781849
synthetic_68000_68000_avg420_std8_diagonal_0.005_n14,[256-512],419.5023823529412,7.984189905183965,0.9952718246107266,0.003338742356441078,421.49920797388864,8.103108785076515
synthetic_68000_68000_avg420_std0.64_random_n14,[256-512],419.5020588235294,0.6998919219580587,0.9952755720155709,0.0033322901017388707,421.49810287213717,1.5778007324765932
synthetic_68000_68000_avg420_std0.64_diagonal_0.5_n14,[256-512],419.5020588235294,0.6998919219580587,0.024451784169550173,0.0011076494303071515,17213.002460633827,1265.7421669130003
synthetic_68000_68000_avg420_std0.64_diagonal_0.05_n14,[256-512],419.5020588235294,0.6998919219580587,0.23048071993944638,0.03180547144313874,1870.6345473187748,370.35846801409065
synthetic_68000_68000_avg420_std0.64_diagonal_0.005_n14,[256-512],419.5020588235294,0.6998919219580587,0.9952755720155709,0.0033322901017388707,421.49810287213717,1.5778007324765932
synthetic_68000_68000_avg420_std3_random_n14,[256-512],419.5013088235294,3.005572969537799,0.9952750694204153,0.003332083836601766,421.4974493310267,3.3195214332535885
synthetic_68000_68000_avg420_std3_diagonal_0.5_n14,[256-512],419.5013088235294,3.005572969537799,0.024451722534602077,0.0011211419900139174,17213.02394837189,1265.5127278358652
synthetic_68000_68000_avg420_std3_diagonal_0.05_n14,[256-512],419.5013088235294,3.005572969537799,0.2304800555795848,0.03184225209745119,1870.6287165994213,370.3488326453202
synthetic_68000_68000_avg420_std3_diagonal_0.005_n14,[256-512],419.5013088235294,3.005572969537799,0.9952750694204153,0.003332083836601766,421.4974493310267,3.3195214332535885
synthetic_68000_68000_avg420_std13_random_n14,[256-512],419.5043676470588,12.969822838152838,0.9952659465830449,0.0033458216613987788,421.5024027869073,13.039666186650086
synthetic_68000_68000_avg420_std13_diagonal_0.5_n14,[256-512],419.5043676470588,12.969822838152838,0.024452198096885817,0.001342701945364469,17212.839837820473,1264.594951714607
synthetic_68000_68000_avg420_std13_diagonal_0.05_n14,[256-512],419.5043676470588,12.969822838152838,0.23046782396193777,0.032534828366196755,1870.6459053680114,370.37029511005943
synthetic_68000_68000_avg420_std13_diagonal_0.005_n14,[256-512],419.5043676470588,12.969822838152838,0.9952659465830449,0.0033458216613987788,421.5024027869073,13.039666186650086
synthetic_68000_68000_avg420_std125_random_n14,[256-512],419.55542647058826,124.60711132440332,0.9944420426038063,0.012019949099446665,425.55677639605335,533.0451685577913
synthetic_68000_68000_avg420_std125_diagonal_0.5_n14,[256-512],419.55542647058826,124.60711132440332,0.024444293252595155,0.007347109215206361,17223.933610451673,1345.4377751509176
synthetic_68000_68000_avg420_std125_diagonal_0.05_n14,[256-512],419.55542647058826,124.60711132440332,0.22915621215397924,0.07303071777321264,1876.2330717215134,632.5792742366518
synthetic_4690000_4690000_avg3.1_std8_diagonal_0.005_n14,[256-512],6.3623176972281446,5.155249677156606,0.0004174556167229646,0.0004163779831301222,452908.2903468702,1347910.735496131
synthetic_141000_141000_avg220_std125_random_n14,[256-512],223.38605673758866,117.42271184940203,0.9789260129772146,0.07171622407424147,410.44339674415204,5097.169454991747
synthetic_141000_141000_avg220_std125_diagonal_0.5_n14,[256-512],223.38605673758866,117.42271184940203,0.0062896855288969355,0.0033258128552020668,35936.31276755639,5203.386812604184
synthetic_141000_141000_avg220_std125_diagonal_0.05_n14,[256-512],223.38605673758866,117.42271184940203,0.061560854685377996,0.032730916004106415,3892.627277054496,5214.095584336428
synthetic_141000_141000_avg220_std125_diagonal_0.005_n14,[256-512],223.38605673758866,117.42271184940203,0.5009054462049192,0.24489817107734055,636.0534445159025,5100.143605088457
synthetic_5558000_5558000_avg6_std1.6_random_n14,[256-512],5.49888754947823,1.6258574907949197,0.6681808622315613,0.20354884254550187,30135.88224802538,408083.5737065776
synthetic_5558000_5558000_avg6_std1.6_diagonal_0.5_n14,[256-512],5.49888754947823,1.6258574907949197,3.1774803793060133e-06,1.2874790486532023e-06,1918474.4443659906,698811.4445266217
synthetic_5558000_5558000_avg6_std1.6_diagonal_0.05_n14,[256-512],5.49888754947823,1.6258574907949197,2.799232264395964e-05,1.2802707255619086e-05,272101.6106138955,455150.292491855
synthetic_5558000_5558000_avg6_std1.6_diagonal_0.005_n14,[256-512],5.49888754947823,1.6258574907949197,0.0002761690216398341,0.00012792956996948804,56517.22648435767,412147.53210314695
synthetic_5558000_5558000_avg6_std0.84_random_n14,[256-512],5.499332133861101,0.8883301955481302,0.6861866943186775,0.17660704197251043,14.740471589343693,5774.764056543504
synthetic_5558000_5558000_avg6_std0.84_diagonal_0.5_n14,[256-512],5.499332133861101,0.8883301955481302,3.1711232627992733e-06,8.776568042391273e-07,1841538.3153166126,503864.9292351722
synthetic_83000_83000_avg420_std1.6_random_n14,[256-512],419.49953012048195,1.6244961468161343,0.9952762872695603,0.00331195107621845,421.4951584670094,2.144363136370525
synthetic_83000_83000_avg420_std1.6_diagonal_0.5_n14,[256-512],419.49953012048195,1.6244961468161343,0.020055129046305704,0.0008263162696571563,20974.155174915264,1400.167113402493
synthetic_83000_83000_avg420_std1.6_diagonal_0.05_n14,[256-512],419.49953012048195,1.6244961468161343,0.19107100261286109,0.024077784045337166,2247.3562776037024,416.2339611569346
synthetic_83000_83000_avg420_std1.6_diagonal_0.005_n14,[256-512],419.49953012048195,1.6244961468161343,0.9952762872695603,0.00331195107621845,421.4951584670094,2.144363136370525
synthetic_83000_83000_avg420_std0.02_random_n14,[256-512],419.4999879518072,0.49999999985484106,0.995275760632893,0.003313611490474151,421.49589770826475,1.4940281476698587
synthetic_83000_83000_avg420_std0.02_diagonal_0.5_n14,[256-512],419.4999879518072,0.49999999985484106,0.020055051821744815,0.0008227601044312634,20974.255108158774,1400.4262152532744
synthetic_83000_83000_avg420_std0.02_diagonal_0.05_n14,[256-512],419.4999879518072,0.49999999985484106,0.1910696384090579,0.02406597752082269,2247.374226799604,416.25540299272643
synthetic_83000_83000_avg420_std0.02_diagonal_0.005_n14,[256-512],419.4999879518072,0.49999999985484106,0.995275760632893,0.003313611490474151,421.49589770826475,1.4940281476698587
synthetic_83000_83000_avg420_std0.2_random_n14,[256-512],419.4999879518072,0.49999999985484106,0.995275760632893,0.003313611490474151,421.49589770826475,1.4940281476698587
synthetic_83000_83000_avg420_std0.2_diagonal_0.5_n14,[256-512],419.4999879518072,0.49999999985484106,0.020055051821744815,0.0008227601044312634,20974.255108158774,1400.4262152532744
synthetic_83000_83000_avg420_std0.2_diagonal_0.05_n14,[256-512],419.4999879518072,0.49999999985484106,0.1910696384090579,0.02406597752082269,2247.374226799604,416.25540299272643
synthetic_83000_83000_avg420_std0.2_diagonal_0.005_n14,[256-512],419.4999879518072,0.49999999985484106,0.995275760632893,0.003313611490474151,421.49589770826475,1.4940281476698587
synthetic_83000_83000_avg420_std0.64_random_n14,[256-512],419.50118072289155,0.7004291652494259,0.9952756400058063,0.0033140050683357005,421.49713950901423,1.5709737140633295
synthetic_83000_83000_avg420_std0.64_diagonal_0.5_n14,[256-512],419.50118072289155,0.7004291652494259,0.02005505632167223,0.0008231696538876876,20974.316467571538,1400.459451627492
synthetic_83000_83000_avg420_std0.64_diagonal_0.05_n14,[256-512],419.50118072289155,0.7004291652494259,0.19106923689940486,0.024067844059264626,2247.389070368276,416.2730160131403
synthetic_83000_83000_avg420_std0.64_diagonal_0.005_n14,[256-512],419.50118072289155,0.7004291652494259,0.9952756400058063,0.0033140050683357005,421.49713950901423,1.5709737140633295
synthetic_161000_161000_avg220_std13_random_n14,[256-512],219.48857763975155,12.98573871223186,0.9909276731221786,0.006411532807243535,221.500079571,13.060767998177623
synthetic_161000_161000_avg220_std13_diagonal_0.5_n14,[256-512],219.48857763975155,12.98573871223186,0.0054148540565564585,0.00034364851256248985,40566.456429827806,1431.3539551977167
synthetic_161000_161000_avg220_std13_diagonal_0.05_n14,[256-512],219.48857763975155,12.98573871223186,0.05331614142972878,0.004782795822221651,4146.305378346426,444.7290456611066
synthetic_161000_161000_avg220_std13_diagonal_0.005_n14,[256-512],219.48857763975155,12.98573871223186,0.4664461188997337,0.09179692270451933,491.7724629848072,114.66582920492225
synthetic_5558000_5558000_avg3.1_std8_diagonal_0.5_n14,[256-512],6.362955019791292,5.1559020458322475,3.886402458628889e-06,3.6088654698089794e-06,2087849.5156450765,1448194.3467354514
synthetic_5558000_5558000_avg3.1_std8_diagonal_0.05_n14,[256-512],6.362955019791292,5.1559020458322475,3.556765182010089e-05,3.52278306685874e-05,738375.9205600434,1576452.6371549785
synthetic_5558000_5558000_avg3.1_std8_diagonal_0.005_n14,[256-512],6.362955019791292,5.1559020458322475,0.00035232373151279455,0.00035139263846396997,536347.9356238708,1596816.6211901251
synthetic_171000_171000_avg220_std13_random_n14,[256-512],219.49138596491227,12.99564823957699,0.9909145890359428,0.006412010963265627,221.50607617074525,13.075125921524602
synthetic_171000_171000_avg220_std13_diagonal_0.5_n14,[256-512],219.49138596491227,12.99564823957699,0.005098637255907801,0.0003225591810744554,43081.03436524057,1478.581622701304
synthetic_171000_171000_avg220_std13_diagonal_0.05_n14,[256-512],219.49138596491227,12.99564823957699,0.050239282343285105,0.004435803768293083,4398.550067110778,458.82732495976626
synthetic_171000_171000_avg220_std13_diagonal_0.005_n14,[256-512],219.49138596491227,12.99564823957699,0.44325211268424475,0.085767283694256,516.9967020452499,120.08835521989117
synthetic_171000_171000_avg220_std8_random_n14,[256-512],219.49387719298247,8.000216221281624,0.9909376194042612,0.006375553151880195,221.507813992057,8.129014099388748
synthetic_171000_171000_avg220_std8_diagonal_0.5_n14,[256-512],219.49387719298247,8.000216221281624,0.005098712390137136,0.00021646849562361495,43080.44784317285,1480.1077312793454
synthetic_171000_171000_avg220_std8_diagonal_0.05_n14,[256-512],219.49387719298247,8.000216221281624,0.05024282398002804,0.0037602098485521023,4398.289558796528,458.74335939570494
synthetic_171000_171000_avg220_std8_diagonal_0.005_n14,[256-512],219.49387719298247,8.000216221281624,0.4433937840703123,0.08379440838464579,516.9916484072219,120.08099006711977
synthetic_171000_171000_avg220_std3_random_n14,[256-512],219.4971052631579,3.012489176030894,0.9909502981430185,0.006356172482333926,221.51049312330835,3.3392985398098793
synthetic_171000_171000_avg220_std3_diagonal_0.5_n14,[256-512],219.4971052631579,3.012489176030894,0.005098798638897439,0.00012981105238854632,43080.060693914515,1481.032939373121
synthetic_171000_171000_avg220_std3_diagonal_0.05_n14,[256-512],219.4971052631579,3.012489176030894,0.050242678362573095,0.0033524410809319992,4398.367637380189,458.78672091604426
synthetic_171000_171000_avg220_std3_diagonal_0.005_n14,[256-512],219.4971052631579,3.012489176030894,0.44348356420779045,0.08274599979274049,516.9770245503973,120.08099857750621
synthetic_171000_171000_avg220_std2.5_random_n14,[256-512],219.49733918128655,2.514862010476853,0.9909514921172327,0.006356236737610833,221.5105629734053,2.8972849475929383
synthetic_171000_171000_avg220_std2.5_diagonal_0.5_n14,[256-512],219.49733918128655,2.514862010476853,0.00509880380287952,0.00012386115273632753,43080.04522346372,1481.3098293491325
synthetic_171000_171000_avg220_std2.5_diagonal_0.05_n14,[256-512],219.49733918128655,2.514862010476853,0.050242503231763616,0.0033311339875709838,4398.402183504841,458.95180326729303
synthetic_186000_186000_avg220_std3_diagonal_0.05_n14,[256-512],219.49789784946236,3.012462624636875,0.04623920993756503,0.002965658143168347,4776.699796523828,479.21721176876594
synthetic_186000_186000_avg220_std3_diagonal_0.005_n14,[256-512],219.49789784946236,3.012462624636875,0.4125572539889004,0.07478300132300894,554.8327954476833,127.79564345691252
synthetic_186000_186000_avg220_std1.6_random_n14,[256-512],219.49929032258063,1.6261503890341171,0.9909505853566887,0.0063479555985655,221.51283392099404,2.166877727230554
synthetic_186000_186000_avg220_std1.6_diagonal_0.5_n14,[256-512],219.49929032258063,1.6261503890341171,0.0046880886518672685,0.00010247258646989694,46851.95273940985,1546.301776036785
synthetic_186000_186000_avg220_std1.6_diagonal_0.05_n14,[256-512],219.49929032258063,1.6261503890341171,0.046239145768296915,0.002917406820597686,4776.751734348914,479.36138615922476
synthetic_186000_186000_avg220_std1.6_diagonal_0.005_n14,[256-512],219.49929032258063,1.6261503890341171,0.41256790972944857,0.07466471212184124,554.8326364635631,127.79643119136952
synthetic_186000_186000_avg220_std0.64_random_n14,[256-512],219.50025268817205,0.7022850113906437,0.9909528581916986,0.006346404145578319,221.5133818204985,1.5947661617509479
synthetic_186000_186000_avg220_std0.64_diagonal_0.5_n14,[256-512],219.50025268817205,0.7022850113906437,0.004688095878136201,9.749990581804765e-05,46852.07956962627,1546.62431101415
synthetic_186000_186000_avg220_std0.64_diagonal_0.05_n14,[256-512],219.50025268817205,0.7022850113906437,0.0462401488900451,0.0029003305256955596,4776.656997189,479.26546874695555
synthetic_186000_186000_avg220_std0.64_diagonal_0.005_n14,[256-512],219.50025268817205,0.7022850113906437,0.41257064406289745,0.07462468899001652,554.8359799044305,127.80454753929547
synthetic_186000_186000_avg220_std0.2_random_n14,[256-512],219.50012903225806,0.49999998335067614,0.9909533062203721,0.006346825246112066,221.51316466553342,1.516172980909966
synthetic_186000_186000_avg220_std0.2_diagonal_0.5_n14,[256-512],219.50012903225806,0.49999998335067614,0.0046880815990287894,9.690872251115429e-05,46852.18441268679,1546.3563421919716
synthetic_186000_186000_avg220_std0.2_diagonal_0.05_n14,[256-512],219.50012903225806,0.49999998335067614,0.04623996386865534,0.0028984257038540966,4776.671793398214,479.24792679950303
synthetic_186000_186000_avg220_std0.2_diagonal_0.005_n14,[256-512],219.50012903225806,0.49999998335067614,0.41256864270435895,0.07462011960642048,554.8385263212626,127.80367503432142
synthetic_186000_186000_avg220_std0.02_random_n14,[256-512],219.50012903225806,0.49999998335067614,0.9909533062203721,0.006346825246112066,221.51316466553342,1.516172980909966
synthetic_186000_186000_avg220_std0.02_diagonal_0.5_n14,[256-512],219.50012903225806,0.49999998335067614,0.0046880815990287894,9.690872251115429e-05,46852.18441268679,1546.3563421919716
synthetic_268000_268000_avg4_std125_random_n14,[256-512],99.11921641791045,75.39801456854507,0.9363282211656272,0.14602927704490556,1818.476979395912,21374.489841933762
synthetic_268000_268000_avg4_std125_diagonal_0.5_n14,[256-512],99.11921641791045,75.39801456854507,0.0014603637920472265,0.0011240641227634805,70973.35908323686,20681.552174272903
synthetic_268000_268000_avg4_std125_diagonal_0.05_n14,[256-512],99.11921641791045,75.39801456854507,0.014428390705056807,0.01116118346560769,9031.07619592426,21493.85335330947
synthetic_268000_268000_avg4_std125_diagonal_0.005_n14,[256-512],99.11921641791045,75.39801456854507,0.1365235626670751,0.10411137716923478,2505.2275871000875,21393.872886241643
synthetic_268000_268000_avg6_std125_random_n14,[256-512],99.18576492537314,75.44230761784752,0.9365303167464913,0.14528856909912072,1839.4372931018627,21503.872572432407
synthetic_268000_268000_avg6_std125_diagonal_0.5_n14,[256-512],99.18576492537314,75.44230761784752,0.001461361341612831,0.0011247049636216966,71009.24329381679,20727.15753741415
synthetic_268000_268000_avg6_std125_diagonal_0.05_n14,[256-512],99.18576492537314,75.44230761784752,0.014438572928269102,0.011167509134321492,9051.948306742257,21636.28615228312
synthetic_268000_268000_avg6_std125_diagonal_0.005_n14,[256-512],99.18576492537314,75.44230761784752,0.13660885060703942,0.10416275171620137,2526.194821598458,21512.095106743196
synthetic_268000_268000_avg10_std125_random_n14,[256-512],99.39503358208955,75.58878902871265,0.936559114780575,0.14556613134926147,1815.8062984489848,21355.891840955668
synthetic_268000_268000_avg10_std125_diagonal_0.5_n14,[256-512],99.39503358208955,75.58878902871265,0.0014645134913120962,0.0011268915086734001,70978.62544104668,20658.047028170462
synthetic_268000_268000_avg10_std125_diagonal_0.05_n14,[256-512],99.39503358208955,75.58878902871265,0.014469055204388506,0.0111894181235579,9030.310585044052,21489.304515871994
synthetic_268000_268000_avg10_std125_diagonal_0.005_n14,[256-512],99.39503358208955,75.58878902871265,0.13688520482011585,0.10434598204724599,2505.4456673928466,21370.33377996644
synthetic_64000_64000_avg420_std13_random_n14,[256-512],419.4906875,12.966847420531474,0.9952654973144531,0.0033334481302543257,421.4890079047771,13.042397147464197
synthetic_64000_64000_avg420_std13_diagonal_0.5_n14,[256-512],419.4906875,12.966847420531474,0.025969279541015623,0.0014554807531921296,16210.094850541034,1227.2280704774332
synthetic_64000_64000_avg420_std13_diagonal_0.05_n14,[256-512],419.4906875,12.966847420531474,0.24386686840820312,0.03534949927040441,1770.1288813502738,357.09368268927983
synthetic_64000_64000_avg420_std13_diagonal_0.005_n14,[256-512],419.4906875,12.966847420531474,0.9952654973144531,0.0033334481302543257,421.4890079047771,13.042397147464197
synthetic_64000_64000_avg420_std8_random_n14,[256-512],419.49340625,7.982339116603662,0.9952671391601564,0.0033338561373414764,421.4922390560661,8.105091859306878
synthetic_64000_64000_avg420_std8_diagonal_0.5_n14,[256-512],419.49340625,7.982339116603662,0.025969482421875,0.0013099347306145856,16210.06681612316,1227.5832010883237
synthetic_64000_64000_avg420_std8_diagonal_0.05_n14,[256-512],419.49340625,7.982339116603662,0.24387694482421876,0.03488277405920258,1770.1380082276426,357.15208034453644
synthetic_64000_64000_avg420_std8_diagonal_0.005_n14,[256-512],419.49340625,7.982339116603662,0.9952671391601564,0.0033338561373414764,421.4922390560661,8.105091859306878
synthetic_64000_64000_avg420_std2.25_random_n14,[256-512],419.497609375,2.263258278436668,0.9952669311523438,0.003332129079274762,421.4972372057653,2.6683917852446433
synthetic_64000_64000_avg420_std2.25_diagonal_0.5_n14,[256-512],419.497609375,2.263258278436668,0.025969687744140626,0.0012200352211542394,16210.064062276491,1227.8004050238335
synthetic_64000_64000_avg420_std2.25_diagonal_0.05_n14,[256-512],419.497609375,2.263258278436668,0.24387683642578123,0.03461048067362175,1770.1798631455747,357.1420894351384
synthetic_1383000_1383000_avg20_std1.6_diagonal_0.005_n14,[256-512],19.500083152566884,1.6268450208719876,0.0050848667561741645,0.0006001125227838037,3862.817089888861,340.39011684149915
synthetic_1383000_1383000_avg20_std0.2_random_n14,[256-512],19.500133044107013,0.5000014284288232,0.9024800181608196,0.06405694974439394,21.726396683187932,1.7821875238566272
synthetic_1383000_1383000_avg20_std0.2_diagonal_0.5_n14,[256-512],19.500133044107013,0.5000014284288232,5.29275381413288e-05,3.503163441001271e-06,369909.38480120583,24372.42508864758
synthetic_1383000_1383000_avg20_std0.2_diagonal_0.05_n14,[256-512],19.500133044107013,0.5000014284288232,0.0005108934045210699,3.8695313760419455e-05,38381.71483273698,3018.759642759588
synthetic_1383000_1383000_avg20_std0.2_diagonal_0.005_n14,[256-512],19.500133044107013,0.5000014284288232,0.005084751101721186,0.00040299854247090766,3859.605001087773,334.0268704630559
synthetic_1383000_1383000_avg20_std0.02_random_n14,[256-512],19.500133767172812,0.49999998210634305,0.9024800181608196,0.06405694974439394,21.72639742283673,1.7821863609150557
synthetic_1383000_1383000_avg20_std0.02_diagonal_0.5_n14,[256-512],19.500133767172812,0.49999998210634305,5.2927540232625395e-05,3.5031607652859266e-06,369909.3832404477,24372.424320451428
synthetic_1383000_1383000_avg20_std0.02_diagonal_0.05_n14,[256-512],19.500133767172812,0.49999998210634305,0.0005108934437328811,3.8695308583328806e-05,38381.71342259462,3018.760461444281
synthetic_1383000_1383000_avg20_std0.02_diagonal_0.005_n14,[256-512],19.500133767172812,0.49999998210634305,0.005084751374635392,0.000402998651563245,3859.6049553936227,334.0269158615881
synthetic_1383000_1383000_avg20_std0.64_random_n14,[256-512],19.500236442516268,0.7026949068351387,0.9024231408911751,0.06415463488625153,21.72668227328458,1.847455074309968
synthetic_1383000_1383000_avg20_std0.64_diagonal_0.5_n14,[256-512],19.500236442516268,0.7026949068351387,5.292697401407132e-05,3.7835005599904567e-06,369936.1282165735,24426.42376423389
synthetic_1383000_1383000_avg20_std0.64_diagonal_0.05_n14,[256-512],19.500236442516268,0.7026949068351387,0.0005109163256546149,4.1220726642851706e-05,38383.312252989774,3024.248144274668
synthetic_1383000_1383000_avg20_std0.64_diagonal_0.005_n14,[256-512],19.500236442516268,0.7026949068351387,0.005084728575319877,0.000427401300841014,3859.985239957897,334.63132977779304
synthetic_68000_68000_avg420_std125_diagonal_0.005_n14,[256-512],419.55542647058826,124.60711132440332,0.9733935062716261,0.08603729429663992,431.34813772103485,530.9250643822795
synthetic_218000_218000_avg105_std125_random_n14,[256-512],132.3154128440367,94.52858283849078,0.9518796732598266,0.12379972865562149,1099.7354899889017,14463.493143196243
synthetic_218000_218000_avg105_std125_diagonal_0.5_n14,[256-512],132.3154128440367,94.52858283849078,0.002403351485565189,0.0017324311124459727,56925.40919402676,14150.913587543819
synthetic_218000_218000_avg105_std125_diagonal_0.05_n14,[256-512],132.3154128440367,94.52858283849078,0.023715584210083327,0.01715940277401444,6804.230155632694,14514.360606387449
synthetic_218000_218000_avg105_std125_diagonal_0.005_n14,[256-512],132.3154128440367,94.52858283849078,0.21722409134332124,0.15355110861622723,1609.7621570365961,14485.140469149495
synthetic_5155000_5155000_avg6_std1.6_random_n14,[256-512],5.498837051406402,1.6257919373327745,0.6681093488900907,0.20357818362603136,27975.91397574747,378658.3429313242
synthetic_5155000_5155000_avg6_std1.6_diagonal_0.5_n14,[256-512],5.498837051406402,1.6257919373327745,3.425908871539031e-06,1.3880784336276443e-06,1779294.7466943678,648054.7005577848
synthetic_5155000_5155000_avg6_std1.6_diagonal_0.05_n14,[256-512],5.498837051406402,1.6257919373327745,3.018089807622293e-05,1.3802000105421264e-05,252341.8007233127,422124.2808472212
synthetic_5155000_5155000_avg6_std1.6_diagonal_0.005_n14,[256-512],5.498837051406402,1.6257919373327745,0.00029775573233637,0.00013792409084192574,52446.100789540724,382457.80438416323
synthetic_5155000_5155000_avg6_std0.84_random_n14,[256-512],5.499303588748788,0.8882596132987116,0.6861544892184008,0.17661367217078242,14.741199634500184,5561.465434232377
synthetic_5155000_5155000_avg6_std0.84_diagonal_0.5_n14,[256-512],5.499303588748788,0.8882596132987116,3.4190597020963125e-06,9.462341088769871e-07,1707977.4945090602,467285.4082528658
synthetic_5155000_5155000_avg6_std0.84_diagonal_0.05_n14,[256-512],5.499303588748788,0.8882596132987116,3.0049247451223537e-05,9.675576843804346e-06,203683.8717283122,92712.01746980252
synthetic_5155000_5155000_avg6_std0.84_diagonal_0.005_n14,[256-512],5.499303588748788,0.8882596132987116,0.00029633384476006184,9.691874210900142e-05,20833.418105388562,13424.954323158117
synthetic_5558000_5558000_avg6_std0.84_diagonal_0.05_n14,[256-512],5.499332133861101,0.8883301955481302,2.786937174415476e-05,8.974311049361863e-06,219611.76533212137,99885.53513303855
synthetic_5558000_5558000_avg6_std0.84_diagonal_0.005_n14,[256-512],5.499332133861101,0.8883301955481302,0.00027484659628496794,8.990402856194251e-05,22459.990441777256,14256.804791017932
synthetic_5558000_5558000_avg6_std0.64_random_n14,[256-512],5.499481288233177,0.7026478610601387,0.6885921627542888,0.1734003553716664,8.69518457134205,3.56489157699569
synthetic_5558000_5558000_avg6_std0.64_diagonal_0.5_n14,[256-512],5.499481288233177,0.7026478610601387,3.17041403545664e-06,7.918823394160675e-07,1833080.9694133673,484624.6519409771
synthetic_5558000_5558000_avg6_std0.64_diagonal_0.05_n14,[256-512],5.499481288233177,0.7026478610601387,2.7852823332760558e-05,8.180423940130698e-06,217166.13167059,88398.09068609875
synthetic_5558000_5558000_avg6_std0.64_diagonal_0.005_n14,[256-512],5.499481288233177,0.7026478610601387,0.0002746697278242554,8.202391206737238e-05,22160.00987656496,9950.786005332779
synthetic_5558000_5558000_avg6_std0.02_random_n14,[256-512],5.499679560993163,0.49999989731883215,0.6905084387953535,0.17086733006216176,8.6656992333919,3.39730590308231
synthetic_5558000_5558000_avg6_std0.02_diagonal_0.5_n14,[256-512],5.499679560993163,0.49999989731883215,3.1698265249795993e-06,7.129499878844276e-07,1826573.8438901263,470227.7520118014
synthetic_5558000_5558000_avg6_std0.02_diagonal_0.05_n14,[256-512],5.499679560993163,0.49999989731883215,2.784222652000734e-05,7.459182765904656e-06,215396.25576053472,81634.65429038083
synthetic_5558000_5558000_avg6_std0.02_diagonal_0.005_n14,[256-512],5.499679560993163,0.49999989731883215,0.00027455342185602437,7.487696617306273e-05,21957.4510717932,8818.778873152998
synthetic_161000_161000_avg220_std8_random_n14,[256-512],219.49188198757764,7.994531279016065,0.9909514129470314,0.00637680613403787,221.50250779871035,8.117203232359108
synthetic_161000_161000_avg220_std8_diagonal_0.5_n14,[256-512],219.49188198757764,7.994531279016065,0.005414942633386059,0.00023158673701355402,40565.94794815226,1433.0196675805844
synthetic_161000_161000_avg220_std8_diagonal_0.05_n14,[256-512],219.49188198757764,7.994531279016065,0.05331983742911152,0.004081043989991502,4146.094822769274,444.7121623601967
synthetic_161000_161000_avg220_std8_diagonal_0.005_n14,[256-512],219.49188198757764,7.994531279016065,0.4666079943675013,0.08982489463847976,491.770197238888,114.6681724783935
synthetic_161000_161000_avg220_std3_random_n14,[256-512],219.49642857142857,3.01027221322142,0.9909590465259829,0.006358120632109989,221.5077622914641,3.3307813550866445
synthetic_161000_161000_avg220_std3_diagonal_0.5_n14,[256-512],219.49642857142857,3.01027221322142,0.005415045870143899,0.00014069459213978094,40565.72404802206,1434.5923875184353
synthetic_161000_161000_avg220_std3_diagonal_0.05_n14,[256-512],219.49642857142857,3.01027221322142,0.053320243007600014,0.0036589614194413294,4146.135926622458,444.6020734556058
synthetic_161000_161000_avg220_std3_diagonal_0.005_n14,[256-512],219.49642857142857,3.01027221322142,0.46671351645384046,0.08877975925049096,491.7544640496624,114.67007844100745
synthetic_161000_161000_avg220_std2.25_random_n14,[256-512],219.49678260869564,2.2661570795650414,0.9909587914432312,0.006357190709137141,221.5083386447328,2.6773821035878234
synthetic_161000_161000_avg220_std2.25_diagonal_0.5_n14,[256-512],219.49678260869564,2.2661570795650414,0.005415058331082906,0.0001317794072637996,40565.67566170508,1435.001156950024
synthetic_161000_161000_avg220_std2.25_diagonal_0.05_n14,[256-512],219.49678260869564,2.2661570795650414,0.05332060445198873,0.003627553679561752,4146.129721568739,444.75467666179367
synthetic_161000_161000_avg220_std2.25_diagonal_0.005_n14,[256-512],219.49678260869564,2.2661570795650414,0.4667178313722463,0.08870424655415933,491.7566110098645,114.66916477318523
synthetic_161000_161000_avg220_std1.6_random_n14,[256-512],219.4984658385093,1.624524050819235,0.9909587395933798,0.006357348515786038,221.51016766638077,2.1630367605314853
synthetic_161000_161000_avg220_std1.6_diagonal_0.5_n14,[256-512],219.4984658385093,1.624524050819235,0.005415085644843948,0.00012580192650315052,40565.784129254185,1435.8279664998636
synthetic_161000_161000_avg220_std1.6_diagonal_0.05_n14,[256-512],219.4984658385093,1.624524050819235,0.05332022020755372,0.0036069592446294277,4146.187251969966,444.707244629651
synthetic_161000_161000_avg220_std1.6_diagonal_0.005_n14,[256-512],219.4984658385093,1.624524050819235,0.4667261428185641,0.08866114315496311,491.7573796787967,114.6744882615606
synthetic_161000_161000_avg220_std0.84_random_n14,[256-512],219.4992546583851,0.8865941201625865,0.9909603960495353,0.006354572088373406,221.51067834229377,1.682615873531267
synthetic_161000_161000_avg220_std0.84_diagonal_0.5_n14,[256-512],219.4992546583851,0.8865941201625865,0.005415088268199529,0.00012111952867660551,40565.90098389179,1436.5208771440396
synthetic_161000_161000_avg220_std0.84_diagonal_0.05_n14,[256-512],219.4992546583851,0.8865941201625865,0.05332074850507311,0.003591125385480276,4146.155958353818,444.71387509911335
synthetic_171000_171000_avg220_std2.5_diagonal_0.005_n14,[256-512],219.49733918128655,2.514862010476853,0.4434866088711055,0.08269507296442752,516.9795439416474,120.08563778123144
synthetic_171000_171000_avg220_std2.25_random_n14,[256-512],219.4971111111111,2.2679982838892307,0.9909499237030196,0.006358581622045613,221.51073097874755,2.685413990148328
synthetic_171000_171000_avg220_std2.25_diagonal_0.5_n14,[256-512],219.4971111111111,2.2679982838892307,0.005098791081016381,0.0001212409128152254,43080.10507812914,1481.3360796223087
synthetic_171000_171000_avg220_std2.25_diagonal_0.05_n14,[256-512],219.4971111111111,2.2679982838892307,0.05024289087240518,0.0033220703930035094,4398.369138845775,459.0010657693099
synthetic_171000_171000_avg220_std2.25_diagonal_0.005_n14,[256-512],219.4971111111111,2.2679982838892307,0.4434859648438837,0.08267616104546181,516.9828902269364,120.08755123892914
synthetic_171000_171000_avg220_std1.6_random_n14,[256-512],219.49899415204678,1.6258651803766275,0.9909503569303375,0.006357472436904558,221.51262771023113,2.1696016508877847
synthetic_171000_171000_avg220_std1.6_diagonal_0.5_n14,[256-512],219.49899415204678,1.6258651803766275,0.005098837078075304,0.00011546260936514774,43080.06816788942,1481.4024177855506
synthetic_171000_171000_avg220_std1.6_diagonal_0.05_n14,[256-512],219.49899415204678,1.6258651803766275,0.05024262142197599,0.0033017446767478874,4398.419747010714,458.89756323234985
synthetic_171000_171000_avg220_std1.6_diagonal_0.005_n14,[256-512],219.49899415204678,1.6258651803766275,0.443492387606443,0.08262877185157992,516.9841728569679,120.0917804643297
synthetic_171000_171000_avg220_std0.84_random_n14,[256-512],219.49937426900584,0.8873639688082258,0.9909504865770664,0.006357080987819192,221.51305085299452,1.6874626955276903
synthetic_171000_171000_avg220_std0.84_diagonal_0.5_n14,[256-512],219.49937426900584,0.8873639688082258,0.0050988304777538395,0.00011093656353035153,43080.18829114009,1482.049272619185
synthetic_171000_171000_avg220_std0.84_diagonal_0.05_n14,[256-512],219.49937426900584,0.8873639688082258,0.050243250265038814,0.003285970647419835,4398.356574916257,458.7970786213987
synthetic_171000_171000_avg220_std0.84_diagonal_0.005_n14,[256-512],219.49937426900584,0.8873639688082258,0.4434959707944325,0.08259314793739235,516.9836862688784,120.09263488389368
synthetic_171000_171000_avg220_std0.64_random_n14,[256-512],219.49972514619884,0.7021686835283263,0.990951656920078,0.006355132493369423,221.51314782651784,1.5971827332462445
synthetic_171000_171000_avg220_std0.64_diagonal_0.5_n14,[256-512],219.49972514619884,0.7021686835283263,0.005098840874115113,0.00011020201283676664,43080.159649363115,1481.73792886807
synthetic_171000_171000_avg220_std0.64_diagonal_0.05_n14,[256-512],219.49972514619884,0.7021686835283263,0.050243773502958174,0.0032836536145607344,4398.319262552184,458.81702187094027
synthetic_186000_186000_avg220_std0.02_diagonal_0.05_n14,[256-512],219.50012903225806,0.49999998335067614,0.04623996386865534,0.0028984257038540966,4776.671793398214,479.24792679950303
synthetic_186000_186000_avg220_std0.02_diagonal_0.005_n14,[256-512],219.50012903225806,0.49999998335067614,0.41256864270435895,0.07462011960642048,554.8385263212626,127.80367503432142
synthetic_5155000_5155000_avg6_std8_random_n14,[256-512],7.601969738118331,5.863904367607803,0.6119099593568533,0.3307339605876835,385408.5461471011,1355792.1096238908
synthetic_5155000_5155000_avg6_std8_diagonal_0.5_n14,[256-512],7.601969738118331,5.863904367607803,5.122832465160999e-06,4.452422505943604e-06,1855411.6191126136,1235174.29511842
synthetic_5155000_5155000_avg6_std8_diagonal_0.05_n14,[256-512],7.601969738118331,5.863904367607803,4.747632964897113e-05,4.365782106746894e-05,590740.3998466448,1339246.4846326036
synthetic_5155000_5155000_avg6_std8_diagonal_0.005_n14,[256-512],7.601969738118331,5.863904367607803,0.00047089677036128263,0.0004356730570211852,410550.7364869779,1353155.01521496
synthetic_186000_186000_avg220_std125_random_n14,[256-512],223.47336021505376,117.54176283666996,0.9789390846051566,0.07169599331830148,471.53159502742454,6752.653259797267
synthetic_186000_186000_avg220_std125_diagonal_0.5_n14,[256-512],223.47336021505376,117.54176283666996,0.004772009191814082,0.00252435077542463,47382.50785318055,6869.471454476455
synthetic_186000_186000_avg220_std125_diagonal_0.05_n14,[256-512],223.47336021505376,117.54176283666996,0.04691749057694531,0.024945676042159238,5106.861420816881,6871.435326608469
synthetic_186000_186000_avg220_std125_diagonal_0.005_n14,[256-512],223.47336021505376,117.54176283666996,0.40316307630939974,0.20686197976460305,812.5805049218663,6754.286968382674
synthetic_952000_952000_avg45_std8_random_n14,[256-512],44.4984275210084,8.012929654312265,0.9545623129921088,0.03281188725843362,46.59494792625155,8.141916476233053
synthetic_64000_64000_avg420_std2.25_diagonal_0.005_n14,[256-512],419.497609375,2.263258278436668,0.9952669311523438,0.003332129079274762,421.4972372057653,2.6683917852446433
synthetic_1383000_1383000_avg20_std0.84_random_n14,[256-512],19.500312364425163,0.8884695075472966,0.9023524759257782,0.06426529854678202,21.727072149242403,1.9247027985598208
synthetic_1635000_1635000_avg20_std2.5_random_n14,[256-512],19.499216513761468,2.518041202252469,0.9009204318211151,0.06656221776403197,21.73220847513827,3.0213308481292303
