270600 270600 10 3.3333 normal random 0.05 0 0.05 0.05 14
270600 270600 10 3.3333 normal random 0.05 0 0.05 0.5 14
270600 270600 10 3.3333 normal random 0.05 0 0.05 0.95 14
270600 270600 10 3.3333 normal random 0.05 0 0.5 0.05 14
270600 270600 10 3.3333 normal random 0.05 0 0.5 0.5 14
270600 270600 10 3.3333 normal random 0.05 0 0.5 0.95 14
270600 270600 10 3.3333 normal random 0.05 0 0.95 0.05 14
270600 270600 10 3.3333 normal random 0.05 0 0.95 0.5 14
270600 270600 10 3.3333 normal random 0.05 0 0.95 0.95 14
270600 270600 10 3.3333 normal random 0.05 0 1.4 0.05 14
270600 270600 10 3.3333 normal random 0.05 0 1.4 0.5 14
270600 270600 10 3.3333 normal random 0.05 0 1.4 0.95 14
270600 270600 10 3.3333 normal random 0.05 0 1.9 0.05 14
270600 270600 10 3.3333 normal random 0.05 0 1.9 0.5 14
270600 270600 10 3.3333 normal random 0.05 0 1.9 0.95 14
270600 270600 10 3.3333 normal random 0.05 100 0.05 0.05 14
270600 270600 10 3.3333 normal random 0.05 100 0.05 0.5 14
270600 270600 10 3.3333 normal random 0.05 100 0.05 0.95 14
270600 270600 10 3.3333 normal random 0.05 100 0.5 0.05 14
270600 270600 10 3.3333 normal random 0.05 100 0.5 0.5 14
270600 270600 10 3.3333 normal random 0.05 100 0.5 0.95 14
270600 270600 10 3.3333 normal random 0.05 100 0.95 0.05 14
270600 270600 10 3.3333 normal random 0.05 100 0.95 0.5 14
270600 270600 10 3.3333 normal random 0.05 100 0.95 0.95 14
270600 270600 10 3.3333 normal random 0.05 100 1.4 0.05 14
270600 270600 10 3.3333 normal random 0.05 100 1.4 0.5 14
270600 270600 10 3.3333 normal random 0.05 100 1.4 0.95 14
270600 270600 10 3.3333 normal random 0.05 100 1.9 0.05 14
270600 270600 10 3.3333 normal random 0.05 100 1.9 0.5 14
270600 270600 10 3.3333 normal random 0.05 100 1.9 0.95 14
270600 270600 10 3.3333 normal random 0.05 1000 0.05 0.05 14
270600 270600 10 3.3333 normal random 0.05 1000 0.05 0.5 14
270600 270600 10 3.3333 normal random 0.05 1000 0.05 0.95 14
270600 270600 10 3.3333 normal random 0.05 1000 0.5 0.05 14
270600 270600 10 3.3333 normal random 0.05 1000 0.5 0.5 14
270600 270600 10 3.3333 normal random 0.05 1000 0.5 0.95 14
270600 270600 10 3.3333 normal random 0.05 1000 0.95 0.05 14
270600 270600 10 3.3333 normal random 0.05 1000 0.95 0.5 14
270600 270600 10 3.3333 normal random 0.05 1000 0.95 0.95 14
270600 270600 10 3.3333 normal random 0.05 1000 1.4 0.05 14
270600 270600 10 3.3333 normal random 0.05 1000 1.4 0.5 14
270600 270600 10 3.3333 normal random 0.05 1000 1.4 0.95 14
270600 270600 10 3.3333 normal random 0.05 1000 1.9 0.05 14
270600 270600 10 3.3333 normal random 0.05 1000 1.9 0.5 14
270600 270600 10 3.3333 normal random 0.05 1000 1.9 0.95 14
270600 270600 10 3.3333 normal random 0.05 10000 0.05 0.05 14
270600 270600 10 3.3333 normal random 0.05 10000 0.05 0.5 14
270600 270600 10 3.3333 normal random 0.05 10000 0.05 0.95 14
270600 270600 10 3.3333 normal random 0.05 10000 0.5 0.05 14
270600 270600 10 3.3333 normal random 0.05 10000 0.5 0.5 14
270600 270600 10 3.3333 normal random 0.05 10000 0.5 0.95 14
270600 270600 10 3.3333 normal random 0.05 10000 0.95 0.05 14
270600 270600 10 3.3333 normal random 0.05 10000 0.95 0.5 14
270600 270600 10 3.3333 normal random 0.05 10000 0.95 0.95 14
270600 270600 10 3.3333 normal random 0.05 10000 1.4 0.05 14
270600 270600 10 3.3333 normal random 0.05 10000 1.4 0.5 14
270600 270600 10 3.3333 normal random 0.05 10000 1.4 0.95 14
270600 270600 10 3.3333 normal random 0.05 10000 1.9 0.05 14
270600 270600 10 3.3333 normal random 0.05 10000 1.9 0.5 14
270600 270600 10 3.3333 normal random 0.05 10000 1.9 0.95 14
270600 270600 10 3.3333 normal random 0.3 0 0.05 0.05 14
270600 270600 10 3.3333 normal random 0.3 0 0.05 0.5 14
270600 270600 10 3.3333 normal random 0.3 0 0.05 0.95 14
270600 270600 10 3.3333 normal random 0.3 0 0.5 0.05 14
270600 270600 10 3.3333 normal random 0.3 0 0.5 0.5 14
270600 270600 10 3.3333 normal random 0.3 0 0.5 0.95 14
270600 270600 10 3.3333 normal random 0.3 0 0.95 0.05 14
270600 270600 10 3.3333 normal random 0.3 0 0.95 0.5 14
270600 270600 10 3.3333 normal random 0.3 0 0.95 0.95 14
270600 270600 10 3.3333 normal random 0.3 0 1.4 0.05 14
270600 270600 10 3.3333 normal random 0.3 0 1.4 0.5 14
270600 270600 10 3.3333 normal random 0.3 0 1.4 0.95 14
270600 270600 10 3.3333 normal random 0.3 0 1.9 0.05 14
270600 270600 10 3.3333 normal random 0.3 0 1.9 0.5 14
270600 270600 10 3.3333 normal random 0.3 0 1.9 0.95 14
270600 270600 10 3.3333 normal random 0.3 100 0.05 0.05 14
270600 270600 10 3.3333 normal random 0.3 100 0.05 0.5 14
270600 270600 10 3.3333 normal random 0.3 100 0.05 0.95 14
270600 270600 10 3.3333 normal random 0.3 100 0.5 0.05 14
270600 270600 10 3.3333 normal random 0.3 100 0.5 0.5 14
270600 270600 10 3.3333 normal random 0.3 100 0.5 0.95 14
270600 270600 10 3.3333 normal random 0.3 100 0.95 0.05 14
270600 270600 10 3.3333 normal random 0.3 100 0.95 0.5 14
270600 270600 10 3.3333 normal random 0.3 100 0.95 0.95 14
270600 270600 10 3.3333 normal random 0.3 100 1.4 0.05 14
270600 270600 10 3.3333 normal random 0.3 100 1.4 0.5 14
270600 270600 10 3.3333 normal random 0.3 100 1.4 0.95 14
270600 270600 10 3.3333 normal random 0.3 100 1.9 0.05 14
270600 270600 10 3.3333 normal random 0.3 100 1.9 0.5 14
270600 270600 10 3.3333 normal random 0.3 100 1.9 0.95 14
270600 270600 10 3.3333 normal random 0.3 1000 0.05 0.05 14
270600 270600 10 3.3333 normal random 0.3 1000 0.05 0.5 14
270600 270600 10 3.3333 normal random 0.3 1000 0.05 0.95 14
270600 270600 10 3.3333 normal random 0.3 1000 0.5 0.05 14
270600 270600 10 3.3333 normal random 0.3 1000 0.5 0.5 14
270600 270600 10 3.3333 normal random 0.3 1000 0.5 0.95 14
270600 270600 10 3.3333 normal random 0.3 1000 0.95 0.05 14
270600 270600 10 3.3333 normal random 0.3 1000 0.95 0.5 14
270600 270600 10 3.3333 normal random 0.3 1000 0.95 0.95 14
270600 270600 10 3.3333 normal random 0.3 1000 1.4 0.05 14
270600 270600 10 3.3333 normal random 0.3 1000 1.4 0.5 14
270600 270600 10 3.3333 normal random 0.3 1000 1.4 0.95 14
270600 270600 10 3.3333 normal random 0.3 1000 1.9 0.05 14
270600 270600 10 3.3333 normal random 0.3 1000 1.9 0.5 14
270600 270600 10 3.3333 normal random 0.3 1000 1.9 0.95 14
270600 270600 10 3.3333 normal random 0.3 10000 0.05 0.05 14
270600 270600 10 3.3333 normal random 0.3 10000 0.05 0.5 14
270600 270600 10 3.3333 normal random 0.3 10000 0.05 0.95 14
270600 270600 10 3.3333 normal random 0.3 10000 0.5 0.05 14
270600 270600 10 3.3333 normal random 0.3 10000 0.5 0.5 14
270600 270600 10 3.3333 normal random 0.3 10000 0.5 0.95 14
270600 270600 10 3.3333 normal random 0.3 10000 0.95 0.05 14
270600 270600 10 3.3333 normal random 0.3 10000 0.95 0.5 14
270600 270600 10 3.3333 normal random 0.3 10000 0.95 0.95 14
270600 270600 10 3.3333 normal random 0.3 10000 1.4 0.05 14
270600 270600 10 3.3333 normal random 0.3 10000 1.4 0.5 14
270600 270600 10 3.3333 normal random 0.3 10000 1.4 0.95 14
270600 270600 10 3.3333 normal random 0.3 10000 1.9 0.05 14
270600 270600 10 3.3333 normal random 0.3 10000 1.9 0.5 14
270600 270600 10 3.3333 normal random 0.3 10000 1.9 0.95 14
270600 270600 10 3.3333 normal random 0.6 0 0.05 0.05 14
270600 270600 10 3.3333 normal random 0.6 0 0.05 0.5 14
270600 270600 10 3.3333 normal random 0.6 0 0.05 0.95 14
270600 270600 10 3.3333 normal random 0.6 0 0.5 0.05 14
270600 270600 10 3.3333 normal random 0.6 0 0.5 0.5 14
270600 270600 10 3.3333 normal random 0.6 0 0.5 0.95 14
270600 270600 10 3.3333 normal random 0.6 0 0.95 0.05 14
270600 270600 10 3.3333 normal random 0.6 0 0.95 0.5 14
270600 270600 10 3.3333 normal random 0.6 0 0.95 0.95 14
270600 270600 10 3.3333 normal random 0.6 0 1.4 0.05 14
270600 270600 10 3.3333 normal random 0.6 0 1.4 0.5 14
270600 270600 10 3.3333 normal random 0.6 0 1.4 0.95 14
270600 270600 10 3.3333 normal random 0.6 0 1.9 0.05 14
270600 270600 10 3.3333 normal random 0.6 0 1.9 0.5 14
270600 270600 10 3.3333 normal random 0.6 0 1.9 0.95 14
270600 270600 10 3.3333 normal random 0.6 100 0.05 0.05 14
270600 270600 10 3.3333 normal random 0.6 100 0.05 0.5 14
270600 270600 10 3.3333 normal random 0.6 100 0.05 0.95 14
270600 270600 10 3.3333 normal random 0.6 100 0.5 0.05 14
270600 270600 10 3.3333 normal random 0.6 100 0.5 0.5 14
270600 270600 10 3.3333 normal random 0.6 100 0.5 0.95 14
270600 270600 10 3.3333 normal random 0.6 100 0.95 0.05 14
270600 270600 10 3.3333 normal random 0.6 100 0.95 0.5 14
270600 270600 10 3.3333 normal random 0.6 100 0.95 0.95 14
270600 270600 10 3.3333 normal random 0.6 100 1.4 0.05 14
270600 270600 10 3.3333 normal random 0.6 100 1.4 0.5 14
270600 270600 10 3.3333 normal random 0.6 100 1.4 0.95 14
270600 270600 10 3.3333 normal random 0.6 100 1.9 0.05 14
270600 270600 10 3.3333 normal random 0.6 100 1.9 0.5 14
270600 270600 10 3.3333 normal random 0.6 100 1.9 0.95 14
270600 270600 10 3.3333 normal random 0.6 1000 0.05 0.05 14
270600 270600 10 3.3333 normal random 0.6 1000 0.05 0.5 14
270600 270600 10 3.3333 normal random 0.6 1000 0.05 0.95 14
270600 270600 10 3.3333 normal random 0.6 1000 0.5 0.05 14
270600 270600 10 3.3333 normal random 0.6 1000 0.5 0.5 14
270600 270600 10 3.3333 normal random 0.6 1000 0.5 0.95 14
270600 270600 10 3.3333 normal random 0.6 1000 0.95 0.05 14
270600 270600 10 3.3333 normal random 0.6 1000 0.95 0.5 14
270600 270600 10 3.3333 normal random 0.6 1000 0.95 0.95 14
270600 270600 10 3.3333 normal random 0.6 1000 1.4 0.05 14
270600 270600 10 3.3333 normal random 0.6 1000 1.4 0.5 14
270600 270600 10 3.3333 normal random 0.6 1000 1.4 0.95 14
270600 270600 10 3.3333 normal random 0.6 1000 1.9 0.05 14
270600 270600 10 3.3333 normal random 0.6 1000 1.9 0.5 14
270600 270600 10 3.3333 normal random 0.6 1000 1.9 0.95 14
270600 270600 10 3.3333 normal random 0.6 10000 0.05 0.05 14
270600 270600 10 3.3333 normal random 0.6 10000 0.05 0.5 14
270600 270600 10 3.3333 normal random 0.6 10000 0.05 0.95 14
270600 270600 10 3.3333 normal random 0.6 10000 0.5 0.05 14
270600 270600 10 3.3333 normal random 0.6 10000 0.5 0.5 14
270600 270600 10 3.3333 normal random 0.6 10000 0.5 0.95 14
270600 270600 10 3.3333 normal random 0.6 10000 0.95 0.05 14
270600 270600 10 3.3333 normal random 0.6 10000 0.95 0.5 14
270600 270600 10 3.3333 normal random 0.6 10000 0.95 0.95 14
270600 270600 10 3.3333 normal random 0.6 10000 1.4 0.05 14
270600 270600 10 3.3333 normal random 0.6 10000 1.4 0.5 14
270600 270600 10 3.3333 normal random 0.6 10000 1.4 0.95 14
270600 270600 10 3.3333 normal random 0.6 10000 1.9 0.05 14
270600 270600 10 3.3333 normal random 0.6 10000 1.9 0.5 14
270600 270600 10 3.3333 normal random 0.6 10000 1.9 0.95 14
1082401 1082401 10 3.3333 normal random 0.05 0 0.05 0.05 14
1082401 1082401 10 3.3333 normal random 0.05 0 0.05 0.5 14
1082401 1082401 10 3.3333 normal random 0.05 0 0.05 0.95 14
1082401 1082401 10 3.3333 normal random 0.05 0 0.5 0.05 14
1082401 1082401 10 3.3333 normal random 0.05 0 0.5 0.5 14
1082401 1082401 10 3.3333 normal random 0.05 0 0.5 0.95 14
1082401 1082401 10 3.3333 normal random 0.05 0 0.95 0.05 14
1082401 1082401 10 3.3333 normal random 0.05 0 0.95 0.5 14
1082401 1082401 10 3.3333 normal random 0.05 0 0.95 0.95 14
1082401 1082401 10 3.3333 normal random 0.05 0 1.4 0.05 14
1082401 1082401 10 3.3333 normal random 0.05 0 1.4 0.5 14
1082401 1082401 10 3.3333 normal random 0.05 0 1.4 0.95 14
1082401 1082401 10 3.3333 normal random 0.05 0 1.9 0.05 14
1082401 1082401 10 3.3333 normal random 0.05 0 1.9 0.5 14
1082401 1082401 10 3.3333 normal random 0.05 0 1.9 0.95 14
1082401 1082401 10 3.3333 normal random 0.05 100 0.05 0.05 14
1082401 1082401 10 3.3333 normal random 0.05 100 0.05 0.5 14
1082401 1082401 10 3.3333 normal random 0.05 100 0.05 0.95 14
1082401 1082401 10 3.3333 normal random 0.05 100 0.5 0.05 14
1082401 1082401 10 3.3333 normal random 0.05 100 0.5 0.5 14
1082401 1082401 10 3.3333 normal random 0.05 100 0.5 0.95 14
1082401 1082401 10 3.3333 normal random 0.05 100 0.95 0.05 14
1082401 1082401 10 3.3333 normal random 0.05 100 0.95 0.5 14
1082401 1082401 10 3.3333 normal random 0.05 100 0.95 0.95 14
1082401 1082401 10 3.3333 normal random 0.05 100 1.4 0.05 14
1082401 1082401 10 3.3333 normal random 0.05 100 1.4 0.5 14
1082401 1082401 10 3.3333 normal random 0.05 100 1.4 0.95 14
1082401 1082401 10 3.3333 normal random 0.05 100 1.9 0.05 14
1082401 1082401 10 3.3333 normal random 0.05 100 1.9 0.5 14
1082401 1082401 10 3.3333 normal random 0.05 100 1.9 0.95 14
1082401 1082401 10 3.3333 normal random 0.05 1000 0.05 0.05 14
1082401 1082401 10 3.3333 normal random 0.05 1000 0.05 0.5 14
1082401 1082401 10 3.3333 normal random 0.05 1000 0.05 0.95 14
1082401 1082401 10 3.3333 normal random 0.05 1000 0.5 0.05 14
1082401 1082401 10 3.3333 normal random 0.05 1000 0.5 0.5 14
1082401 1082401 10 3.3333 normal random 0.05 1000 0.5 0.95 14
1082401 1082401 10 3.3333 normal random 0.05 1000 0.95 0.05 14
1082401 1082401 10 3.3333 normal random 0.05 1000 0.95 0.5 14
1082401 1082401 10 3.3333 normal random 0.05 1000 0.95 0.95 14
1082401 1082401 10 3.3333 normal random 0.05 1000 1.4 0.05 14
1082401 1082401 10 3.3333 normal random 0.05 1000 1.4 0.5 14
1082401 1082401 10 3.3333 normal random 0.05 1000 1.4 0.95 14
1082401 1082401 10 3.3333 normal random 0.05 1000 1.9 0.05 14
1082401 1082401 10 3.3333 normal random 0.05 1000 1.9 0.5 14
1082401 1082401 10 3.3333 normal random 0.05 1000 1.9 0.95 14
1082401 1082401 10 3.3333 normal random 0.05 10000 0.05 0.05 14
1082401 1082401 10 3.3333 normal random 0.05 10000 0.05 0.5 14
1082401 1082401 10 3.3333 normal random 0.05 10000 0.05 0.95 14
1082401 1082401 10 3.3333 normal random 0.05 10000 0.5 0.05 14
1082401 1082401 10 3.3333 normal random 0.05 10000 0.5 0.5 14
1082401 1082401 10 3.3333 normal random 0.05 10000 0.5 0.95 14
1082401 1082401 10 3.3333 normal random 0.05 10000 0.95 0.05 14
1082401 1082401 10 3.3333 normal random 0.05 10000 0.95 0.5 14
1082401 1082401 10 3.3333 normal random 0.05 10000 0.95 0.95 14
1082401 1082401 10 3.3333 normal random 0.05 10000 1.4 0.05 14
1082401 1082401 10 3.3333 normal random 0.05 10000 1.4 0.5 14
1082401 1082401 10 3.3333 normal random 0.05 10000 1.4 0.95 14
1082401 1082401 10 3.3333 normal random 0.05 10000 1.9 0.05 14
1082401 1082401 10 3.3333 normal random 0.05 10000 1.9 0.5 14
1082401 1082401 10 3.3333 normal random 0.05 10000 1.9 0.95 14
1082401 1082401 10 3.3333 normal random 0.3 0 0.05 0.05 14
1082401 1082401 10 3.3333 normal random 0.3 0 0.05 0.5 14
1082401 1082401 10 3.3333 normal random 0.3 0 0.05 0.95 14
1082401 1082401 10 3.3333 normal random 0.3 0 0.5 0.05 14
1082401 1082401 10 3.3333 normal random 0.3 0 0.5 0.5 14
1082401 1082401 10 3.3333 normal random 0.3 0 0.5 0.95 14
1082401 1082401 10 3.3333 normal random 0.3 0 0.95 0.05 14
1082401 1082401 10 3.3333 normal random 0.3 0 0.95 0.5 14
1082401 1082401 10 3.3333 normal random 0.3 0 0.95 0.95 14
1082401 1082401 10 3.3333 normal random 0.3 0 1.4 0.05 14
1082401 1082401 10 3.3333 normal random 0.3 0 1.4 0.5 14
1082401 1082401 10 3.3333 normal random 0.3 0 1.4 0.95 14
1082401 1082401 10 3.3333 normal random 0.3 0 1.9 0.05 14
1082401 1082401 10 3.3333 normal random 0.3 0 1.9 0.5 14
1082401 1082401 10 3.3333 normal random 0.3 0 1.9 0.95 14
1082401 1082401 10 3.3333 normal random 0.3 100 0.05 0.05 14
1082401 1082401 10 3.3333 normal random 0.3 100 0.05 0.5 14
1082401 1082401 10 3.3333 normal random 0.3 100 0.05 0.95 14
1082401 1082401 10 3.3333 normal random 0.3 100 0.5 0.05 14
1082401 1082401 10 3.3333 normal random 0.3 100 0.5 0.5 14
1082401 1082401 10 3.3333 normal random 0.3 100 0.5 0.95 14
1082401 1082401 10 3.3333 normal random 0.3 100 0.95 0.05 14
1082401 1082401 10 3.3333 normal random 0.3 100 0.95 0.5 14
1082401 1082401 10 3.3333 normal random 0.3 100 0.95 0.95 14
1082401 1082401 10 3.3333 normal random 0.3 100 1.4 0.05 14
1082401 1082401 10 3.3333 normal random 0.3 100 1.4 0.5 14
1082401 1082401 10 3.3333 normal random 0.3 100 1.4 0.95 14
1082401 1082401 10 3.3333 normal random 0.3 100 1.9 0.05 14
1082401 1082401 10 3.3333 normal random 0.3 100 1.9 0.5 14
1082401 1082401 10 3.3333 normal random 0.3 100 1.9 0.95 14
1082401 1082401 10 3.3333 normal random 0.3 1000 0.05 0.05 14
1082401 1082401 10 3.3333 normal random 0.3 1000 0.05 0.5 14
1082401 1082401 10 3.3333 normal random 0.3 1000 0.05 0.95 14
1082401 1082401 10 3.3333 normal random 0.3 1000 0.5 0.05 14
1082401 1082401 10 3.3333 normal random 0.3 1000 0.5 0.5 14
1082401 1082401 10 3.3333 normal random 0.3 1000 0.5 0.95 14
1082401 1082401 10 3.3333 normal random 0.3 1000 0.95 0.05 14
1082401 1082401 10 3.3333 normal random 0.3 1000 0.95 0.5 14
1082401 1082401 10 3.3333 normal random 0.3 1000 0.95 0.95 14
1082401 1082401 10 3.3333 normal random 0.3 1000 1.4 0.05 14
1082401 1082401 10 3.3333 normal random 0.3 1000 1.4 0.5 14
1082401 1082401 10 3.3333 normal random 0.3 1000 1.4 0.95 14
1082401 1082401 10 3.3333 normal random 0.3 1000 1.9 0.05 14
1082401 1082401 10 3.3333 normal random 0.3 1000 1.9 0.5 14
1082401 1082401 10 3.3333 normal random 0.3 1000 1.9 0.95 14
1082401 1082401 10 3.3333 normal random 0.3 10000 0.05 0.05 14
1082401 1082401 10 3.3333 normal random 0.3 10000 0.05 0.5 14
1082401 1082401 10 3.3333 normal random 0.3 10000 0.05 0.95 14
1082401 1082401 10 3.3333 normal random 0.3 10000 0.5 0.05 14
1082401 1082401 10 3.3333 normal random 0.3 10000 0.5 0.5 14
1082401 1082401 10 3.3333 normal random 0.3 10000 0.5 0.95 14
1082401 1082401 10 3.3333 normal random 0.3 10000 0.95 0.05 14
1082401 1082401 10 3.3333 normal random 0.3 10000 0.95 0.5 14
1082401 1082401 10 3.3333 normal random 0.3 10000 0.95 0.95 14
1082401 1082401 10 3.3333 normal random 0.3 10000 1.4 0.05 14
1082401 1082401 10 3.3333 normal random 0.3 10000 1.4 0.5 14
1082401 1082401 10 3.3333 normal random 0.3 10000 1.4 0.95 14
1082401 1082401 10 3.3333 normal random 0.3 10000 1.9 0.05 14
1082401 1082401 10 3.3333 normal random 0.3 10000 1.9 0.5 14
1082401 1082401 10 3.3333 normal random 0.3 10000 1.9 0.95 14
1082401 1082401 10 3.3333 normal random 0.6 0 0.05 0.05 14
1082401 1082401 10 3.3333 normal random 0.6 0 0.05 0.5 14
1082401 1082401 10 3.3333 normal random 0.6 0 0.05 0.95 14
1082401 1082401 10 3.3333 normal random 0.6 0 0.5 0.05 14
1082401 1082401 10 3.3333 normal random 0.6 0 0.5 0.5 14
1082401 1082401 10 3.3333 normal random 0.6 0 0.5 0.95 14
1082401 1082401 10 3.3333 normal random 0.6 0 0.95 0.05 14
1082401 1082401 10 3.3333 normal random 0.6 0 0.95 0.5 14
1082401 1082401 10 3.3333 normal random 0.6 0 0.95 0.95 14
1082401 1082401 10 3.3333 normal random 0.6 0 1.4 0.05 14
1082401 1082401 10 3.3333 normal random 0.6 0 1.4 0.5 14
1082401 1082401 10 3.3333 normal random 0.6 0 1.4 0.95 14
1082401 1082401 10 3.3333 normal random 0.6 0 1.9 0.05 14
1082401 1082401 10 3.3333 normal random 0.6 0 1.9 0.5 14
1082401 1082401 10 3.3333 normal random 0.6 0 1.9 0.95 14
1082401 1082401 10 3.3333 normal random 0.6 100 0.05 0.05 14
1082401 1082401 10 3.3333 normal random 0.6 100 0.05 0.5 14
1082401 1082401 10 3.3333 normal random 0.6 100 0.05 0.95 14
1082401 1082401 10 3.3333 normal random 0.6 100 0.5 0.05 14
1082401 1082401 10 3.3333 normal random 0.6 100 0.5 0.5 14
1082401 1082401 10 3.3333 normal random 0.6 100 0.5 0.95 14
1082401 1082401 10 3.3333 normal random 0.6 100 0.95 0.05 14
1082401 1082401 10 3.3333 normal random 0.6 100 0.95 0.5 14
1082401 1082401 10 3.3333 normal random 0.6 100 0.95 0.95 14
1082401 1082401 10 3.3333 normal random 0.6 100 1.4 0.05 14
1082401 1082401 10 3.3333 normal random 0.6 100 1.4 0.5 14
1082401 1082401 10 3.3333 normal random 0.6 100 1.4 0.95 14
1082401 1082401 10 3.3333 normal random 0.6 100 1.9 0.05 14
1082401 1082401 10 3.3333 normal random 0.6 100 1.9 0.5 14
1082401 1082401 10 3.3333 normal random 0.6 100 1.9 0.95 14
1082401 1082401 10 3.3333 normal random 0.6 1000 0.05 0.05 14
1082401 1082401 10 3.3333 normal random 0.6 1000 0.05 0.5 14
1082401 1082401 10 3.3333 normal random 0.6 1000 0.05 0.95 14
1082401 1082401 10 3.3333 normal random 0.6 1000 0.5 0.05 14
1082401 1082401 10 3.3333 normal random 0.6 1000 0.5 0.5 14
1082401 1082401 10 3.3333 normal random 0.6 1000 0.5 0.95 14
1082401 1082401 10 3.3333 normal random 0.6 1000 0.95 0.05 14
1082401 1082401 10 3.3333 normal random 0.6 1000 0.95 0.5 14
1082401 1082401 10 3.3333 normal random 0.6 1000 0.95 0.95 14
1082401 1082401 10 3.3333 normal random 0.6 1000 1.4 0.05 14
1082401 1082401 10 3.3333 normal random 0.6 1000 1.4 0.5 14
1082401 1082401 10 3.3333 normal random 0.6 1000 1.4 0.95 14
1082401 1082401 10 3.3333 normal random 0.6 1000 1.9 0.05 14
1082401 1082401 10 3.3333 normal random 0.6 1000 1.9 0.5 14
1082401 1082401 10 3.3333 normal random 0.6 1000 1.9 0.95 14
1082401 1082401 10 3.3333 normal random 0.6 10000 0.05 0.05 14
1082401 1082401 10 3.3333 normal random 0.6 10000 0.05 0.5 14
1082401 1082401 10 3.3333 normal random 0.6 10000 0.05 0.95 14
1082401 1082401 10 3.3333 normal random 0.6 10000 0.5 0.05 14
1082401 1082401 10 3.3333 normal random 0.6 10000 0.5 0.5 14
1082401 1082401 10 3.3333 normal random 0.6 10000 0.5 0.95 14
1082401 1082401 10 3.3333 normal random 0.6 10000 0.95 0.05 14
1082401 1082401 10 3.3333 normal random 0.6 10000 0.95 0.5 14
1082401 1082401 10 3.3333 normal random 0.6 10000 0.95 0.95 14
1082401 1082401 10 3.3333 normal random 0.6 10000 1.4 0.05 14
1082401 1082401 10 3.3333 normal random 0.6 10000 1.4 0.5 14
1082401 1082401 10 3.3333 normal random 0.6 10000 1.4 0.95 14
1082401 1082401 10 3.3333 normal random 0.6 10000 1.9 0.05 14
1082401 1082401 10 3.3333 normal random 0.6 10000 1.9 0.5 14
1082401 1082401 10 3.3333 normal random 0.6 10000 1.9 0.95 14
1894201 1894201 10 3.3333 normal random 0.05 0 0.05 0.05 14
1894201 1894201 10 3.3333 normal random 0.05 0 0.05 0.5 14
1894201 1894201 10 3.3333 normal random 0.05 0 0.05 0.95 14
1894201 1894201 10 3.3333 normal random 0.05 0 0.5 0.05 14
1894201 1894201 10 3.3333 normal random 0.05 0 0.5 0.5 14
1894201 1894201 10 3.3333 normal random 0.05 0 0.5 0.95 14
1894201 1894201 10 3.3333 normal random 0.05 0 0.95 0.05 14
1894201 1894201 10 3.3333 normal random 0.05 0 0.95 0.5 14
1894201 1894201 10 3.3333 normal random 0.05 0 0.95 0.95 14
1894201 1894201 10 3.3333 normal random 0.05 0 1.4 0.05 14
1894201 1894201 10 3.3333 normal random 0.05 0 1.4 0.5 14
1894201 1894201 10 3.3333 normal random 0.05 0 1.4 0.95 14
1894201 1894201 10 3.3333 normal random 0.05 0 1.9 0.05 14
1894201 1894201 10 3.3333 normal random 0.05 0 1.9 0.5 14
1894201 1894201 10 3.3333 normal random 0.05 0 1.9 0.95 14
1894201 1894201 10 3.3333 normal random 0.05 100 0.05 0.05 14
1894201 1894201 10 3.3333 normal random 0.05 100 0.05 0.5 14
1894201 1894201 10 3.3333 normal random 0.05 100 0.05 0.95 14
1894201 1894201 10 3.3333 normal random 0.05 100 0.5 0.05 14
1894201 1894201 10 3.3333 normal random 0.05 100 0.5 0.5 14
1894201 1894201 10 3.3333 normal random 0.05 100 0.5 0.95 14
1894201 1894201 10 3.3333 normal random 0.05 100 0.95 0.05 14
1894201 1894201 10 3.3333 normal random 0.05 100 0.95 0.5 14
1894201 1894201 10 3.3333 normal random 0.05 100 0.95 0.95 14
1894201 1894201 10 3.3333 normal random 0.05 100 1.4 0.05 14
1894201 1894201 10 3.3333 normal random 0.05 100 1.4 0.5 14
1894201 1894201 10 3.3333 normal random 0.05 100 1.4 0.95 14
1894201 1894201 10 3.3333 normal random 0.05 100 1.9 0.05 14
1894201 1894201 10 3.3333 normal random 0.05 100 1.9 0.5 14
1894201 1894201 10 3.3333 normal random 0.05 100 1.9 0.95 14
1894201 1894201 10 3.3333 normal random 0.05 1000 0.05 0.05 14
1894201 1894201 10 3.3333 normal random 0.05 1000 0.05 0.5 14
1894201 1894201 10 3.3333 normal random 0.05 1000 0.05 0.95 14
1894201 1894201 10 3.3333 normal random 0.05 1000 0.5 0.05 14
1894201 1894201 10 3.3333 normal random 0.05 1000 0.5 0.5 14
1894201 1894201 10 3.3333 normal random 0.05 1000 0.5 0.95 14
1894201 1894201 10 3.3333 normal random 0.05 1000 0.95 0.05 14
1894201 1894201 10 3.3333 normal random 0.05 1000 0.95 0.5 14
1894201 1894201 10 3.3333 normal random 0.05 1000 0.95 0.95 14
1894201 1894201 10 3.3333 normal random 0.05 1000 1.4 0.05 14
1894201 1894201 10 3.3333 normal random 0.05 1000 1.4 0.5 14
1894201 1894201 10 3.3333 normal random 0.05 1000 1.4 0.95 14
1894201 1894201 10 3.3333 normal random 0.05 1000 1.9 0.05 14
1894201 1894201 10 3.3333 normal random 0.05 1000 1.9 0.5 14
1894201 1894201 10 3.3333 normal random 0.05 1000 1.9 0.95 14
1894201 1894201 10 3.3333 normal random 0.05 10000 0.05 0.05 14
1894201 1894201 10 3.3333 normal random 0.05 10000 0.05 0.5 14
1894201 1894201 10 3.3333 normal random 0.05 10000 0.05 0.95 14
1894201 1894201 10 3.3333 normal random 0.05 10000 0.5 0.05 14
1894201 1894201 10 3.3333 normal random 0.05 10000 0.5 0.5 14
1894201 1894201 10 3.3333 normal random 0.05 10000 0.5 0.95 14
1894201 1894201 10 3.3333 normal random 0.05 10000 0.95 0.05 14
1894201 1894201 10 3.3333 normal random 0.05 10000 0.95 0.5 14
1894201 1894201 10 3.3333 normal random 0.05 10000 0.95 0.95 14
1894201 1894201 10 3.3333 normal random 0.05 10000 1.4 0.05 14
1894201 1894201 10 3.3333 normal random 0.05 10000 1.4 0.5 14
1894201 1894201 10 3.3333 normal random 0.05 10000 1.4 0.95 14
1894201 1894201 10 3.3333 normal random 0.05 10000 1.9 0.05 14
1894201 1894201 10 3.3333 normal random 0.05 10000 1.9 0.5 14
1894201 1894201 10 3.3333 normal random 0.05 10000 1.9 0.95 14
1894201 1894201 10 3.3333 normal random 0.3 0 0.05 0.05 14
1894201 1894201 10 3.3333 normal random 0.3 0 0.05 0.5 14
1894201 1894201 10 3.3333 normal random 0.3 0 0.05 0.95 14
1894201 1894201 10 3.3333 normal random 0.3 0 0.5 0.05 14
1894201 1894201 10 3.3333 normal random 0.3 0 0.5 0.5 14
1894201 1894201 10 3.3333 normal random 0.3 0 0.5 0.95 14
1894201 1894201 10 3.3333 normal random 0.3 0 0.95 0.05 14
1894201 1894201 10 3.3333 normal random 0.3 0 0.95 0.5 14
1894201 1894201 10 3.3333 normal random 0.3 0 0.95 0.95 14
1894201 1894201 10 3.3333 normal random 0.3 0 1.4 0.05 14
1894201 1894201 10 3.3333 normal random 0.3 0 1.4 0.5 14
1894201 1894201 10 3.3333 normal random 0.3 0 1.4 0.95 14
1894201 1894201 10 3.3333 normal random 0.3 0 1.9 0.05 14
1894201 1894201 10 3.3333 normal random 0.3 0 1.9 0.5 14
1894201 1894201 10 3.3333 normal random 0.3 0 1.9 0.95 14
1894201 1894201 10 3.3333 normal random 0.3 100 0.05 0.05 14
1894201 1894201 10 3.3333 normal random 0.3 100 0.05 0.5 14
1894201 1894201 10 3.3333 normal random 0.3 100 0.05 0.95 14
1894201 1894201 10 3.3333 normal random 0.3 100 0.5 0.05 14
1894201 1894201 10 3.3333 normal random 0.3 100 0.5 0.5 14
1894201 1894201 10 3.3333 normal random 0.3 100 0.5 0.95 14
1894201 1894201 10 3.3333 normal random 0.3 100 0.95 0.05 14
1894201 1894201 10 3.3333 normal random 0.3 100 0.95 0.5 14
1894201 1894201 10 3.3333 normal random 0.3 100 0.95 0.95 14
1894201 1894201 10 3.3333 normal random 0.3 100 1.4 0.05 14
1894201 1894201 10 3.3333 normal random 0.3 100 1.4 0.5 14
1894201 1894201 10 3.3333 normal random 0.3 100 1.4 0.95 14
1894201 1894201 10 3.3333 normal random 0.3 100 1.9 0.05 14
1894201 1894201 10 3.3333 normal random 0.3 100 1.9 0.5 14
1894201 1894201 10 3.3333 normal random 0.3 100 1.9 0.95 14
1894201 1894201 10 3.3333 normal random 0.3 1000 0.05 0.05 14
1894201 1894201 10 3.3333 normal random 0.3 1000 0.05 0.5 14
1894201 1894201 10 3.3333 normal random 0.3 1000 0.05 0.95 14
1894201 1894201 10 3.3333 normal random 0.3 1000 0.5 0.05 14
1894201 1894201 10 3.3333 normal random 0.3 1000 0.5 0.5 14
1894201 1894201 10 3.3333 normal random 0.3 1000 0.5 0.95 14
1894201 1894201 10 3.3333 normal random 0.3 1000 0.95 0.05 14
1894201 1894201 10 3.3333 normal random 0.3 1000 0.95 0.5 14
1894201 1894201 10 3.3333 normal random 0.3 1000 0.95 0.95 14
1894201 1894201 10 3.3333 normal random 0.3 1000 1.4 0.05 14
1894201 1894201 10 3.3333 normal random 0.3 1000 1.4 0.5 14
1894201 1894201 10 3.3333 normal random 0.3 1000 1.4 0.95 14
1894201 1894201 10 3.3333 normal random 0.3 1000 1.9 0.05 14
1894201 1894201 10 3.3333 normal random 0.3 1000 1.9 0.5 14
1894201 1894201 10 3.3333 normal random 0.3 1000 1.9 0.95 14
1894201 1894201 10 3.3333 normal random 0.3 10000 0.05 0.05 14
1894201 1894201 10 3.3333 normal random 0.3 10000 0.05 0.5 14
1894201 1894201 10 3.3333 normal random 0.3 10000 0.05 0.95 14
1894201 1894201 10 3.3333 normal random 0.3 10000 0.5 0.05 14
1894201 1894201 10 3.3333 normal random 0.3 10000 0.5 0.5 14
1894201 1894201 10 3.3333 normal random 0.3 10000 0.5 0.95 14
1894201 1894201 10 3.3333 normal random 0.3 10000 0.95 0.05 14
1894201 1894201 10 3.3333 normal random 0.3 10000 0.95 0.5 14
1894201 1894201 10 3.3333 normal random 0.3 10000 0.95 0.95 14
1894201 1894201 10 3.3333 normal random 0.3 10000 1.4 0.05 14
1894201 1894201 10 3.3333 normal random 0.3 10000 1.4 0.5 14
1894201 1894201 10 3.3333 normal random 0.3 10000 1.4 0.95 14
1894201 1894201 10 3.3333 normal random 0.3 10000 1.9 0.05 14
1894201 1894201 10 3.3333 normal random 0.3 10000 1.9 0.5 14
1894201 1894201 10 3.3333 normal random 0.3 10000 1.9 0.95 14
1894201 1894201 10 3.3333 normal random 0.6 0 0.05 0.05 14
1894201 1894201 10 3.3333 normal random 0.6 0 0.05 0.5 14
1894201 1894201 10 3.3333 normal random 0.6 0 0.05 0.95 14
1894201 1894201 10 3.3333 normal random 0.6 0 0.5 0.05 14
1894201 1894201 10 3.3333 normal random 0.6 0 0.5 0.5 14
1894201 1894201 10 3.3333 normal random 0.6 0 0.5 0.95 14
1894201 1894201 10 3.3333 normal random 0.6 0 0.95 0.05 14
1894201 1894201 10 3.3333 normal random 0.6 0 0.95 0.5 14
1894201 1894201 10 3.3333 normal random 0.6 0 0.95 0.95 14
1894201 1894201 10 3.3333 normal random 0.6 0 1.4 0.05 14
1894201 1894201 10 3.3333 normal random 0.6 0 1.4 0.5 14
1894201 1894201 10 3.3333 normal random 0.6 0 1.4 0.95 14
1894201 1894201 10 3.3333 normal random 0.6 0 1.9 0.05 14
1894201 1894201 10 3.3333 normal random 0.6 0 1.9 0.5 14
1894201 1894201 10 3.3333 normal random 0.6 0 1.9 0.95 14
1894201 1894201 10 3.3333 normal random 0.6 100 0.05 0.05 14
1894201 1894201 10 3.3333 normal random 0.6 100 0.05 0.5 14
1894201 1894201 10 3.3333 normal random 0.6 100 0.05 0.95 14
1894201 1894201 10 3.3333 normal random 0.6 100 0.5 0.05 14
1894201 1894201 10 3.3333 normal random 0.6 100 0.5 0.5 14
1894201 1894201 10 3.3333 normal random 0.6 100 0.5 0.95 14
1894201 1894201 10 3.3333 normal random 0.6 100 0.95 0.05 14
1894201 1894201 10 3.3333 normal random 0.6 100 0.95 0.5 14
1894201 1894201 10 3.3333 normal random 0.6 100 0.95 0.95 14
1894201 1894201 10 3.3333 normal random 0.6 100 1.4 0.05 14
1894201 1894201 10 3.3333 normal random 0.6 100 1.4 0.5 14
1894201 1894201 10 3.3333 normal random 0.6 100 1.4 0.95 14
1894201 1894201 10 3.3333 normal random 0.6 100 1.9 0.05 14
1894201 1894201 10 3.3333 normal random 0.6 100 1.9 0.5 14
1894201 1894201 10 3.3333 normal random 0.6 100 1.9 0.95 14
1894201 1894201 10 3.3333 normal random 0.6 1000 0.05 0.05 14
1894201 1894201 10 3.3333 normal random 0.6 1000 0.05 0.5 14
1894201 1894201 10 3.3333 normal random 0.6 1000 0.05 0.95 14
1894201 1894201 10 3.3333 normal random 0.6 1000 0.5 0.05 14
1894201 1894201 10 3.3333 normal random 0.6 1000 0.5 0.5 14
1894201 1894201 10 3.3333 normal random 0.6 1000 0.5 0.95 14
1894201 1894201 10 3.3333 normal random 0.6 1000 0.95 0.05 14
1894201 1894201 10 3.3333 normal random 0.6 1000 0.95 0.5 14
1894201 1894201 10 3.3333 normal random 0.6 1000 0.95 0.95 14
1894201 1894201 10 3.3333 normal random 0.6 1000 1.4 0.05 14
1894201 1894201 10 3.3333 normal random 0.6 1000 1.4 0.5 14
1894201 1894201 10 3.3333 normal random 0.6 1000 1.4 0.95 14
1894201 1894201 10 3.3333 normal random 0.6 1000 1.9 0.05 14
1894201 1894201 10 3.3333 normal random 0.6 1000 1.9 0.5 14
1894201 1894201 10 3.3333 normal random 0.6 1000 1.9 0.95 14
1894201 1894201 10 3.3333 normal random 0.6 10000 0.05 0.05 14
1894201 1894201 10 3.3333 normal random 0.6 10000 0.05 0.5 14
1894201 1894201 10 3.3333 normal random 0.6 10000 0.05 0.95 14
1894201 1894201 10 3.3333 normal random 0.6 10000 0.5 0.05 14
1894201 1894201 10 3.3333 normal random 0.6 10000 0.5 0.5 14
1894201 1894201 10 3.3333 normal random 0.6 10000 0.5 0.95 14
1894201 1894201 10 3.3333 normal random 0.6 10000 0.95 0.05 14
1894201 1894201 10 3.3333 normal random 0.6 10000 0.95 0.5 14
1894201 1894201 10 3.3333 normal random 0.6 10000 0.95 0.95 14
1894201 1894201 10 3.3333 normal random 0.6 10000 1.4 0.05 14
1894201 1894201 10 3.3333 normal random 0.6 10000 1.4 0.5 14
1894201 1894201 10 3.3333 normal random 0.6 10000 1.4 0.95 14
1894201 1894201 10 3.3333 normal random 0.6 10000 1.9 0.05 14
1894201 1894201 10 3.3333 normal random 0.6 10000 1.9 0.5 14
1894201 1894201 10 3.3333 normal random 0.6 10000 1.9 0.95 14
2706002 2706002 10 3.3333 normal random 0.05 0 0.05 0.05 14
2706002 2706002 10 3.3333 normal random 0.05 0 0.05 0.5 14
2706002 2706002 10 3.3333 normal random 0.05 0 0.05 0.95 14
2706002 2706002 10 3.3333 normal random 0.05 0 0.5 0.05 14
2706002 2706002 10 3.3333 normal random 0.05 0 0.5 0.5 14
2706002 2706002 10 3.3333 normal random 0.05 0 0.5 0.95 14
2706002 2706002 10 3.3333 normal random 0.05 0 0.95 0.05 14
2706002 2706002 10 3.3333 normal random 0.05 0 0.95 0.5 14
2706002 2706002 10 3.3333 normal random 0.05 0 0.95 0.95 14
2706002 2706002 10 3.3333 normal random 0.05 0 1.4 0.05 14
2706002 2706002 10 3.3333 normal random 0.05 0 1.4 0.5 14
2706002 2706002 10 3.3333 normal random 0.05 0 1.4 0.95 14
2706002 2706002 10 3.3333 normal random 0.05 0 1.9 0.05 14
2706002 2706002 10 3.3333 normal random 0.05 0 1.9 0.5 14
2706002 2706002 10 3.3333 normal random 0.05 0 1.9 0.95 14
2706002 2706002 10 3.3333 normal random 0.05 100 0.05 0.05 14
2706002 2706002 10 3.3333 normal random 0.05 100 0.05 0.5 14
2706002 2706002 10 3.3333 normal random 0.05 100 0.05 0.95 14
2706002 2706002 10 3.3333 normal random 0.05 100 0.5 0.05 14
2706002 2706002 10 3.3333 normal random 0.05 100 0.5 0.5 14
2706002 2706002 10 3.3333 normal random 0.05 100 0.5 0.95 14
2706002 2706002 10 3.3333 normal random 0.05 100 0.95 0.05 14
2706002 2706002 10 3.3333 normal random 0.05 100 0.95 0.5 14
2706002 2706002 10 3.3333 normal random 0.05 100 0.95 0.95 14
2706002 2706002 10 3.3333 normal random 0.05 100 1.4 0.05 14
2706002 2706002 10 3.3333 normal random 0.05 100 1.4 0.5 14
2706002 2706002 10 3.3333 normal random 0.05 100 1.4 0.95 14
2706002 2706002 10 3.3333 normal random 0.05 100 1.9 0.05 14
2706002 2706002 10 3.3333 normal random 0.05 100 1.9 0.5 14
2706002 2706002 10 3.3333 normal random 0.05 100 1.9 0.95 14
2706002 2706002 10 3.3333 normal random 0.05 1000 0.05 0.05 14
2706002 2706002 10 3.3333 normal random 0.05 1000 0.05 0.5 14
2706002 2706002 10 3.3333 normal random 0.05 1000 0.05 0.95 14
2706002 2706002 10 3.3333 normal random 0.05 1000 0.5 0.05 14
2706002 2706002 10 3.3333 normal random 0.05 1000 0.5 0.5 14
2706002 2706002 10 3.3333 normal random 0.05 1000 0.5 0.95 14
2706002 2706002 10 3.3333 normal random 0.05 1000 0.95 0.05 14
2706002 2706002 10 3.3333 normal random 0.05 1000 0.95 0.5 14
2706002 2706002 10 3.3333 normal random 0.05 1000 0.95 0.95 14
2706002 2706002 10 3.3333 normal random 0.05 1000 1.4 0.05 14
2706002 2706002 10 3.3333 normal random 0.05 1000 1.4 0.5 14
2706002 2706002 10 3.3333 normal random 0.05 1000 1.4 0.95 14
2706002 2706002 10 3.3333 normal random 0.05 1000 1.9 0.05 14
2706002 2706002 10 3.3333 normal random 0.05 1000 1.9 0.5 14
2706002 2706002 10 3.3333 normal random 0.05 1000 1.9 0.95 14
2706002 2706002 10 3.3333 normal random 0.05 10000 0.05 0.05 14
2706002 2706002 10 3.3333 normal random 0.05 10000 0.05 0.5 14
2706002 2706002 10 3.3333 normal random 0.05 10000 0.05 0.95 14
2706002 2706002 10 3.3333 normal random 0.05 10000 0.5 0.05 14
2706002 2706002 10 3.3333 normal random 0.05 10000 0.5 0.5 14
2706002 2706002 10 3.3333 normal random 0.05 10000 0.5 0.95 14
2706002 2706002 10 3.3333 normal random 0.05 10000 0.95 0.05 14
2706002 2706002 10 3.3333 normal random 0.05 10000 0.95 0.5 14
2706002 2706002 10 3.3333 normal random 0.05 10000 0.95 0.95 14
2706002 2706002 10 3.3333 normal random 0.05 10000 1.4 0.05 14
2706002 2706002 10 3.3333 normal random 0.05 10000 1.4 0.5 14
2706002 2706002 10 3.3333 normal random 0.05 10000 1.4 0.95 14
2706002 2706002 10 3.3333 normal random 0.05 10000 1.9 0.05 14
2706002 2706002 10 3.3333 normal random 0.05 10000 1.9 0.5 14
2706002 2706002 10 3.3333 normal random 0.05 10000 1.9 0.95 14
2706002 2706002 10 3.3333 normal random 0.3 0 0.05 0.05 14
2706002 2706002 10 3.3333 normal random 0.3 0 0.05 0.5 14
2706002 2706002 10 3.3333 normal random 0.3 0 0.05 0.95 14
2706002 2706002 10 3.3333 normal random 0.3 0 0.5 0.05 14
2706002 2706002 10 3.3333 normal random 0.3 0 0.5 0.5 14
2706002 2706002 10 3.3333 normal random 0.3 0 0.5 0.95 14
2706002 2706002 10 3.3333 normal random 0.3 0 0.95 0.05 14
2706002 2706002 10 3.3333 normal random 0.3 0 0.95 0.5 14
2706002 2706002 10 3.3333 normal random 0.3 0 0.95 0.95 14
2706002 2706002 10 3.3333 normal random 0.3 0 1.4 0.05 14
2706002 2706002 10 3.3333 normal random 0.3 0 1.4 0.5 14
2706002 2706002 10 3.3333 normal random 0.3 0 1.4 0.95 14
2706002 2706002 10 3.3333 normal random 0.3 0 1.9 0.05 14
2706002 2706002 10 3.3333 normal random 0.3 0 1.9 0.5 14
2706002 2706002 10 3.3333 normal random 0.3 0 1.9 0.95 14
2706002 2706002 10 3.3333 normal random 0.3 100 0.05 0.05 14
2706002 2706002 10 3.3333 normal random 0.3 100 0.05 0.5 14
2706002 2706002 10 3.3333 normal random 0.3 100 0.05 0.95 14
2706002 2706002 10 3.3333 normal random 0.3 100 0.5 0.05 14
2706002 2706002 10 3.3333 normal random 0.3 100 0.5 0.5 14
2706002 2706002 10 3.3333 normal random 0.3 100 0.5 0.95 14
2706002 2706002 10 3.3333 normal random 0.3 100 0.95 0.05 14
2706002 2706002 10 3.3333 normal random 0.3 100 0.95 0.5 14
2706002 2706002 10 3.3333 normal random 0.3 100 0.95 0.95 14
2706002 2706002 10 3.3333 normal random 0.3 100 1.4 0.05 14
2706002 2706002 10 3.3333 normal random 0.3 100 1.4 0.5 14
2706002 2706002 10 3.3333 normal random 0.3 100 1.4 0.95 14
2706002 2706002 10 3.3333 normal random 0.3 100 1.9 0.05 14
2706002 2706002 10 3.3333 normal random 0.3 100 1.9 0.5 14
2706002 2706002 10 3.3333 normal random 0.3 100 1.9 0.95 14
2706002 2706002 10 3.3333 normal random 0.3 1000 0.05 0.05 14
2706002 2706002 10 3.3333 normal random 0.3 1000 0.05 0.5 14
2706002 2706002 10 3.3333 normal random 0.3 1000 0.05 0.95 14
2706002 2706002 10 3.3333 normal random 0.3 1000 0.5 0.05 14
2706002 2706002 10 3.3333 normal random 0.3 1000 0.5 0.5 14
2706002 2706002 10 3.3333 normal random 0.3 1000 0.5 0.95 14
2706002 2706002 10 3.3333 normal random 0.3 1000 0.95 0.05 14
2706002 2706002 10 3.3333 normal random 0.3 1000 0.95 0.5 14
2706002 2706002 10 3.3333 normal random 0.3 1000 0.95 0.95 14
2706002 2706002 10 3.3333 normal random 0.3 1000 1.4 0.05 14
2706002 2706002 10 3.3333 normal random 0.3 1000 1.4 0.5 14
2706002 2706002 10 3.3333 normal random 0.3 1000 1.4 0.95 14
2706002 2706002 10 3.3333 normal random 0.3 1000 1.9 0.05 14
2706002 2706002 10 3.3333 normal random 0.3 1000 1.9 0.5 14
2706002 2706002 10 3.3333 normal random 0.3 1000 1.9 0.95 14
2706002 2706002 10 3.3333 normal random 0.3 10000 0.05 0.05 14
2706002 2706002 10 3.3333 normal random 0.3 10000 0.05 0.5 14
2706002 2706002 10 3.3333 normal random 0.3 10000 0.05 0.95 14
2706002 2706002 10 3.3333 normal random 0.3 10000 0.5 0.05 14
2706002 2706002 10 3.3333 normal random 0.3 10000 0.5 0.5 14
2706002 2706002 10 3.3333 normal random 0.3 10000 0.5 0.95 14
2706002 2706002 10 3.3333 normal random 0.3 10000 0.95 0.05 14
2706002 2706002 10 3.3333 normal random 0.3 10000 0.95 0.5 14
2706002 2706002 10 3.3333 normal random 0.3 10000 0.95 0.95 14
2706002 2706002 10 3.3333 normal random 0.3 10000 1.4 0.05 14
2706002 2706002 10 3.3333 normal random 0.3 10000 1.4 0.5 14
2706002 2706002 10 3.3333 normal random 0.3 10000 1.4 0.95 14
2706002 2706002 10 3.3333 normal random 0.3 10000 1.9 0.05 14
2706002 2706002 10 3.3333 normal random 0.3 10000 1.9 0.5 14
2706002 2706002 10 3.3333 normal random 0.3 10000 1.9 0.95 14
2706002 2706002 10 3.3333 normal random 0.6 0 0.05 0.05 14
2706002 2706002 10 3.3333 normal random 0.6 0 0.05 0.5 14
2706002 2706002 10 3.3333 normal random 0.6 0 0.05 0.95 14
2706002 2706002 10 3.3333 normal random 0.6 0 0.5 0.05 14
2706002 2706002 10 3.3333 normal random 0.6 0 0.5 0.5 14
2706002 2706002 10 3.3333 normal random 0.6 0 0.5 0.95 14
2706002 2706002 10 3.3333 normal random 0.6 0 0.95 0.05 14
2706002 2706002 10 3.3333 normal random 0.6 0 0.95 0.5 14
2706002 2706002 10 3.3333 normal random 0.6 0 0.95 0.95 14
2706002 2706002 10 3.3333 normal random 0.6 0 1.4 0.05 14
2706002 2706002 10 3.3333 normal random 0.6 0 1.4 0.5 14
2706002 2706002 10 3.3333 normal random 0.6 0 1.4 0.95 14
2706002 2706002 10 3.3333 normal random 0.6 0 1.9 0.05 14
2706002 2706002 10 3.3333 normal random 0.6 0 1.9 0.5 14
2706002 2706002 10 3.3333 normal random 0.6 0 1.9 0.95 14
2706002 2706002 10 3.3333 normal random 0.6 100 0.05 0.05 14
2706002 2706002 10 3.3333 normal random 0.6 100 0.05 0.5 14
2706002 2706002 10 3.3333 normal random 0.6 100 0.05 0.95 14
2706002 2706002 10 3.3333 normal random 0.6 100 0.5 0.05 14
2706002 2706002 10 3.3333 normal random 0.6 100 0.5 0.5 14
2706002 2706002 10 3.3333 normal random 0.6 100 0.5 0.95 14
2706002 2706002 10 3.3333 normal random 0.6 100 0.95 0.05 14
2706002 2706002 10 3.3333 normal random 0.6 100 0.95 0.5 14
2706002 2706002 10 3.3333 normal random 0.6 100 0.95 0.95 14
2706002 2706002 10 3.3333 normal random 0.6 100 1.4 0.05 14
2706002 2706002 10 3.3333 normal random 0.6 100 1.4 0.5 14
2706002 2706002 10 3.3333 normal random 0.6 100 1.4 0.95 14
2706002 2706002 10 3.3333 normal random 0.6 100 1.9 0.05 14
2706002 2706002 10 3.3333 normal random 0.6 100 1.9 0.5 14
2706002 2706002 10 3.3333 normal random 0.6 100 1.9 0.95 14
2706002 2706002 10 3.3333 normal random 0.6 1000 0.05 0.05 14
2706002 2706002 10 3.3333 normal random 0.6 1000 0.05 0.5 14
2706002 2706002 10 3.3333 normal random 0.6 1000 0.05 0.95 14
2706002 2706002 10 3.3333 normal random 0.6 1000 0.5 0.05 14
2706002 2706002 10 3.3333 normal random 0.6 1000 0.5 0.5 14
2706002 2706002 10 3.3333 normal random 0.6 1000 0.5 0.95 14
2706002 2706002 10 3.3333 normal random 0.6 1000 0.95 0.05 14
2706002 2706002 10 3.3333 normal random 0.6 1000 0.95 0.5 14
2706002 2706002 10 3.3333 normal random 0.6 1000 0.95 0.95 14
2706002 2706002 10 3.3333 normal random 0.6 1000 1.4 0.05 14
2706002 2706002 10 3.3333 normal random 0.6 1000 1.4 0.5 14
2706002 2706002 10 3.3333 normal random 0.6 1000 1.4 0.95 14
2706002 2706002 10 3.3333 normal random 0.6 1000 1.9 0.05 14
2706002 2706002 10 3.3333 normal random 0.6 1000 1.9 0.5 14
2706002 2706002 10 3.3333 normal random 0.6 1000 1.9 0.95 14
2706002 2706002 10 3.3333 normal random 0.6 10000 0.05 0.05 14
2706002 2706002 10 3.3333 normal random 0.6 10000 0.05 0.5 14
2706002 2706002 10 3.3333 normal random 0.6 10000 0.05 0.95 14
2706002 2706002 10 3.3333 normal random 0.6 10000 0.5 0.05 14
2706002 2706002 10 3.3333 normal random 0.6 10000 0.5 0.5 14
2706002 2706002 10 3.3333 normal random 0.6 10000 0.5 0.95 14
2706002 2706002 10 3.3333 normal random 0.6 10000 0.95 0.05 14
2706002 2706002 10 3.3333 normal random 0.6 10000 0.95 0.5 14
2706002 2706002 10 3.3333 normal random 0.6 10000 0.95 0.95 14
2706002 2706002 10 3.3333 normal random 0.6 10000 1.4 0.05 14
2706002 2706002 10 3.3333 normal random 0.6 10000 1.4 0.5 14
2706002 2706002 10 3.3333 normal random 0.6 10000 1.4 0.95 14
2706002 2706002 10 3.3333 normal random 0.6 10000 1.9 0.05 14
2706002 2706002 10 3.3333 normal random 0.6 10000 1.9 0.5 14
2706002 2706002 10 3.3333 normal random 0.6 10000 1.9 0.95 14
3517803 3517803 10 3.3333 normal random 0.05 0 0.05 0.05 14
3517803 3517803 10 3.3333 normal random 0.05 0 0.05 0.5 14
3517803 3517803 10 3.3333 normal random 0.05 0 0.05 0.95 14
3517803 3517803 10 3.3333 normal random 0.05 0 0.5 0.05 14
3517803 3517803 10 3.3333 normal random 0.05 0 0.5 0.5 14
3517803 3517803 10 3.3333 normal random 0.05 0 0.5 0.95 14
3517803 3517803 10 3.3333 normal random 0.05 0 0.95 0.05 14
3517803 3517803 10 3.3333 normal random 0.05 0 0.95 0.5 14
3517803 3517803 10 3.3333 normal random 0.05 0 0.95 0.95 14
3517803 3517803 10 3.3333 normal random 0.05 0 1.4 0.05 14
3517803 3517803 10 3.3333 normal random 0.05 0 1.4 0.5 14
3517803 3517803 10 3.3333 normal random 0.05 0 1.4 0.95 14
3517803 3517803 10 3.3333 normal random 0.05 0 1.9 0.05 14
3517803 3517803 10 3.3333 normal random 0.05 0 1.9 0.5 14
3517803 3517803 10 3.3333 normal random 0.05 0 1.9 0.95 14
3517803 3517803 10 3.3333 normal random 0.05 100 0.05 0.05 14
3517803 3517803 10 3.3333 normal random 0.05 100 0.05 0.5 14
3517803 3517803 10 3.3333 normal random 0.05 100 0.05 0.95 14
3517803 3517803 10 3.3333 normal random 0.05 100 0.5 0.05 14
3517803 3517803 10 3.3333 normal random 0.05 100 0.5 0.5 14
3517803 3517803 10 3.3333 normal random 0.05 100 0.5 0.95 14
3517803 3517803 10 3.3333 normal random 0.05 100 0.95 0.05 14
3517803 3517803 10 3.3333 normal random 0.05 100 0.95 0.5 14
3517803 3517803 10 3.3333 normal random 0.05 100 0.95 0.95 14
3517803 3517803 10 3.3333 normal random 0.05 100 1.4 0.05 14
3517803 3517803 10 3.3333 normal random 0.05 100 1.4 0.5 14
3517803 3517803 10 3.3333 normal random 0.05 100 1.4 0.95 14
3517803 3517803 10 3.3333 normal random 0.05 100 1.9 0.05 14
3517803 3517803 10 3.3333 normal random 0.05 100 1.9 0.5 14
3517803 3517803 10 3.3333 normal random 0.05 100 1.9 0.95 14
3517803 3517803 10 3.3333 normal random 0.05 1000 0.05 0.05 14
3517803 3517803 10 3.3333 normal random 0.05 1000 0.05 0.5 14
3517803 3517803 10 3.3333 normal random 0.05 1000 0.05 0.95 14
3517803 3517803 10 3.3333 normal random 0.05 1000 0.5 0.05 14
3517803 3517803 10 3.3333 normal random 0.05 1000 0.5 0.5 14
3517803 3517803 10 3.3333 normal random 0.05 1000 0.5 0.95 14
3517803 3517803 10 3.3333 normal random 0.05 1000 0.95 0.05 14
3517803 3517803 10 3.3333 normal random 0.05 1000 0.95 0.5 14
3517803 3517803 10 3.3333 normal random 0.05 1000 0.95 0.95 14
3517803 3517803 10 3.3333 normal random 0.05 1000 1.4 0.05 14
3517803 3517803 10 3.3333 normal random 0.05 1000 1.4 0.5 14
3517803 3517803 10 3.3333 normal random 0.05 1000 1.4 0.95 14
3517803 3517803 10 3.3333 normal random 0.05 1000 1.9 0.05 14
3517803 3517803 10 3.3333 normal random 0.05 1000 1.9 0.5 14
3517803 3517803 10 3.3333 normal random 0.05 1000 1.9 0.95 14
3517803 3517803 10 3.3333 normal random 0.05 10000 0.05 0.05 14
3517803 3517803 10 3.3333 normal random 0.05 10000 0.05 0.5 14
3517803 3517803 10 3.3333 normal random 0.05 10000 0.05 0.95 14
3517803 3517803 10 3.3333 normal random 0.05 10000 0.5 0.05 14
3517803 3517803 10 3.3333 normal random 0.05 10000 0.5 0.5 14
3517803 3517803 10 3.3333 normal random 0.05 10000 0.5 0.95 14
3517803 3517803 10 3.3333 normal random 0.05 10000 0.95 0.05 14
3517803 3517803 10 3.3333 normal random 0.05 10000 0.95 0.5 14
3517803 3517803 10 3.3333 normal random 0.05 10000 0.95 0.95 14
3517803 3517803 10 3.3333 normal random 0.05 10000 1.4 0.05 14
3517803 3517803 10 3.3333 normal random 0.05 10000 1.4 0.5 14
3517803 3517803 10 3.3333 normal random 0.05 10000 1.4 0.95 14
3517803 3517803 10 3.3333 normal random 0.05 10000 1.9 0.05 14
3517803 3517803 10 3.3333 normal random 0.05 10000 1.9 0.5 14
3517803 3517803 10 3.3333 normal random 0.05 10000 1.9 0.95 14
3517803 3517803 10 3.3333 normal random 0.3 0 0.05 0.05 14
3517803 3517803 10 3.3333 normal random 0.3 0 0.05 0.5 14
3517803 3517803 10 3.3333 normal random 0.3 0 0.05 0.95 14
3517803 3517803 10 3.3333 normal random 0.3 0 0.5 0.05 14
3517803 3517803 10 3.3333 normal random 0.3 0 0.5 0.5 14
3517803 3517803 10 3.3333 normal random 0.3 0 0.5 0.95 14
3517803 3517803 10 3.3333 normal random 0.3 0 0.95 0.05 14
3517803 3517803 10 3.3333 normal random 0.3 0 0.95 0.5 14
3517803 3517803 10 3.3333 normal random 0.3 0 0.95 0.95 14
3517803 3517803 10 3.3333 normal random 0.3 0 1.4 0.05 14
3517803 3517803 10 3.3333 normal random 0.3 0 1.4 0.5 14
3517803 3517803 10 3.3333 normal random 0.3 0 1.4 0.95 14
3517803 3517803 10 3.3333 normal random 0.3 0 1.9 0.05 14
3517803 3517803 10 3.3333 normal random 0.3 0 1.9 0.5 14
3517803 3517803 10 3.3333 normal random 0.3 0 1.9 0.95 14
3517803 3517803 10 3.3333 normal random 0.3 100 0.05 0.05 14
3517803 3517803 10 3.3333 normal random 0.3 100 0.05 0.5 14
3517803 3517803 10 3.3333 normal random 0.3 100 0.05 0.95 14
3517803 3517803 10 3.3333 normal random 0.3 100 0.5 0.05 14
3517803 3517803 10 3.3333 normal random 0.3 100 0.5 0.5 14
3517803 3517803 10 3.3333 normal random 0.3 100 0.5 0.95 14
3517803 3517803 10 3.3333 normal random 0.3 100 0.95 0.05 14
3517803 3517803 10 3.3333 normal random 0.3 100 0.95 0.5 14
3517803 3517803 10 3.3333 normal random 0.3 100 0.95 0.95 14
3517803 3517803 10 3.3333 normal random 0.3 100 1.4 0.05 14
3517803 3517803 10 3.3333 normal random 0.3 100 1.4 0.5 14
3517803 3517803 10 3.3333 normal random 0.3 100 1.4 0.95 14
3517803 3517803 10 3.3333 normal random 0.3 100 1.9 0.05 14
3517803 3517803 10 3.3333 normal random 0.3 100 1.9 0.5 14
3517803 3517803 10 3.3333 normal random 0.3 100 1.9 0.95 14
3517803 3517803 10 3.3333 normal random 0.3 1000 0.05 0.05 14
3517803 3517803 10 3.3333 normal random 0.3 1000 0.05 0.5 14
3517803 3517803 10 3.3333 normal random 0.3 1000 0.05 0.95 14
3517803 3517803 10 3.3333 normal random 0.3 1000 0.5 0.05 14
3517803 3517803 10 3.3333 normal random 0.3 1000 0.5 0.5 14
3517803 3517803 10 3.3333 normal random 0.3 1000 0.5 0.95 14
3517803 3517803 10 3.3333 normal random 0.3 1000 0.95 0.05 14
3517803 3517803 10 3.3333 normal random 0.3 1000 0.95 0.5 14
3517803 3517803 10 3.3333 normal random 0.3 1000 0.95 0.95 14
3517803 3517803 10 3.3333 normal random 0.3 1000 1.4 0.05 14
3517803 3517803 10 3.3333 normal random 0.3 1000 1.4 0.5 14
3517803 3517803 10 3.3333 normal random 0.3 1000 1.4 0.95 14
3517803 3517803 10 3.3333 normal random 0.3 1000 1.9 0.05 14
3517803 3517803 10 3.3333 normal random 0.3 1000 1.9 0.5 14
3517803 3517803 10 3.3333 normal random 0.3 1000 1.9 0.95 14
3517803 3517803 10 3.3333 normal random 0.3 10000 0.05 0.05 14
3517803 3517803 10 3.3333 normal random 0.3 10000 0.05 0.5 14
3517803 3517803 10 3.3333 normal random 0.3 10000 0.05 0.95 14
3517803 3517803 10 3.3333 normal random 0.3 10000 0.5 0.05 14
3517803 3517803 10 3.3333 normal random 0.3 10000 0.5 0.5 14
3517803 3517803 10 3.3333 normal random 0.3 10000 0.5 0.95 14
3517803 3517803 10 3.3333 normal random 0.3 10000 0.95 0.05 14
3517803 3517803 10 3.3333 normal random 0.3 10000 0.95 0.5 14
3517803 3517803 10 3.3333 normal random 0.3 10000 0.95 0.95 14
3517803 3517803 10 3.3333 normal random 0.3 10000 1.4 0.05 14
3517803 3517803 10 3.3333 normal random 0.3 10000 1.4 0.5 14
3517803 3517803 10 3.3333 normal random 0.3 10000 1.4 0.95 14
3517803 3517803 10 3.3333 normal random 0.3 10000 1.9 0.05 14
3517803 3517803 10 3.3333 normal random 0.3 10000 1.9 0.5 14
3517803 3517803 10 3.3333 normal random 0.3 10000 1.9 0.95 14
3517803 3517803 10 3.3333 normal random 0.6 0 0.05 0.05 14
3517803 3517803 10 3.3333 normal random 0.6 0 0.05 0.5 14
3517803 3517803 10 3.3333 normal random 0.6 0 0.05 0.95 14
3517803 3517803 10 3.3333 normal random 0.6 0 0.5 0.05 14
3517803 3517803 10 3.3333 normal random 0.6 0 0.5 0.5 14
3517803 3517803 10 3.3333 normal random 0.6 0 0.5 0.95 14
3517803 3517803 10 3.3333 normal random 0.6 0 0.95 0.05 14
3517803 3517803 10 3.3333 normal random 0.6 0 0.95 0.5 14
3517803 3517803 10 3.3333 normal random 0.6 0 0.95 0.95 14
3517803 3517803 10 3.3333 normal random 0.6 0 1.4 0.05 14
3517803 3517803 10 3.3333 normal random 0.6 0 1.4 0.5 14
3517803 3517803 10 3.3333 normal random 0.6 0 1.4 0.95 14
3517803 3517803 10 3.3333 normal random 0.6 0 1.9 0.05 14
3517803 3517803 10 3.3333 normal random 0.6 0 1.9 0.5 14
3517803 3517803 10 3.3333 normal random 0.6 0 1.9 0.95 14
3517803 3517803 10 3.3333 normal random 0.6 100 0.05 0.05 14
3517803 3517803 10 3.3333 normal random 0.6 100 0.05 0.5 14
3517803 3517803 10 3.3333 normal random 0.6 100 0.05 0.95 14
3517803 3517803 10 3.3333 normal random 0.6 100 0.5 0.05 14
3517803 3517803 10 3.3333 normal random 0.6 100 0.5 0.5 14
3517803 3517803 10 3.3333 normal random 0.6 100 0.5 0.95 14
3517803 3517803 10 3.3333 normal random 0.6 100 0.95 0.05 14
3517803 3517803 10 3.3333 normal random 0.6 100 0.95 0.5 14
3517803 3517803 10 3.3333 normal random 0.6 100 0.95 0.95 14
3517803 3517803 10 3.3333 normal random 0.6 100 1.4 0.05 14
3517803 3517803 10 3.3333 normal random 0.6 100 1.4 0.5 14
3517803 3517803 10 3.3333 normal random 0.6 100 1.4 0.95 14
3517803 3517803 10 3.3333 normal random 0.6 100 1.9 0.05 14
3517803 3517803 10 3.3333 normal random 0.6 100 1.9 0.5 14
3517803 3517803 10 3.3333 normal random 0.6 100 1.9 0.95 14
3517803 3517803 10 3.3333 normal random 0.6 1000 0.05 0.05 14
3517803 3517803 10 3.3333 normal random 0.6 1000 0.05 0.5 14
3517803 3517803 10 3.3333 normal random 0.6 1000 0.05 0.95 14
3517803 3517803 10 3.3333 normal random 0.6 1000 0.5 0.05 14
3517803 3517803 10 3.3333 normal random 0.6 1000 0.5 0.5 14
3517803 3517803 10 3.3333 normal random 0.6 1000 0.5 0.95 14
3517803 3517803 10 3.3333 normal random 0.6 1000 0.95 0.05 14
3517803 3517803 10 3.3333 normal random 0.6 1000 0.95 0.5 14
3517803 3517803 10 3.3333 normal random 0.6 1000 0.95 0.95 14
3517803 3517803 10 3.3333 normal random 0.6 1000 1.4 0.05 14
3517803 3517803 10 3.3333 normal random 0.6 1000 1.4 0.5 14
3517803 3517803 10 3.3333 normal random 0.6 1000 1.4 0.95 14
3517803 3517803 10 3.3333 normal random 0.6 1000 1.9 0.05 14
3517803 3517803 10 3.3333 normal random 0.6 1000 1.9 0.5 14
3517803 3517803 10 3.3333 normal random 0.6 1000 1.9 0.95 14
3517803 3517803 10 3.3333 normal random 0.6 10000 0.05 0.05 14
3517803 3517803 10 3.3333 normal random 0.6 10000 0.05 0.5 14
3517803 3517803 10 3.3333 normal random 0.6 10000 0.05 0.95 14
3517803 3517803 10 3.3333 normal random 0.6 10000 0.5 0.05 14
3517803 3517803 10 3.3333 normal random 0.6 10000 0.5 0.5 14
3517803 3517803 10 3.3333 normal random 0.6 10000 0.5 0.95 14
3517803 3517803 10 3.3333 normal random 0.6 10000 0.95 0.05 14
3517803 3517803 10 3.3333 normal random 0.6 10000 0.95 0.5 14
3517803 3517803 10 3.3333 normal random 0.6 10000 0.95 0.95 14
3517803 3517803 10 3.3333 normal random 0.6 10000 1.4 0.05 14
3517803 3517803 10 3.3333 normal random 0.6 10000 1.4 0.5 14
3517803 3517803 10 3.3333 normal random 0.6 10000 1.4 0.95 14
3517803 3517803 10 3.3333 normal random 0.6 10000 1.9 0.05 14
3517803 3517803 10 3.3333 normal random 0.6 10000 1.9 0.5 14
3517803 3517803 10 3.3333 normal random 0.6 10000 1.9 0.95 14
