17189 17189 20 6.6667 normal random 0.05 0 0.05 0.05 14
17189 17189 20 6.6667 normal random 0.05 0 0.05 0.5 14
17189 17189 20 6.6667 normal random 0.05 0 0.05 0.95 14
17189 17189 20 6.6667 normal random 0.05 0 0.5 0.05 14
17189 17189 20 6.6667 normal random 0.05 0 0.5 0.5 14
17189 17189 20 6.6667 normal random 0.05 0 0.5 0.95 14
17189 17189 20 6.6667 normal random 0.05 0 0.95 0.05 14
17189 17189 20 6.6667 normal random 0.05 0 0.95 0.5 14
17189 17189 20 6.6667 normal random 0.05 0 0.95 0.95 14
17189 17189 20 6.6667 normal random 0.05 0 1.4 0.05 14
17189 17189 20 6.6667 normal random 0.05 0 1.4 0.5 14
17189 17189 20 6.6667 normal random 0.05 0 1.4 0.95 14
17189 17189 20 6.6667 normal random 0.05 0 1.9 0.05 14
17189 17189 20 6.6667 normal random 0.05 0 1.9 0.5 14
17189 17189 20 6.6667 normal random 0.05 0 1.9 0.95 14
17189 17189 20 6.6667 normal random 0.05 100 0.05 0.05 14
17189 17189 20 6.6667 normal random 0.05 100 0.05 0.5 14
17189 17189 20 6.6667 normal random 0.05 100 0.05 0.95 14
17189 17189 20 6.6667 normal random 0.05 100 0.5 0.05 14
17189 17189 20 6.6667 normal random 0.05 100 0.5 0.5 14
17189 17189 20 6.6667 normal random 0.05 100 0.5 0.95 14
17189 17189 20 6.6667 normal random 0.05 100 0.95 0.05 14
17189 17189 20 6.6667 normal random 0.05 100 0.95 0.5 14
17189 17189 20 6.6667 normal random 0.05 100 0.95 0.95 14
17189 17189 20 6.6667 normal random 0.05 100 1.4 0.05 14
17189 17189 20 6.6667 normal random 0.05 100 1.4 0.5 14
17189 17189 20 6.6667 normal random 0.05 100 1.4 0.95 14
17189 17189 20 6.6667 normal random 0.05 100 1.9 0.05 14
17189 17189 20 6.6667 normal random 0.05 100 1.9 0.5 14
17189 17189 20 6.6667 normal random 0.05 100 1.9 0.95 14
17189 17189 20 6.6667 normal random 0.05 1000 0.05 0.05 14
17189 17189 20 6.6667 normal random 0.05 1000 0.05 0.5 14
17189 17189 20 6.6667 normal random 0.05 1000 0.05 0.95 14
17189 17189 20 6.6667 normal random 0.05 1000 0.5 0.05 14
17189 17189 20 6.6667 normal random 0.05 1000 0.5 0.5 14
17189 17189 20 6.6667 normal random 0.05 1000 0.5 0.95 14
17189 17189 20 6.6667 normal random 0.05 1000 0.95 0.05 14
17189 17189 20 6.6667 normal random 0.05 1000 0.95 0.5 14
17189 17189 20 6.6667 normal random 0.05 1000 0.95 0.95 14
17189 17189 20 6.6667 normal random 0.05 1000 1.4 0.05 14
17189 17189 20 6.6667 normal random 0.05 1000 1.4 0.5 14
17189 17189 20 6.6667 normal random 0.05 1000 1.4 0.95 14
17189 17189 20 6.6667 normal random 0.05 1000 1.9 0.05 14
17189 17189 20 6.6667 normal random 0.05 1000 1.9 0.5 14
17189 17189 20 6.6667 normal random 0.05 1000 1.9 0.95 14
17189 17189 20 6.6667 normal random 0.05 10000 0.05 0.05 14
17189 17189 20 6.6667 normal random 0.05 10000 0.05 0.5 14
17189 17189 20 6.6667 normal random 0.05 10000 0.05 0.95 14
17189 17189 20 6.6667 normal random 0.05 10000 0.5 0.05 14
17189 17189 20 6.6667 normal random 0.05 10000 0.5 0.5 14
17189 17189 20 6.6667 normal random 0.05 10000 0.5 0.95 14
17189 17189 20 6.6667 normal random 0.05 10000 0.95 0.05 14
17189 17189 20 6.6667 normal random 0.05 10000 0.95 0.5 14
17189 17189 20 6.6667 normal random 0.05 10000 0.95 0.95 14
17189 17189 20 6.6667 normal random 0.05 10000 1.4 0.05 14
17189 17189 20 6.6667 normal random 0.05 10000 1.4 0.5 14
17189 17189 20 6.6667 normal random 0.05 10000 1.4 0.95 14
17189 17189 20 6.6667 normal random 0.05 10000 1.9 0.05 14
17189 17189 20 6.6667 normal random 0.05 10000 1.9 0.5 14
17189 17189 20 6.6667 normal random 0.05 10000 1.9 0.95 14
17189 17189 20 6.6667 normal random 0.3 0 0.05 0.05 14
17189 17189 20 6.6667 normal random 0.3 0 0.05 0.5 14
17189 17189 20 6.6667 normal random 0.3 0 0.05 0.95 14
17189 17189 20 6.6667 normal random 0.3 0 0.5 0.05 14
17189 17189 20 6.6667 normal random 0.3 0 0.5 0.5 14
17189 17189 20 6.6667 normal random 0.3 0 0.5 0.95 14
17189 17189 20 6.6667 normal random 0.3 0 0.95 0.05 14
17189 17189 20 6.6667 normal random 0.3 0 0.95 0.5 14
17189 17189 20 6.6667 normal random 0.3 0 0.95 0.95 14
17189 17189 20 6.6667 normal random 0.3 0 1.4 0.05 14
17189 17189 20 6.6667 normal random 0.3 0 1.4 0.5 14
17189 17189 20 6.6667 normal random 0.3 0 1.4 0.95 14
17189 17189 20 6.6667 normal random 0.3 0 1.9 0.05 14
17189 17189 20 6.6667 normal random 0.3 0 1.9 0.5 14
17189 17189 20 6.6667 normal random 0.3 0 1.9 0.95 14
17189 17189 20 6.6667 normal random 0.3 100 0.05 0.05 14
17189 17189 20 6.6667 normal random 0.3 100 0.05 0.5 14
17189 17189 20 6.6667 normal random 0.3 100 0.05 0.95 14
17189 17189 20 6.6667 normal random 0.3 100 0.5 0.05 14
17189 17189 20 6.6667 normal random 0.3 100 0.5 0.5 14
17189 17189 20 6.6667 normal random 0.3 100 0.5 0.95 14
17189 17189 20 6.6667 normal random 0.3 100 0.95 0.05 14
17189 17189 20 6.6667 normal random 0.3 100 0.95 0.5 14
17189 17189 20 6.6667 normal random 0.3 100 0.95 0.95 14
17189 17189 20 6.6667 normal random 0.3 100 1.4 0.05 14
17189 17189 20 6.6667 normal random 0.3 100 1.4 0.5 14
17189 17189 20 6.6667 normal random 0.3 100 1.4 0.95 14
17189 17189 20 6.6667 normal random 0.3 100 1.9 0.05 14
17189 17189 20 6.6667 normal random 0.3 100 1.9 0.5 14
17189 17189 20 6.6667 normal random 0.3 100 1.9 0.95 14
17189 17189 20 6.6667 normal random 0.3 1000 0.05 0.05 14
17189 17189 20 6.6667 normal random 0.3 1000 0.05 0.5 14
17189 17189 20 6.6667 normal random 0.3 1000 0.05 0.95 14
17189 17189 20 6.6667 normal random 0.3 1000 0.5 0.05 14
17189 17189 20 6.6667 normal random 0.3 1000 0.5 0.5 14
17189 17189 20 6.6667 normal random 0.3 1000 0.5 0.95 14
17189 17189 20 6.6667 normal random 0.3 1000 0.95 0.05 14
17189 17189 20 6.6667 normal random 0.3 1000 0.95 0.5 14
17189 17189 20 6.6667 normal random 0.3 1000 0.95 0.95 14
17189 17189 20 6.6667 normal random 0.3 1000 1.4 0.05 14
17189 17189 20 6.6667 normal random 0.3 1000 1.4 0.5 14
17189 17189 20 6.6667 normal random 0.3 1000 1.4 0.95 14
17189 17189 20 6.6667 normal random 0.3 1000 1.9 0.05 14
17189 17189 20 6.6667 normal random 0.3 1000 1.9 0.5 14
17189 17189 20 6.6667 normal random 0.3 1000 1.9 0.95 14
17189 17189 20 6.6667 normal random 0.3 10000 0.05 0.05 14
17189 17189 20 6.6667 normal random 0.3 10000 0.05 0.5 14
17189 17189 20 6.6667 normal random 0.3 10000 0.05 0.95 14
17189 17189 20 6.6667 normal random 0.3 10000 0.5 0.05 14
17189 17189 20 6.6667 normal random 0.3 10000 0.5 0.5 14
17189 17189 20 6.6667 normal random 0.3 10000 0.5 0.95 14
17189 17189 20 6.6667 normal random 0.3 10000 0.95 0.05 14
17189 17189 20 6.6667 normal random 0.3 10000 0.95 0.5 14
17189 17189 20 6.6667 normal random 0.3 10000 0.95 0.95 14
17189 17189 20 6.6667 normal random 0.3 10000 1.4 0.05 14
17189 17189 20 6.6667 normal random 0.3 10000 1.4 0.5 14
17189 17189 20 6.6667 normal random 0.3 10000 1.4 0.95 14
17189 17189 20 6.6667 normal random 0.3 10000 1.9 0.05 14
17189 17189 20 6.6667 normal random 0.3 10000 1.9 0.5 14
17189 17189 20 6.6667 normal random 0.3 10000 1.9 0.95 14
17189 17189 20 6.6667 normal random 0.6 0 0.05 0.05 14
17189 17189 20 6.6667 normal random 0.6 0 0.05 0.5 14
17189 17189 20 6.6667 normal random 0.6 0 0.05 0.95 14
17189 17189 20 6.6667 normal random 0.6 0 0.5 0.05 14
17189 17189 20 6.6667 normal random 0.6 0 0.5 0.5 14
17189 17189 20 6.6667 normal random 0.6 0 0.5 0.95 14
17189 17189 20 6.6667 normal random 0.6 0 0.95 0.05 14
17189 17189 20 6.6667 normal random 0.6 0 0.95 0.5 14
17189 17189 20 6.6667 normal random 0.6 0 0.95 0.95 14
17189 17189 20 6.6667 normal random 0.6 0 1.4 0.05 14
17189 17189 20 6.6667 normal random 0.6 0 1.4 0.5 14
17189 17189 20 6.6667 normal random 0.6 0 1.4 0.95 14
17189 17189 20 6.6667 normal random 0.6 0 1.9 0.05 14
17189 17189 20 6.6667 normal random 0.6 0 1.9 0.5 14
17189 17189 20 6.6667 normal random 0.6 0 1.9 0.95 14
17189 17189 20 6.6667 normal random 0.6 100 0.05 0.05 14
17189 17189 20 6.6667 normal random 0.6 100 0.05 0.5 14
17189 17189 20 6.6667 normal random 0.6 100 0.05 0.95 14
17189 17189 20 6.6667 normal random 0.6 100 0.5 0.05 14
17189 17189 20 6.6667 normal random 0.6 100 0.5 0.5 14
17189 17189 20 6.6667 normal random 0.6 100 0.5 0.95 14
17189 17189 20 6.6667 normal random 0.6 100 0.95 0.05 14
17189 17189 20 6.6667 normal random 0.6 100 0.95 0.5 14
17189 17189 20 6.6667 normal random 0.6 100 0.95 0.95 14
17189 17189 20 6.6667 normal random 0.6 100 1.4 0.05 14
17189 17189 20 6.6667 normal random 0.6 100 1.4 0.5 14
17189 17189 20 6.6667 normal random 0.6 100 1.4 0.95 14
17189 17189 20 6.6667 normal random 0.6 100 1.9 0.05 14
17189 17189 20 6.6667 normal random 0.6 100 1.9 0.5 14
17189 17189 20 6.6667 normal random 0.6 100 1.9 0.95 14
17189 17189 20 6.6667 normal random 0.6 1000 0.05 0.05 14
17189 17189 20 6.6667 normal random 0.6 1000 0.05 0.5 14
17189 17189 20 6.6667 normal random 0.6 1000 0.05 0.95 14
17189 17189 20 6.6667 normal random 0.6 1000 0.5 0.05 14
17189 17189 20 6.6667 normal random 0.6 1000 0.5 0.5 14
17189 17189 20 6.6667 normal random 0.6 1000 0.5 0.95 14
17189 17189 20 6.6667 normal random 0.6 1000 0.95 0.05 14
17189 17189 20 6.6667 normal random 0.6 1000 0.95 0.5 14
17189 17189 20 6.6667 normal random 0.6 1000 0.95 0.95 14
17189 17189 20 6.6667 normal random 0.6 1000 1.4 0.05 14
17189 17189 20 6.6667 normal random 0.6 1000 1.4 0.5 14
17189 17189 20 6.6667 normal random 0.6 1000 1.4 0.95 14
17189 17189 20 6.6667 normal random 0.6 1000 1.9 0.05 14
17189 17189 20 6.6667 normal random 0.6 1000 1.9 0.5 14
17189 17189 20 6.6667 normal random 0.6 1000 1.9 0.95 14
17189 17189 20 6.6667 normal random 0.6 10000 0.05 0.05 14
17189 17189 20 6.6667 normal random 0.6 10000 0.05 0.5 14
17189 17189 20 6.6667 normal random 0.6 10000 0.05 0.95 14
17189 17189 20 6.6667 normal random 0.6 10000 0.5 0.05 14
17189 17189 20 6.6667 normal random 0.6 10000 0.5 0.5 14
17189 17189 20 6.6667 normal random 0.6 10000 0.5 0.95 14
17189 17189 20 6.6667 normal random 0.6 10000 0.95 0.05 14
17189 17189 20 6.6667 normal random 0.6 10000 0.95 0.5 14
17189 17189 20 6.6667 normal random 0.6 10000 0.95 0.95 14
17189 17189 20 6.6667 normal random 0.6 10000 1.4 0.05 14
17189 17189 20 6.6667 normal random 0.6 10000 1.4 0.5 14
17189 17189 20 6.6667 normal random 0.6 10000 1.4 0.95 14
17189 17189 20 6.6667 normal random 0.6 10000 1.9 0.05 14
17189 17189 20 6.6667 normal random 0.6 10000 1.9 0.5 14
17189 17189 20 6.6667 normal random 0.6 10000 1.9 0.95 14
38676 38676 20 6.6667 normal random 0.05 0 0.05 0.05 14
38676 38676 20 6.6667 normal random 0.05 0 0.05 0.5 14
38676 38676 20 6.6667 normal random 0.05 0 0.05 0.95 14
38676 38676 20 6.6667 normal random 0.05 0 0.5 0.05 14
38676 38676 20 6.6667 normal random 0.05 0 0.5 0.5 14
38676 38676 20 6.6667 normal random 0.05 0 0.5 0.95 14
38676 38676 20 6.6667 normal random 0.05 0 0.95 0.05 14
38676 38676 20 6.6667 normal random 0.05 0 0.95 0.5 14
38676 38676 20 6.6667 normal random 0.05 0 0.95 0.95 14
38676 38676 20 6.6667 normal random 0.05 0 1.4 0.05 14
38676 38676 20 6.6667 normal random 0.05 0 1.4 0.5 14
38676 38676 20 6.6667 normal random 0.05 0 1.4 0.95 14
38676 38676 20 6.6667 normal random 0.05 0 1.9 0.05 14
38676 38676 20 6.6667 normal random 0.05 0 1.9 0.5 14
38676 38676 20 6.6667 normal random 0.05 0 1.9 0.95 14
38676 38676 20 6.6667 normal random 0.05 100 0.05 0.05 14
38676 38676 20 6.6667 normal random 0.05 100 0.05 0.5 14
38676 38676 20 6.6667 normal random 0.05 100 0.05 0.95 14
38676 38676 20 6.6667 normal random 0.05 100 0.5 0.05 14
38676 38676 20 6.6667 normal random 0.05 100 0.5 0.5 14
38676 38676 20 6.6667 normal random 0.05 100 0.5 0.95 14
38676 38676 20 6.6667 normal random 0.05 100 0.95 0.05 14
38676 38676 20 6.6667 normal random 0.05 100 0.95 0.5 14
38676 38676 20 6.6667 normal random 0.05 100 0.95 0.95 14
38676 38676 20 6.6667 normal random 0.05 100 1.4 0.05 14
38676 38676 20 6.6667 normal random 0.05 100 1.4 0.5 14
38676 38676 20 6.6667 normal random 0.05 100 1.4 0.95 14
38676 38676 20 6.6667 normal random 0.05 100 1.9 0.05 14
38676 38676 20 6.6667 normal random 0.05 100 1.9 0.5 14
38676 38676 20 6.6667 normal random 0.05 100 1.9 0.95 14
38676 38676 20 6.6667 normal random 0.05 1000 0.05 0.05 14
38676 38676 20 6.6667 normal random 0.05 1000 0.05 0.5 14
38676 38676 20 6.6667 normal random 0.05 1000 0.05 0.95 14
38676 38676 20 6.6667 normal random 0.05 1000 0.5 0.05 14
38676 38676 20 6.6667 normal random 0.05 1000 0.5 0.5 14
38676 38676 20 6.6667 normal random 0.05 1000 0.5 0.95 14
38676 38676 20 6.6667 normal random 0.05 1000 0.95 0.05 14
38676 38676 20 6.6667 normal random 0.05 1000 0.95 0.5 14
38676 38676 20 6.6667 normal random 0.05 1000 0.95 0.95 14
38676 38676 20 6.6667 normal random 0.05 1000 1.4 0.05 14
38676 38676 20 6.6667 normal random 0.05 1000 1.4 0.5 14
38676 38676 20 6.6667 normal random 0.05 1000 1.4 0.95 14
38676 38676 20 6.6667 normal random 0.05 1000 1.9 0.05 14
38676 38676 20 6.6667 normal random 0.05 1000 1.9 0.5 14
38676 38676 20 6.6667 normal random 0.05 1000 1.9 0.95 14
38676 38676 20 6.6667 normal random 0.05 10000 0.05 0.05 14
38676 38676 20 6.6667 normal random 0.05 10000 0.05 0.5 14
38676 38676 20 6.6667 normal random 0.05 10000 0.05 0.95 14
38676 38676 20 6.6667 normal random 0.05 10000 0.5 0.05 14
38676 38676 20 6.6667 normal random 0.05 10000 0.5 0.5 14
38676 38676 20 6.6667 normal random 0.05 10000 0.5 0.95 14
38676 38676 20 6.6667 normal random 0.05 10000 0.95 0.05 14
38676 38676 20 6.6667 normal random 0.05 10000 0.95 0.5 14
38676 38676 20 6.6667 normal random 0.05 10000 0.95 0.95 14
38676 38676 20 6.6667 normal random 0.05 10000 1.4 0.05 14
38676 38676 20 6.6667 normal random 0.05 10000 1.4 0.5 14
38676 38676 20 6.6667 normal random 0.05 10000 1.4 0.95 14
38676 38676 20 6.6667 normal random 0.05 10000 1.9 0.05 14
38676 38676 20 6.6667 normal random 0.05 10000 1.9 0.5 14
38676 38676 20 6.6667 normal random 0.05 10000 1.9 0.95 14
38676 38676 20 6.6667 normal random 0.3 0 0.05 0.05 14
38676 38676 20 6.6667 normal random 0.3 0 0.05 0.5 14
38676 38676 20 6.6667 normal random 0.3 0 0.05 0.95 14
38676 38676 20 6.6667 normal random 0.3 0 0.5 0.05 14
38676 38676 20 6.6667 normal random 0.3 0 0.5 0.5 14
38676 38676 20 6.6667 normal random 0.3 0 0.5 0.95 14
38676 38676 20 6.6667 normal random 0.3 0 0.95 0.05 14
38676 38676 20 6.6667 normal random 0.3 0 0.95 0.5 14
38676 38676 20 6.6667 normal random 0.3 0 0.95 0.95 14
38676 38676 20 6.6667 normal random 0.3 0 1.4 0.05 14
38676 38676 20 6.6667 normal random 0.3 0 1.4 0.5 14
38676 38676 20 6.6667 normal random 0.3 0 1.4 0.95 14
38676 38676 20 6.6667 normal random 0.3 0 1.9 0.05 14
38676 38676 20 6.6667 normal random 0.3 0 1.9 0.5 14
38676 38676 20 6.6667 normal random 0.3 0 1.9 0.95 14
38676 38676 20 6.6667 normal random 0.3 100 0.05 0.05 14
38676 38676 20 6.6667 normal random 0.3 100 0.05 0.5 14
38676 38676 20 6.6667 normal random 0.3 100 0.05 0.95 14
38676 38676 20 6.6667 normal random 0.3 100 0.5 0.05 14
38676 38676 20 6.6667 normal random 0.3 100 0.5 0.5 14
38676 38676 20 6.6667 normal random 0.3 100 0.5 0.95 14
38676 38676 20 6.6667 normal random 0.3 100 0.95 0.05 14
38676 38676 20 6.6667 normal random 0.3 100 0.95 0.5 14
38676 38676 20 6.6667 normal random 0.3 100 0.95 0.95 14
38676 38676 20 6.6667 normal random 0.3 100 1.4 0.05 14
38676 38676 20 6.6667 normal random 0.3 100 1.4 0.5 14
38676 38676 20 6.6667 normal random 0.3 100 1.4 0.95 14
38676 38676 20 6.6667 normal random 0.3 100 1.9 0.05 14
38676 38676 20 6.6667 normal random 0.3 100 1.9 0.5 14
38676 38676 20 6.6667 normal random 0.3 100 1.9 0.95 14
38676 38676 20 6.6667 normal random 0.3 1000 0.05 0.05 14
38676 38676 20 6.6667 normal random 0.3 1000 0.05 0.5 14
38676 38676 20 6.6667 normal random 0.3 1000 0.05 0.95 14
38676 38676 20 6.6667 normal random 0.3 1000 0.5 0.05 14
38676 38676 20 6.6667 normal random 0.3 1000 0.5 0.5 14
38676 38676 20 6.6667 normal random 0.3 1000 0.5 0.95 14
38676 38676 20 6.6667 normal random 0.3 1000 0.95 0.05 14
38676 38676 20 6.6667 normal random 0.3 1000 0.95 0.5 14
38676 38676 20 6.6667 normal random 0.3 1000 0.95 0.95 14
38676 38676 20 6.6667 normal random 0.3 1000 1.4 0.05 14
38676 38676 20 6.6667 normal random 0.3 1000 1.4 0.5 14
38676 38676 20 6.6667 normal random 0.3 1000 1.4 0.95 14
38676 38676 20 6.6667 normal random 0.3 1000 1.9 0.05 14
38676 38676 20 6.6667 normal random 0.3 1000 1.9 0.5 14
38676 38676 20 6.6667 normal random 0.3 1000 1.9 0.95 14
38676 38676 20 6.6667 normal random 0.3 10000 0.05 0.05 14
38676 38676 20 6.6667 normal random 0.3 10000 0.05 0.5 14
38676 38676 20 6.6667 normal random 0.3 10000 0.05 0.95 14
38676 38676 20 6.6667 normal random 0.3 10000 0.5 0.05 14
38676 38676 20 6.6667 normal random 0.3 10000 0.5 0.5 14
38676 38676 20 6.6667 normal random 0.3 10000 0.5 0.95 14
38676 38676 20 6.6667 normal random 0.3 10000 0.95 0.05 14
38676 38676 20 6.6667 normal random 0.3 10000 0.95 0.5 14
38676 38676 20 6.6667 normal random 0.3 10000 0.95 0.95 14
38676 38676 20 6.6667 normal random 0.3 10000 1.4 0.05 14
38676 38676 20 6.6667 normal random 0.3 10000 1.4 0.5 14
38676 38676 20 6.6667 normal random 0.3 10000 1.4 0.95 14
38676 38676 20 6.6667 normal random 0.3 10000 1.9 0.05 14
38676 38676 20 6.6667 normal random 0.3 10000 1.9 0.5 14
38676 38676 20 6.6667 normal random 0.3 10000 1.9 0.95 14
38676 38676 20 6.6667 normal random 0.6 0 0.05 0.05 14
38676 38676 20 6.6667 normal random 0.6 0 0.05 0.5 14
38676 38676 20 6.6667 normal random 0.6 0 0.05 0.95 14
38676 38676 20 6.6667 normal random 0.6 0 0.5 0.05 14
38676 38676 20 6.6667 normal random 0.6 0 0.5 0.5 14
38676 38676 20 6.6667 normal random 0.6 0 0.5 0.95 14
38676 38676 20 6.6667 normal random 0.6 0 0.95 0.05 14
38676 38676 20 6.6667 normal random 0.6 0 0.95 0.5 14
38676 38676 20 6.6667 normal random 0.6 0 0.95 0.95 14
38676 38676 20 6.6667 normal random 0.6 0 1.4 0.05 14
38676 38676 20 6.6667 normal random 0.6 0 1.4 0.5 14
38676 38676 20 6.6667 normal random 0.6 0 1.4 0.95 14
38676 38676 20 6.6667 normal random 0.6 0 1.9 0.05 14
38676 38676 20 6.6667 normal random 0.6 0 1.9 0.5 14
38676 38676 20 6.6667 normal random 0.6 0 1.9 0.95 14
38676 38676 20 6.6667 normal random 0.6 100 0.05 0.05 14
38676 38676 20 6.6667 normal random 0.6 100 0.05 0.5 14
38676 38676 20 6.6667 normal random 0.6 100 0.05 0.95 14
38676 38676 20 6.6667 normal random 0.6 100 0.5 0.05 14
38676 38676 20 6.6667 normal random 0.6 100 0.5 0.5 14
38676 38676 20 6.6667 normal random 0.6 100 0.5 0.95 14
38676 38676 20 6.6667 normal random 0.6 100 0.95 0.05 14
38676 38676 20 6.6667 normal random 0.6 100 0.95 0.5 14
38676 38676 20 6.6667 normal random 0.6 100 0.95 0.95 14
38676 38676 20 6.6667 normal random 0.6 100 1.4 0.05 14
38676 38676 20 6.6667 normal random 0.6 100 1.4 0.5 14
38676 38676 20 6.6667 normal random 0.6 100 1.4 0.95 14
38676 38676 20 6.6667 normal random 0.6 100 1.9 0.05 14
38676 38676 20 6.6667 normal random 0.6 100 1.9 0.5 14
38676 38676 20 6.6667 normal random 0.6 100 1.9 0.95 14
38676 38676 20 6.6667 normal random 0.6 1000 0.05 0.05 14
38676 38676 20 6.6667 normal random 0.6 1000 0.05 0.5 14
38676 38676 20 6.6667 normal random 0.6 1000 0.05 0.95 14
38676 38676 20 6.6667 normal random 0.6 1000 0.5 0.05 14
38676 38676 20 6.6667 normal random 0.6 1000 0.5 0.5 14
38676 38676 20 6.6667 normal random 0.6 1000 0.5 0.95 14
38676 38676 20 6.6667 normal random 0.6 1000 0.95 0.05 14
38676 38676 20 6.6667 normal random 0.6 1000 0.95 0.5 14
38676 38676 20 6.6667 normal random 0.6 1000 0.95 0.95 14
38676 38676 20 6.6667 normal random 0.6 1000 1.4 0.05 14
38676 38676 20 6.6667 normal random 0.6 1000 1.4 0.5 14
38676 38676 20 6.6667 normal random 0.6 1000 1.4 0.95 14
38676 38676 20 6.6667 normal random 0.6 1000 1.9 0.05 14
38676 38676 20 6.6667 normal random 0.6 1000 1.9 0.5 14
38676 38676 20 6.6667 normal random 0.6 1000 1.9 0.95 14
38676 38676 20 6.6667 normal random 0.6 10000 0.05 0.05 14
38676 38676 20 6.6667 normal random 0.6 10000 0.05 0.5 14
38676 38676 20 6.6667 normal random 0.6 10000 0.05 0.95 14
38676 38676 20 6.6667 normal random 0.6 10000 0.5 0.05 14
38676 38676 20 6.6667 normal random 0.6 10000 0.5 0.5 14
38676 38676 20 6.6667 normal random 0.6 10000 0.5 0.95 14
38676 38676 20 6.6667 normal random 0.6 10000 0.95 0.05 14
38676 38676 20 6.6667 normal random 0.6 10000 0.95 0.5 14
38676 38676 20 6.6667 normal random 0.6 10000 0.95 0.95 14
38676 38676 20 6.6667 normal random 0.6 10000 1.4 0.05 14
38676 38676 20 6.6667 normal random 0.6 10000 1.4 0.5 14
38676 38676 20 6.6667 normal random 0.6 10000 1.4 0.95 14
38676 38676 20 6.6667 normal random 0.6 10000 1.9 0.05 14
38676 38676 20 6.6667 normal random 0.6 10000 1.9 0.5 14
38676 38676 20 6.6667 normal random 0.6 10000 1.9 0.95 14
60164 60164 20 6.6667 normal random 0.05 0 0.05 0.05 14
60164 60164 20 6.6667 normal random 0.05 0 0.05 0.5 14
60164 60164 20 6.6667 normal random 0.05 0 0.05 0.95 14
60164 60164 20 6.6667 normal random 0.05 0 0.5 0.05 14
60164 60164 20 6.6667 normal random 0.05 0 0.5 0.5 14
60164 60164 20 6.6667 normal random 0.05 0 0.5 0.95 14
60164 60164 20 6.6667 normal random 0.05 0 0.95 0.05 14
60164 60164 20 6.6667 normal random 0.05 0 0.95 0.5 14
60164 60164 20 6.6667 normal random 0.05 0 0.95 0.95 14
60164 60164 20 6.6667 normal random 0.05 0 1.4 0.05 14
60164 60164 20 6.6667 normal random 0.05 0 1.4 0.5 14
60164 60164 20 6.6667 normal random 0.05 0 1.4 0.95 14
60164 60164 20 6.6667 normal random 0.05 0 1.9 0.05 14
60164 60164 20 6.6667 normal random 0.05 0 1.9 0.5 14
60164 60164 20 6.6667 normal random 0.05 0 1.9 0.95 14
60164 60164 20 6.6667 normal random 0.05 100 0.05 0.05 14
60164 60164 20 6.6667 normal random 0.05 100 0.05 0.5 14
60164 60164 20 6.6667 normal random 0.05 100 0.05 0.95 14
60164 60164 20 6.6667 normal random 0.05 100 0.5 0.05 14
60164 60164 20 6.6667 normal random 0.05 100 0.5 0.5 14
60164 60164 20 6.6667 normal random 0.05 100 0.5 0.95 14
60164 60164 20 6.6667 normal random 0.05 100 0.95 0.05 14
60164 60164 20 6.6667 normal random 0.05 100 0.95 0.5 14
60164 60164 20 6.6667 normal random 0.05 100 0.95 0.95 14
60164 60164 20 6.6667 normal random 0.05 100 1.4 0.05 14
60164 60164 20 6.6667 normal random 0.05 100 1.4 0.5 14
60164 60164 20 6.6667 normal random 0.05 100 1.4 0.95 14
60164 60164 20 6.6667 normal random 0.05 100 1.9 0.05 14
60164 60164 20 6.6667 normal random 0.05 100 1.9 0.5 14
60164 60164 20 6.6667 normal random 0.05 100 1.9 0.95 14
60164 60164 20 6.6667 normal random 0.05 1000 0.05 0.05 14
60164 60164 20 6.6667 normal random 0.05 1000 0.05 0.5 14
60164 60164 20 6.6667 normal random 0.05 1000 0.05 0.95 14
60164 60164 20 6.6667 normal random 0.05 1000 0.5 0.05 14
60164 60164 20 6.6667 normal random 0.05 1000 0.5 0.5 14
60164 60164 20 6.6667 normal random 0.05 1000 0.5 0.95 14
60164 60164 20 6.6667 normal random 0.05 1000 0.95 0.05 14
60164 60164 20 6.6667 normal random 0.05 1000 0.95 0.5 14
60164 60164 20 6.6667 normal random 0.05 1000 0.95 0.95 14
60164 60164 20 6.6667 normal random 0.05 1000 1.4 0.05 14
60164 60164 20 6.6667 normal random 0.05 1000 1.4 0.5 14
60164 60164 20 6.6667 normal random 0.05 1000 1.4 0.95 14
60164 60164 20 6.6667 normal random 0.05 1000 1.9 0.05 14
60164 60164 20 6.6667 normal random 0.05 1000 1.9 0.5 14
60164 60164 20 6.6667 normal random 0.05 1000 1.9 0.95 14
60164 60164 20 6.6667 normal random 0.05 10000 0.05 0.05 14
60164 60164 20 6.6667 normal random 0.05 10000 0.05 0.5 14
60164 60164 20 6.6667 normal random 0.05 10000 0.05 0.95 14
60164 60164 20 6.6667 normal random 0.05 10000 0.5 0.05 14
60164 60164 20 6.6667 normal random 0.05 10000 0.5 0.5 14
60164 60164 20 6.6667 normal random 0.05 10000 0.5 0.95 14
60164 60164 20 6.6667 normal random 0.05 10000 0.95 0.05 14
60164 60164 20 6.6667 normal random 0.05 10000 0.95 0.5 14
60164 60164 20 6.6667 normal random 0.05 10000 0.95 0.95 14
60164 60164 20 6.6667 normal random 0.05 10000 1.4 0.05 14
60164 60164 20 6.6667 normal random 0.05 10000 1.4 0.5 14
60164 60164 20 6.6667 normal random 0.05 10000 1.4 0.95 14
60164 60164 20 6.6667 normal random 0.05 10000 1.9 0.05 14
60164 60164 20 6.6667 normal random 0.05 10000 1.9 0.5 14
60164 60164 20 6.6667 normal random 0.05 10000 1.9 0.95 14
60164 60164 20 6.6667 normal random 0.3 0 0.05 0.05 14
60164 60164 20 6.6667 normal random 0.3 0 0.05 0.5 14
60164 60164 20 6.6667 normal random 0.3 0 0.05 0.95 14
60164 60164 20 6.6667 normal random 0.3 0 0.5 0.05 14
60164 60164 20 6.6667 normal random 0.3 0 0.5 0.5 14
60164 60164 20 6.6667 normal random 0.3 0 0.5 0.95 14
60164 60164 20 6.6667 normal random 0.3 0 0.95 0.05 14
60164 60164 20 6.6667 normal random 0.3 0 0.95 0.5 14
60164 60164 20 6.6667 normal random 0.3 0 0.95 0.95 14
60164 60164 20 6.6667 normal random 0.3 0 1.4 0.05 14
60164 60164 20 6.6667 normal random 0.3 0 1.4 0.5 14
60164 60164 20 6.6667 normal random 0.3 0 1.4 0.95 14
60164 60164 20 6.6667 normal random 0.3 0 1.9 0.05 14
60164 60164 20 6.6667 normal random 0.3 0 1.9 0.5 14
60164 60164 20 6.6667 normal random 0.3 0 1.9 0.95 14
60164 60164 20 6.6667 normal random 0.3 100 0.05 0.05 14
60164 60164 20 6.6667 normal random 0.3 100 0.05 0.5 14
60164 60164 20 6.6667 normal random 0.3 100 0.05 0.95 14
60164 60164 20 6.6667 normal random 0.3 100 0.5 0.05 14
60164 60164 20 6.6667 normal random 0.3 100 0.5 0.5 14
60164 60164 20 6.6667 normal random 0.3 100 0.5 0.95 14
60164 60164 20 6.6667 normal random 0.3 100 0.95 0.05 14
60164 60164 20 6.6667 normal random 0.3 100 0.95 0.5 14
60164 60164 20 6.6667 normal random 0.3 100 0.95 0.95 14
60164 60164 20 6.6667 normal random 0.3 100 1.4 0.05 14
60164 60164 20 6.6667 normal random 0.3 100 1.4 0.5 14
60164 60164 20 6.6667 normal random 0.3 100 1.4 0.95 14
60164 60164 20 6.6667 normal random 0.3 100 1.9 0.05 14
60164 60164 20 6.6667 normal random 0.3 100 1.9 0.5 14
60164 60164 20 6.6667 normal random 0.3 100 1.9 0.95 14
60164 60164 20 6.6667 normal random 0.3 1000 0.05 0.05 14
60164 60164 20 6.6667 normal random 0.3 1000 0.05 0.5 14
60164 60164 20 6.6667 normal random 0.3 1000 0.05 0.95 14
60164 60164 20 6.6667 normal random 0.3 1000 0.5 0.05 14
60164 60164 20 6.6667 normal random 0.3 1000 0.5 0.5 14
60164 60164 20 6.6667 normal random 0.3 1000 0.5 0.95 14
60164 60164 20 6.6667 normal random 0.3 1000 0.95 0.05 14
60164 60164 20 6.6667 normal random 0.3 1000 0.95 0.5 14
60164 60164 20 6.6667 normal random 0.3 1000 0.95 0.95 14
60164 60164 20 6.6667 normal random 0.3 1000 1.4 0.05 14
60164 60164 20 6.6667 normal random 0.3 1000 1.4 0.5 14
60164 60164 20 6.6667 normal random 0.3 1000 1.4 0.95 14
60164 60164 20 6.6667 normal random 0.3 1000 1.9 0.05 14
60164 60164 20 6.6667 normal random 0.3 1000 1.9 0.5 14
60164 60164 20 6.6667 normal random 0.3 1000 1.9 0.95 14
60164 60164 20 6.6667 normal random 0.3 10000 0.05 0.05 14
60164 60164 20 6.6667 normal random 0.3 10000 0.05 0.5 14
60164 60164 20 6.6667 normal random 0.3 10000 0.05 0.95 14
60164 60164 20 6.6667 normal random 0.3 10000 0.5 0.05 14
60164 60164 20 6.6667 normal random 0.3 10000 0.5 0.5 14
60164 60164 20 6.6667 normal random 0.3 10000 0.5 0.95 14
60164 60164 20 6.6667 normal random 0.3 10000 0.95 0.05 14
60164 60164 20 6.6667 normal random 0.3 10000 0.95 0.5 14
60164 60164 20 6.6667 normal random 0.3 10000 0.95 0.95 14
60164 60164 20 6.6667 normal random 0.3 10000 1.4 0.05 14
60164 60164 20 6.6667 normal random 0.3 10000 1.4 0.5 14
60164 60164 20 6.6667 normal random 0.3 10000 1.4 0.95 14
60164 60164 20 6.6667 normal random 0.3 10000 1.9 0.05 14
60164 60164 20 6.6667 normal random 0.3 10000 1.9 0.5 14
60164 60164 20 6.6667 normal random 0.3 10000 1.9 0.95 14
60164 60164 20 6.6667 normal random 0.6 0 0.05 0.05 14
60164 60164 20 6.6667 normal random 0.6 0 0.05 0.5 14
60164 60164 20 6.6667 normal random 0.6 0 0.05 0.95 14
60164 60164 20 6.6667 normal random 0.6 0 0.5 0.05 14
60164 60164 20 6.6667 normal random 0.6 0 0.5 0.5 14
60164 60164 20 6.6667 normal random 0.6 0 0.5 0.95 14
60164 60164 20 6.6667 normal random 0.6 0 0.95 0.05 14
60164 60164 20 6.6667 normal random 0.6 0 0.95 0.5 14
60164 60164 20 6.6667 normal random 0.6 0 0.95 0.95 14
60164 60164 20 6.6667 normal random 0.6 0 1.4 0.05 14
60164 60164 20 6.6667 normal random 0.6 0 1.4 0.5 14
60164 60164 20 6.6667 normal random 0.6 0 1.4 0.95 14
60164 60164 20 6.6667 normal random 0.6 0 1.9 0.05 14
60164 60164 20 6.6667 normal random 0.6 0 1.9 0.5 14
60164 60164 20 6.6667 normal random 0.6 0 1.9 0.95 14
60164 60164 20 6.6667 normal random 0.6 100 0.05 0.05 14
60164 60164 20 6.6667 normal random 0.6 100 0.05 0.5 14
60164 60164 20 6.6667 normal random 0.6 100 0.05 0.95 14
60164 60164 20 6.6667 normal random 0.6 100 0.5 0.05 14
60164 60164 20 6.6667 normal random 0.6 100 0.5 0.5 14
60164 60164 20 6.6667 normal random 0.6 100 0.5 0.95 14
60164 60164 20 6.6667 normal random 0.6 100 0.95 0.05 14
60164 60164 20 6.6667 normal random 0.6 100 0.95 0.5 14
60164 60164 20 6.6667 normal random 0.6 100 0.95 0.95 14
60164 60164 20 6.6667 normal random 0.6 100 1.4 0.05 14
60164 60164 20 6.6667 normal random 0.6 100 1.4 0.5 14
60164 60164 20 6.6667 normal random 0.6 100 1.4 0.95 14
60164 60164 20 6.6667 normal random 0.6 100 1.9 0.05 14
60164 60164 20 6.6667 normal random 0.6 100 1.9 0.5 14
60164 60164 20 6.6667 normal random 0.6 100 1.9 0.95 14
60164 60164 20 6.6667 normal random 0.6 1000 0.05 0.05 14
60164 60164 20 6.6667 normal random 0.6 1000 0.05 0.5 14
60164 60164 20 6.6667 normal random 0.6 1000 0.05 0.95 14
60164 60164 20 6.6667 normal random 0.6 1000 0.5 0.05 14
60164 60164 20 6.6667 normal random 0.6 1000 0.5 0.5 14
60164 60164 20 6.6667 normal random 0.6 1000 0.5 0.95 14
60164 60164 20 6.6667 normal random 0.6 1000 0.95 0.05 14
60164 60164 20 6.6667 normal random 0.6 1000 0.95 0.5 14
60164 60164 20 6.6667 normal random 0.6 1000 0.95 0.95 14
60164 60164 20 6.6667 normal random 0.6 1000 1.4 0.05 14
60164 60164 20 6.6667 normal random 0.6 1000 1.4 0.5 14
60164 60164 20 6.6667 normal random 0.6 1000 1.4 0.95 14
60164 60164 20 6.6667 normal random 0.6 1000 1.9 0.05 14
60164 60164 20 6.6667 normal random 0.6 1000 1.9 0.5 14
60164 60164 20 6.6667 normal random 0.6 1000 1.9 0.95 14
60164 60164 20 6.6667 normal random 0.6 10000 0.05 0.05 14
60164 60164 20 6.6667 normal random 0.6 10000 0.05 0.5 14
60164 60164 20 6.6667 normal random 0.6 10000 0.05 0.95 14
60164 60164 20 6.6667 normal random 0.6 10000 0.5 0.05 14
60164 60164 20 6.6667 normal random 0.6 10000 0.5 0.5 14
60164 60164 20 6.6667 normal random 0.6 10000 0.5 0.95 14
60164 60164 20 6.6667 normal random 0.6 10000 0.95 0.05 14
60164 60164 20 6.6667 normal random 0.6 10000 0.95 0.5 14
60164 60164 20 6.6667 normal random 0.6 10000 0.95 0.95 14
60164 60164 20 6.6667 normal random 0.6 10000 1.4 0.05 14
60164 60164 20 6.6667 normal random 0.6 10000 1.4 0.5 14
60164 60164 20 6.6667 normal random 0.6 10000 1.4 0.95 14
60164 60164 20 6.6667 normal random 0.6 10000 1.9 0.05 14
60164 60164 20 6.6667 normal random 0.6 10000 1.9 0.5 14
60164 60164 20 6.6667 normal random 0.6 10000 1.9 0.95 14
81651 81651 20 6.6667 normal random 0.05 0 0.05 0.05 14
81651 81651 20 6.6667 normal random 0.05 0 0.05 0.5 14
81651 81651 20 6.6667 normal random 0.05 0 0.05 0.95 14
81651 81651 20 6.6667 normal random 0.05 0 0.5 0.05 14
81651 81651 20 6.6667 normal random 0.05 0 0.5 0.5 14
81651 81651 20 6.6667 normal random 0.05 0 0.5 0.95 14
81651 81651 20 6.6667 normal random 0.05 0 0.95 0.05 14
81651 81651 20 6.6667 normal random 0.05 0 0.95 0.5 14
81651 81651 20 6.6667 normal random 0.05 0 0.95 0.95 14
81651 81651 20 6.6667 normal random 0.05 0 1.4 0.05 14
81651 81651 20 6.6667 normal random 0.05 0 1.4 0.5 14
81651 81651 20 6.6667 normal random 0.05 0 1.4 0.95 14
81651 81651 20 6.6667 normal random 0.05 0 1.9 0.05 14
81651 81651 20 6.6667 normal random 0.05 0 1.9 0.5 14
81651 81651 20 6.6667 normal random 0.05 0 1.9 0.95 14
81651 81651 20 6.6667 normal random 0.05 100 0.05 0.05 14
81651 81651 20 6.6667 normal random 0.05 100 0.05 0.5 14
81651 81651 20 6.6667 normal random 0.05 100 0.05 0.95 14
81651 81651 20 6.6667 normal random 0.05 100 0.5 0.05 14
81651 81651 20 6.6667 normal random 0.05 100 0.5 0.5 14
81651 81651 20 6.6667 normal random 0.05 100 0.5 0.95 14
81651 81651 20 6.6667 normal random 0.05 100 0.95 0.05 14
81651 81651 20 6.6667 normal random 0.05 100 0.95 0.5 14
81651 81651 20 6.6667 normal random 0.05 100 0.95 0.95 14
81651 81651 20 6.6667 normal random 0.05 100 1.4 0.05 14
81651 81651 20 6.6667 normal random 0.05 100 1.4 0.5 14
81651 81651 20 6.6667 normal random 0.05 100 1.4 0.95 14
81651 81651 20 6.6667 normal random 0.05 100 1.9 0.05 14
81651 81651 20 6.6667 normal random 0.05 100 1.9 0.5 14
81651 81651 20 6.6667 normal random 0.05 100 1.9 0.95 14
81651 81651 20 6.6667 normal random 0.05 1000 0.05 0.05 14
81651 81651 20 6.6667 normal random 0.05 1000 0.05 0.5 14
81651 81651 20 6.6667 normal random 0.05 1000 0.05 0.95 14
81651 81651 20 6.6667 normal random 0.05 1000 0.5 0.05 14
81651 81651 20 6.6667 normal random 0.05 1000 0.5 0.5 14
81651 81651 20 6.6667 normal random 0.05 1000 0.5 0.95 14
81651 81651 20 6.6667 normal random 0.05 1000 0.95 0.05 14
81651 81651 20 6.6667 normal random 0.05 1000 0.95 0.5 14
81651 81651 20 6.6667 normal random 0.05 1000 0.95 0.95 14
81651 81651 20 6.6667 normal random 0.05 1000 1.4 0.05 14
81651 81651 20 6.6667 normal random 0.05 1000 1.4 0.5 14
81651 81651 20 6.6667 normal random 0.05 1000 1.4 0.95 14
81651 81651 20 6.6667 normal random 0.05 1000 1.9 0.05 14
81651 81651 20 6.6667 normal random 0.05 1000 1.9 0.5 14
81651 81651 20 6.6667 normal random 0.05 1000 1.9 0.95 14
81651 81651 20 6.6667 normal random 0.05 10000 0.05 0.05 14
81651 81651 20 6.6667 normal random 0.05 10000 0.05 0.5 14
81651 81651 20 6.6667 normal random 0.05 10000 0.05 0.95 14
81651 81651 20 6.6667 normal random 0.05 10000 0.5 0.05 14
81651 81651 20 6.6667 normal random 0.05 10000 0.5 0.5 14
81651 81651 20 6.6667 normal random 0.05 10000 0.5 0.95 14
81651 81651 20 6.6667 normal random 0.05 10000 0.95 0.05 14
81651 81651 20 6.6667 normal random 0.05 10000 0.95 0.5 14
81651 81651 20 6.6667 normal random 0.05 10000 0.95 0.95 14
81651 81651 20 6.6667 normal random 0.05 10000 1.4 0.05 14
81651 81651 20 6.6667 normal random 0.05 10000 1.4 0.5 14
81651 81651 20 6.6667 normal random 0.05 10000 1.4 0.95 14
81651 81651 20 6.6667 normal random 0.05 10000 1.9 0.05 14
81651 81651 20 6.6667 normal random 0.05 10000 1.9 0.5 14
81651 81651 20 6.6667 normal random 0.05 10000 1.9 0.95 14
81651 81651 20 6.6667 normal random 0.3 0 0.05 0.05 14
81651 81651 20 6.6667 normal random 0.3 0 0.05 0.5 14
81651 81651 20 6.6667 normal random 0.3 0 0.05 0.95 14
81651 81651 20 6.6667 normal random 0.3 0 0.5 0.05 14
81651 81651 20 6.6667 normal random 0.3 0 0.5 0.5 14
81651 81651 20 6.6667 normal random 0.3 0 0.5 0.95 14
81651 81651 20 6.6667 normal random 0.3 0 0.95 0.05 14
81651 81651 20 6.6667 normal random 0.3 0 0.95 0.5 14
81651 81651 20 6.6667 normal random 0.3 0 0.95 0.95 14
81651 81651 20 6.6667 normal random 0.3 0 1.4 0.05 14
81651 81651 20 6.6667 normal random 0.3 0 1.4 0.5 14
81651 81651 20 6.6667 normal random 0.3 0 1.4 0.95 14
81651 81651 20 6.6667 normal random 0.3 0 1.9 0.05 14
81651 81651 20 6.6667 normal random 0.3 0 1.9 0.5 14
81651 81651 20 6.6667 normal random 0.3 0 1.9 0.95 14
81651 81651 20 6.6667 normal random 0.3 100 0.05 0.05 14
81651 81651 20 6.6667 normal random 0.3 100 0.05 0.5 14
81651 81651 20 6.6667 normal random 0.3 100 0.05 0.95 14
81651 81651 20 6.6667 normal random 0.3 100 0.5 0.05 14
81651 81651 20 6.6667 normal random 0.3 100 0.5 0.5 14
81651 81651 20 6.6667 normal random 0.3 100 0.5 0.95 14
81651 81651 20 6.6667 normal random 0.3 100 0.95 0.05 14
81651 81651 20 6.6667 normal random 0.3 100 0.95 0.5 14
81651 81651 20 6.6667 normal random 0.3 100 0.95 0.95 14
81651 81651 20 6.6667 normal random 0.3 100 1.4 0.05 14
81651 81651 20 6.6667 normal random 0.3 100 1.4 0.5 14
81651 81651 20 6.6667 normal random 0.3 100 1.4 0.95 14
81651 81651 20 6.6667 normal random 0.3 100 1.9 0.05 14
81651 81651 20 6.6667 normal random 0.3 100 1.9 0.5 14
81651 81651 20 6.6667 normal random 0.3 100 1.9 0.95 14
81651 81651 20 6.6667 normal random 0.3 1000 0.05 0.05 14
81651 81651 20 6.6667 normal random 0.3 1000 0.05 0.5 14
81651 81651 20 6.6667 normal random 0.3 1000 0.05 0.95 14
81651 81651 20 6.6667 normal random 0.3 1000 0.5 0.05 14
81651 81651 20 6.6667 normal random 0.3 1000 0.5 0.5 14
81651 81651 20 6.6667 normal random 0.3 1000 0.5 0.95 14
81651 81651 20 6.6667 normal random 0.3 1000 0.95 0.05 14
81651 81651 20 6.6667 normal random 0.3 1000 0.95 0.5 14
81651 81651 20 6.6667 normal random 0.3 1000 0.95 0.95 14
81651 81651 20 6.6667 normal random 0.3 1000 1.4 0.05 14
81651 81651 20 6.6667 normal random 0.3 1000 1.4 0.5 14
81651 81651 20 6.6667 normal random 0.3 1000 1.4 0.95 14
81651 81651 20 6.6667 normal random 0.3 1000 1.9 0.05 14
81651 81651 20 6.6667 normal random 0.3 1000 1.9 0.5 14
81651 81651 20 6.6667 normal random 0.3 1000 1.9 0.95 14
81651 81651 20 6.6667 normal random 0.3 10000 0.05 0.05 14
81651 81651 20 6.6667 normal random 0.3 10000 0.05 0.5 14
81651 81651 20 6.6667 normal random 0.3 10000 0.05 0.95 14
81651 81651 20 6.6667 normal random 0.3 10000 0.5 0.05 14
81651 81651 20 6.6667 normal random 0.3 10000 0.5 0.5 14
81651 81651 20 6.6667 normal random 0.3 10000 0.5 0.95 14
81651 81651 20 6.6667 normal random 0.3 10000 0.95 0.05 14
81651 81651 20 6.6667 normal random 0.3 10000 0.95 0.5 14
81651 81651 20 6.6667 normal random 0.3 10000 0.95 0.95 14
81651 81651 20 6.6667 normal random 0.3 10000 1.4 0.05 14
81651 81651 20 6.6667 normal random 0.3 10000 1.4 0.5 14
81651 81651 20 6.6667 normal random 0.3 10000 1.4 0.95 14
81651 81651 20 6.6667 normal random 0.3 10000 1.9 0.05 14
81651 81651 20 6.6667 normal random 0.3 10000 1.9 0.5 14
81651 81651 20 6.6667 normal random 0.3 10000 1.9 0.95 14
81651 81651 20 6.6667 normal random 0.6 0 0.05 0.05 14
81651 81651 20 6.6667 normal random 0.6 0 0.05 0.5 14
81651 81651 20 6.6667 normal random 0.6 0 0.05 0.95 14
81651 81651 20 6.6667 normal random 0.6 0 0.5 0.05 14
81651 81651 20 6.6667 normal random 0.6 0 0.5 0.5 14
81651 81651 20 6.6667 normal random 0.6 0 0.5 0.95 14
81651 81651 20 6.6667 normal random 0.6 0 0.95 0.05 14
81651 81651 20 6.6667 normal random 0.6 0 0.95 0.5 14
81651 81651 20 6.6667 normal random 0.6 0 0.95 0.95 14
81651 81651 20 6.6667 normal random 0.6 0 1.4 0.05 14
81651 81651 20 6.6667 normal random 0.6 0 1.4 0.5 14
81651 81651 20 6.6667 normal random 0.6 0 1.4 0.95 14
81651 81651 20 6.6667 normal random 0.6 0 1.9 0.05 14
81651 81651 20 6.6667 normal random 0.6 0 1.9 0.5 14
81651 81651 20 6.6667 normal random 0.6 0 1.9 0.95 14
81651 81651 20 6.6667 normal random 0.6 100 0.05 0.05 14
81651 81651 20 6.6667 normal random 0.6 100 0.05 0.5 14
81651 81651 20 6.6667 normal random 0.6 100 0.05 0.95 14
81651 81651 20 6.6667 normal random 0.6 100 0.5 0.05 14
81651 81651 20 6.6667 normal random 0.6 100 0.5 0.5 14
81651 81651 20 6.6667 normal random 0.6 100 0.5 0.95 14
81651 81651 20 6.6667 normal random 0.6 100 0.95 0.05 14
81651 81651 20 6.6667 normal random 0.6 100 0.95 0.5 14
81651 81651 20 6.6667 normal random 0.6 100 0.95 0.95 14
81651 81651 20 6.6667 normal random 0.6 100 1.4 0.05 14
81651 81651 20 6.6667 normal random 0.6 100 1.4 0.5 14
81651 81651 20 6.6667 normal random 0.6 100 1.4 0.95 14
81651 81651 20 6.6667 normal random 0.6 100 1.9 0.05 14
81651 81651 20 6.6667 normal random 0.6 100 1.9 0.5 14
81651 81651 20 6.6667 normal random 0.6 100 1.9 0.95 14
81651 81651 20 6.6667 normal random 0.6 1000 0.05 0.05 14
81651 81651 20 6.6667 normal random 0.6 1000 0.05 0.5 14
81651 81651 20 6.6667 normal random 0.6 1000 0.05 0.95 14
81651 81651 20 6.6667 normal random 0.6 1000 0.5 0.05 14
81651 81651 20 6.6667 normal random 0.6 1000 0.5 0.5 14
81651 81651 20 6.6667 normal random 0.6 1000 0.5 0.95 14
81651 81651 20 6.6667 normal random 0.6 1000 0.95 0.05 14
81651 81651 20 6.6667 normal random 0.6 1000 0.95 0.5 14
81651 81651 20 6.6667 normal random 0.6 1000 0.95 0.95 14
81651 81651 20 6.6667 normal random 0.6 1000 1.4 0.05 14
81651 81651 20 6.6667 normal random 0.6 1000 1.4 0.5 14
81651 81651 20 6.6667 normal random 0.6 1000 1.4 0.95 14
81651 81651 20 6.6667 normal random 0.6 1000 1.9 0.05 14
81651 81651 20 6.6667 normal random 0.6 1000 1.9 0.5 14
81651 81651 20 6.6667 normal random 0.6 1000 1.9 0.95 14
81651 81651 20 6.6667 normal random 0.6 10000 0.05 0.05 14
81651 81651 20 6.6667 normal random 0.6 10000 0.05 0.5 14
81651 81651 20 6.6667 normal random 0.6 10000 0.05 0.95 14
81651 81651 20 6.6667 normal random 0.6 10000 0.5 0.05 14
81651 81651 20 6.6667 normal random 0.6 10000 0.5 0.5 14
81651 81651 20 6.6667 normal random 0.6 10000 0.5 0.95 14
81651 81651 20 6.6667 normal random 0.6 10000 0.95 0.05 14
81651 81651 20 6.6667 normal random 0.6 10000 0.95 0.5 14
81651 81651 20 6.6667 normal random 0.6 10000 0.95 0.95 14
81651 81651 20 6.6667 normal random 0.6 10000 1.4 0.05 14
81651 81651 20 6.6667 normal random 0.6 10000 1.4 0.5 14
81651 81651 20 6.6667 normal random 0.6 10000 1.4 0.95 14
81651 81651 20 6.6667 normal random 0.6 10000 1.9 0.05 14
81651 81651 20 6.6667 normal random 0.6 10000 1.9 0.5 14
81651 81651 20 6.6667 normal random 0.6 10000 1.9 0.95 14
103138 103138 20 6.6667 normal random 0.05 0 0.05 0.05 14
103138 103138 20 6.6667 normal random 0.05 0 0.05 0.5 14
103138 103138 20 6.6667 normal random 0.05 0 0.05 0.95 14
103138 103138 20 6.6667 normal random 0.05 0 0.5 0.05 14
103138 103138 20 6.6667 normal random 0.05 0 0.5 0.5 14
103138 103138 20 6.6667 normal random 0.05 0 0.5 0.95 14
103138 103138 20 6.6667 normal random 0.05 0 0.95 0.05 14
103138 103138 20 6.6667 normal random 0.05 0 0.95 0.5 14
103138 103138 20 6.6667 normal random 0.05 0 0.95 0.95 14
103138 103138 20 6.6667 normal random 0.05 0 1.4 0.05 14
103138 103138 20 6.6667 normal random 0.05 0 1.4 0.5 14
103138 103138 20 6.6667 normal random 0.05 0 1.4 0.95 14
103138 103138 20 6.6667 normal random 0.05 0 1.9 0.05 14
103138 103138 20 6.6667 normal random 0.05 0 1.9 0.5 14
103138 103138 20 6.6667 normal random 0.05 0 1.9 0.95 14
103138 103138 20 6.6667 normal random 0.05 100 0.05 0.05 14
103138 103138 20 6.6667 normal random 0.05 100 0.05 0.5 14
103138 103138 20 6.6667 normal random 0.05 100 0.05 0.95 14
103138 103138 20 6.6667 normal random 0.05 100 0.5 0.05 14
103138 103138 20 6.6667 normal random 0.05 100 0.5 0.5 14
103138 103138 20 6.6667 normal random 0.05 100 0.5 0.95 14
103138 103138 20 6.6667 normal random 0.05 100 0.95 0.05 14
103138 103138 20 6.6667 normal random 0.05 100 0.95 0.5 14
103138 103138 20 6.6667 normal random 0.05 100 0.95 0.95 14
103138 103138 20 6.6667 normal random 0.05 100 1.4 0.05 14
103138 103138 20 6.6667 normal random 0.05 100 1.4 0.5 14
103138 103138 20 6.6667 normal random 0.05 100 1.4 0.95 14
103138 103138 20 6.6667 normal random 0.05 100 1.9 0.05 14
103138 103138 20 6.6667 normal random 0.05 100 1.9 0.5 14
103138 103138 20 6.6667 normal random 0.05 100 1.9 0.95 14
103138 103138 20 6.6667 normal random 0.05 1000 0.05 0.05 14
103138 103138 20 6.6667 normal random 0.05 1000 0.05 0.5 14
103138 103138 20 6.6667 normal random 0.05 1000 0.05 0.95 14
103138 103138 20 6.6667 normal random 0.05 1000 0.5 0.05 14
103138 103138 20 6.6667 normal random 0.05 1000 0.5 0.5 14
103138 103138 20 6.6667 normal random 0.05 1000 0.5 0.95 14
103138 103138 20 6.6667 normal random 0.05 1000 0.95 0.05 14
103138 103138 20 6.6667 normal random 0.05 1000 0.95 0.5 14
103138 103138 20 6.6667 normal random 0.05 1000 0.95 0.95 14
103138 103138 20 6.6667 normal random 0.05 1000 1.4 0.05 14
103138 103138 20 6.6667 normal random 0.05 1000 1.4 0.5 14
103138 103138 20 6.6667 normal random 0.05 1000 1.4 0.95 14
103138 103138 20 6.6667 normal random 0.05 1000 1.9 0.05 14
103138 103138 20 6.6667 normal random 0.05 1000 1.9 0.5 14
103138 103138 20 6.6667 normal random 0.05 1000 1.9 0.95 14
103138 103138 20 6.6667 normal random 0.05 10000 0.05 0.05 14
103138 103138 20 6.6667 normal random 0.05 10000 0.05 0.5 14
103138 103138 20 6.6667 normal random 0.05 10000 0.05 0.95 14
103138 103138 20 6.6667 normal random 0.05 10000 0.5 0.05 14
103138 103138 20 6.6667 normal random 0.05 10000 0.5 0.5 14
103138 103138 20 6.6667 normal random 0.05 10000 0.5 0.95 14
103138 103138 20 6.6667 normal random 0.05 10000 0.95 0.05 14
103138 103138 20 6.6667 normal random 0.05 10000 0.95 0.5 14
103138 103138 20 6.6667 normal random 0.05 10000 0.95 0.95 14
103138 103138 20 6.6667 normal random 0.05 10000 1.4 0.05 14
103138 103138 20 6.6667 normal random 0.05 10000 1.4 0.5 14
103138 103138 20 6.6667 normal random 0.05 10000 1.4 0.95 14
103138 103138 20 6.6667 normal random 0.05 10000 1.9 0.05 14
103138 103138 20 6.6667 normal random 0.05 10000 1.9 0.5 14
103138 103138 20 6.6667 normal random 0.05 10000 1.9 0.95 14
103138 103138 20 6.6667 normal random 0.3 0 0.05 0.05 14
103138 103138 20 6.6667 normal random 0.3 0 0.05 0.5 14
103138 103138 20 6.6667 normal random 0.3 0 0.05 0.95 14
103138 103138 20 6.6667 normal random 0.3 0 0.5 0.05 14
103138 103138 20 6.6667 normal random 0.3 0 0.5 0.5 14
103138 103138 20 6.6667 normal random 0.3 0 0.5 0.95 14
103138 103138 20 6.6667 normal random 0.3 0 0.95 0.05 14
103138 103138 20 6.6667 normal random 0.3 0 0.95 0.5 14
103138 103138 20 6.6667 normal random 0.3 0 0.95 0.95 14
103138 103138 20 6.6667 normal random 0.3 0 1.4 0.05 14
103138 103138 20 6.6667 normal random 0.3 0 1.4 0.5 14
103138 103138 20 6.6667 normal random 0.3 0 1.4 0.95 14
103138 103138 20 6.6667 normal random 0.3 0 1.9 0.05 14
103138 103138 20 6.6667 normal random 0.3 0 1.9 0.5 14
103138 103138 20 6.6667 normal random 0.3 0 1.9 0.95 14
103138 103138 20 6.6667 normal random 0.3 100 0.05 0.05 14
103138 103138 20 6.6667 normal random 0.3 100 0.05 0.5 14
103138 103138 20 6.6667 normal random 0.3 100 0.05 0.95 14
103138 103138 20 6.6667 normal random 0.3 100 0.5 0.05 14
103138 103138 20 6.6667 normal random 0.3 100 0.5 0.5 14
103138 103138 20 6.6667 normal random 0.3 100 0.5 0.95 14
103138 103138 20 6.6667 normal random 0.3 100 0.95 0.05 14
103138 103138 20 6.6667 normal random 0.3 100 0.95 0.5 14
103138 103138 20 6.6667 normal random 0.3 100 0.95 0.95 14
103138 103138 20 6.6667 normal random 0.3 100 1.4 0.05 14
103138 103138 20 6.6667 normal random 0.3 100 1.4 0.5 14
103138 103138 20 6.6667 normal random 0.3 100 1.4 0.95 14
103138 103138 20 6.6667 normal random 0.3 100 1.9 0.05 14
103138 103138 20 6.6667 normal random 0.3 100 1.9 0.5 14
103138 103138 20 6.6667 normal random 0.3 100 1.9 0.95 14
103138 103138 20 6.6667 normal random 0.3 1000 0.05 0.05 14
103138 103138 20 6.6667 normal random 0.3 1000 0.05 0.5 14
103138 103138 20 6.6667 normal random 0.3 1000 0.05 0.95 14
103138 103138 20 6.6667 normal random 0.3 1000 0.5 0.05 14
103138 103138 20 6.6667 normal random 0.3 1000 0.5 0.5 14
103138 103138 20 6.6667 normal random 0.3 1000 0.5 0.95 14
103138 103138 20 6.6667 normal random 0.3 1000 0.95 0.05 14
103138 103138 20 6.6667 normal random 0.3 1000 0.95 0.5 14
103138 103138 20 6.6667 normal random 0.3 1000 0.95 0.95 14
103138 103138 20 6.6667 normal random 0.3 1000 1.4 0.05 14
103138 103138 20 6.6667 normal random 0.3 1000 1.4 0.5 14
103138 103138 20 6.6667 normal random 0.3 1000 1.4 0.95 14
103138 103138 20 6.6667 normal random 0.3 1000 1.9 0.05 14
103138 103138 20 6.6667 normal random 0.3 1000 1.9 0.5 14
103138 103138 20 6.6667 normal random 0.3 1000 1.9 0.95 14
103138 103138 20 6.6667 normal random 0.3 10000 0.05 0.05 14
103138 103138 20 6.6667 normal random 0.3 10000 0.05 0.5 14
103138 103138 20 6.6667 normal random 0.3 10000 0.05 0.95 14
103138 103138 20 6.6667 normal random 0.3 10000 0.5 0.05 14
103138 103138 20 6.6667 normal random 0.3 10000 0.5 0.5 14
103138 103138 20 6.6667 normal random 0.3 10000 0.5 0.95 14
103138 103138 20 6.6667 normal random 0.3 10000 0.95 0.05 14
103138 103138 20 6.6667 normal random 0.3 10000 0.95 0.5 14
103138 103138 20 6.6667 normal random 0.3 10000 0.95 0.95 14
103138 103138 20 6.6667 normal random 0.3 10000 1.4 0.05 14
103138 103138 20 6.6667 normal random 0.3 10000 1.4 0.5 14
103138 103138 20 6.6667 normal random 0.3 10000 1.4 0.95 14
103138 103138 20 6.6667 normal random 0.3 10000 1.9 0.05 14
103138 103138 20 6.6667 normal random 0.3 10000 1.9 0.5 14
103138 103138 20 6.6667 normal random 0.3 10000 1.9 0.95 14
103138 103138 20 6.6667 normal random 0.6 0 0.05 0.05 14
103138 103138 20 6.6667 normal random 0.6 0 0.05 0.5 14
103138 103138 20 6.6667 normal random 0.6 0 0.05 0.95 14
103138 103138 20 6.6667 normal random 0.6 0 0.5 0.05 14
103138 103138 20 6.6667 normal random 0.6 0 0.5 0.5 14
103138 103138 20 6.6667 normal random 0.6 0 0.5 0.95 14
103138 103138 20 6.6667 normal random 0.6 0 0.95 0.05 14
103138 103138 20 6.6667 normal random 0.6 0 0.95 0.5 14
103138 103138 20 6.6667 normal random 0.6 0 0.95 0.95 14
103138 103138 20 6.6667 normal random 0.6 0 1.4 0.05 14
103138 103138 20 6.6667 normal random 0.6 0 1.4 0.5 14
103138 103138 20 6.6667 normal random 0.6 0 1.4 0.95 14
103138 103138 20 6.6667 normal random 0.6 0 1.9 0.05 14
103138 103138 20 6.6667 normal random 0.6 0 1.9 0.5 14
103138 103138 20 6.6667 normal random 0.6 0 1.9 0.95 14
103138 103138 20 6.6667 normal random 0.6 100 0.05 0.05 14
103138 103138 20 6.6667 normal random 0.6 100 0.05 0.5 14
103138 103138 20 6.6667 normal random 0.6 100 0.05 0.95 14
103138 103138 20 6.6667 normal random 0.6 100 0.5 0.05 14
103138 103138 20 6.6667 normal random 0.6 100 0.5 0.5 14
103138 103138 20 6.6667 normal random 0.6 100 0.5 0.95 14
103138 103138 20 6.6667 normal random 0.6 100 0.95 0.05 14
103138 103138 20 6.6667 normal random 0.6 100 0.95 0.5 14
103138 103138 20 6.6667 normal random 0.6 100 0.95 0.95 14
103138 103138 20 6.6667 normal random 0.6 100 1.4 0.05 14
103138 103138 20 6.6667 normal random 0.6 100 1.4 0.5 14
103138 103138 20 6.6667 normal random 0.6 100 1.4 0.95 14
103138 103138 20 6.6667 normal random 0.6 100 1.9 0.05 14
103138 103138 20 6.6667 normal random 0.6 100 1.9 0.5 14
103138 103138 20 6.6667 normal random 0.6 100 1.9 0.95 14
103138 103138 20 6.6667 normal random 0.6 1000 0.05 0.05 14
103138 103138 20 6.6667 normal random 0.6 1000 0.05 0.5 14
103138 103138 20 6.6667 normal random 0.6 1000 0.05 0.95 14
103138 103138 20 6.6667 normal random 0.6 1000 0.5 0.05 14
103138 103138 20 6.6667 normal random 0.6 1000 0.5 0.5 14
103138 103138 20 6.6667 normal random 0.6 1000 0.5 0.95 14
103138 103138 20 6.6667 normal random 0.6 1000 0.95 0.05 14
103138 103138 20 6.6667 normal random 0.6 1000 0.95 0.5 14
103138 103138 20 6.6667 normal random 0.6 1000 0.95 0.95 14
103138 103138 20 6.6667 normal random 0.6 1000 1.4 0.05 14
103138 103138 20 6.6667 normal random 0.6 1000 1.4 0.5 14
103138 103138 20 6.6667 normal random 0.6 1000 1.4 0.95 14
103138 103138 20 6.6667 normal random 0.6 1000 1.9 0.05 14
103138 103138 20 6.6667 normal random 0.6 1000 1.9 0.5 14
103138 103138 20 6.6667 normal random 0.6 1000 1.9 0.95 14
103138 103138 20 6.6667 normal random 0.6 10000 0.05 0.05 14
103138 103138 20 6.6667 normal random 0.6 10000 0.05 0.5 14
103138 103138 20 6.6667 normal random 0.6 10000 0.05 0.95 14
103138 103138 20 6.6667 normal random 0.6 10000 0.5 0.05 14
103138 103138 20 6.6667 normal random 0.6 10000 0.5 0.5 14
103138 103138 20 6.6667 normal random 0.6 10000 0.5 0.95 14
103138 103138 20 6.6667 normal random 0.6 10000 0.95 0.05 14
103138 103138 20 6.6667 normal random 0.6 10000 0.95 0.5 14
103138 103138 20 6.6667 normal random 0.6 10000 0.95 0.95 14
103138 103138 20 6.6667 normal random 0.6 10000 1.4 0.05 14
103138 103138 20 6.6667 normal random 0.6 10000 1.4 0.5 14
103138 103138 20 6.6667 normal random 0.6 10000 1.4 0.95 14
103138 103138 20 6.6667 normal random 0.6 10000 1.9 0.05 14
103138 103138 20 6.6667 normal random 0.6 10000 1.9 0.5 14
103138 103138 20 6.6667 normal random 0.6 10000 1.9 0.95 14
