524287 524287 5 1.6667 normal random 0.05 0 1.9 0.05 14
524287 524287 5 1.6667 normal random 0.05 0 1.9 0.5 14
524287 524287 5 1.6667 normal random 0.05 0 1.9 0.95 14
524287 524287 5 1.6667 normal random 0.05 100 1.9 0.05 14
524287 524287 5 1.6667 normal random 0.05 100 1.9 0.5 14
524287 524287 5 1.6667 normal random 0.05 100 1.9 0.95 14
524287 524287 5 1.6667 normal random 0.05 1000 1.9 0.05 14
524287 524287 5 1.6667 normal random 0.05 1000 1.9 0.5 14
524287 524287 5 1.6667 normal random 0.05 1000 1.9 0.95 14
524287 524287 5 1.6667 normal random 0.05 10000 1.9 0.05 14
524287 524287 5 1.6667 normal random 0.05 10000 1.9 0.5 14
524287 524287 5 1.6667 normal random 0.05 10000 1.9 0.95 14
524287 524287 5 1.6667 normal random 0.3 0 1.9 0.05 14
524287 524287 5 1.6667 normal random 0.3 0 1.9 0.5 14
524287 524287 5 1.6667 normal random 0.3 0 1.9 0.95 14
524287 524287 5 1.6667 normal random 0.3 100 1.9 0.05 14
524287 524287 5 1.6667 normal random 0.3 100 1.9 0.5 14
524287 524287 5 1.6667 normal random 0.3 100 1.9 0.95 14
524287 524287 5 1.6667 normal random 0.3 1000 1.9 0.05 14
524287 524287 5 1.6667 normal random 0.3 1000 1.9 0.5 14
524287 524287 5 1.6667 normal random 0.3 1000 1.9 0.95 14
524287 524287 5 1.6667 normal random 0.3 10000 1.9 0.05 14
524287 524287 5 1.6667 normal random 0.3 10000 1.9 0.5 14
524287 524287 5 1.6667 normal random 0.3 10000 1.9 0.95 14
524287 524287 5 1.6667 normal random 0.6 0 1.9 0.05 14
524287 524287 5 1.6667 normal random 0.6 0 1.9 0.5 14
524287 524287 5 1.6667 normal random 0.6 0 1.9 0.95 14
524287 524287 5 1.6667 normal random 0.6 100 1.9 0.05 14
524287 524287 5 1.6667 normal random 0.6 100 1.9 0.5 14
524287 524287 5 1.6667 normal random 0.6 100 1.9 0.95 14
524287 524287 5 1.6667 normal random 0.6 1000 1.9 0.05 14
524287 524287 5 1.6667 normal random 0.6 1000 1.9 0.5 14
524287 524287 5 1.6667 normal random 0.6 1000 1.9 0.95 14
524287 524287 5 1.6667 normal random 0.6 10000 1.9 0.05 14
524287 524287 5 1.6667 normal random 0.6 10000 1.9 0.5 14
524287 524287 5 1.6667 normal random 0.6 10000 1.9 0.95 14
55553 55553 50 16.6667 normal random 0.05 0 1.9 0.05 14
55553 55553 50 16.6667 normal random 0.05 0 1.9 0.5 14
55553 55553 50 16.6667 normal random 0.05 0 1.9 0.95 14
55553 55553 50 16.6667 normal random 0.05 100 1.9 0.05 14
55553 55553 50 16.6667 normal random 0.05 100 1.9 0.5 14
55553 55553 50 16.6667 normal random 0.05 100 1.9 0.95 14
55553 55553 50 16.6667 normal random 0.05 1000 1.9 0.05 14
55553 55553 50 16.6667 normal random 0.05 1000 1.9 0.5 14
55553 55553 50 16.6667 normal random 0.05 1000 1.9 0.95 14
55553 55553 50 16.6667 normal random 0.05 10000 1.9 0.05 14
55553 55553 50 16.6667 normal random 0.05 10000 1.9 0.5 14
55553 55553 50 16.6667 normal random 0.05 10000 1.9 0.95 14
55553 55553 50 16.6667 normal random 0.3 0 1.9 0.05 14
55553 55553 50 16.6667 normal random 0.3 0 1.9 0.5 14
55553 55553 50 16.6667 normal random 0.3 0 1.9 0.95 14
55553 55553 50 16.6667 normal random 0.3 100 1.9 0.05 14
55553 55553 50 16.6667 normal random 0.3 100 1.9 0.5 14
55553 55553 50 16.6667 normal random 0.3 100 1.9 0.95 14
55553 55553 50 16.6667 normal random 0.3 1000 1.9 0.05 14
55553 55553 50 16.6667 normal random 0.3 1000 1.9 0.5 14
55553 55553 50 16.6667 normal random 0.3 1000 1.9 0.95 14
55553 55553 50 16.6667 normal random 0.3 10000 1.9 0.05 14
55553 55553 50 16.6667 normal random 0.3 10000 1.9 0.5 14
55553 55553 50 16.6667 normal random 0.3 10000 1.9 0.95 14
55553 55553 50 16.6667 normal random 0.6 0 1.9 0.05 14
55553 55553 50 16.6667 normal random 0.6 0 1.9 0.5 14
55553 55553 50 16.6667 normal random 0.6 0 1.9 0.95 14
55553 55553 50 16.6667 normal random 0.6 100 1.9 0.05 14
55553 55553 50 16.6667 normal random 0.6 100 1.9 0.5 14
55553 55553 50 16.6667 normal random 0.6 100 1.9 0.95 14
55553 55553 50 16.6667 normal random 0.6 1000 1.9 0.05 14
55553 55553 50 16.6667 normal random 0.6 1000 1.9 0.5 14
55553 55553 50 16.6667 normal random 0.6 1000 1.9 0.95 14
55553 55553 50 16.6667 normal random 0.6 10000 1.9 0.05 14
55553 55553 50 16.6667 normal random 0.6 10000 1.9 0.5 14
55553 55553 50 16.6667 normal random 0.6 10000 1.9 0.95 14
27869 27869 100 33.3333 normal random 0.05 0 1.9 0.05 14
27869 27869 100 33.3333 normal random 0.05 0 1.9 0.5 14
27869 27869 100 33.3333 normal random 0.05 0 1.9 0.95 14
27869 27869 100 33.3333 normal random 0.05 100 1.9 0.05 14
27869 27869 100 33.3333 normal random 0.05 100 1.9 0.5 14
27869 27869 100 33.3333 normal random 0.05 100 1.9 0.95 14
27869 27869 100 33.3333 normal random 0.05 1000 1.9 0.05 14
27869 27869 100 33.3333 normal random 0.05 1000 1.9 0.5 14
27869 27869 100 33.3333 normal random 0.05 1000 1.9 0.95 14
27869 27869 100 33.3333 normal random 0.05 10000 1.9 0.05 14
27869 27869 100 33.3333 normal random 0.05 10000 1.9 0.5 14
27869 27869 100 33.3333 normal random 0.05 10000 1.9 0.95 14
27869 27869 100 33.3333 normal random 0.3 0 1.9 0.05 14
27869 27869 100 33.3333 normal random 0.3 0 1.9 0.5 14
27869 27869 100 33.3333 normal random 0.3 0 1.9 0.95 14
27869 27869 100 33.3333 normal random 0.3 100 1.9 0.05 14
27869 27869 100 33.3333 normal random 0.3 100 1.9 0.5 14
27869 27869 100 33.3333 normal random 0.3 100 1.9 0.95 14
27869 27869 100 33.3333 normal random 0.3 1000 1.9 0.05 14
27869 27869 100 33.3333 normal random 0.3 1000 1.9 0.5 14
27869 27869 100 33.3333 normal random 0.3 1000 1.9 0.95 14
27869 27869 100 33.3333 normal random 0.3 10000 1.9 0.05 14
27869 27869 100 33.3333 normal random 0.3 10000 1.9 0.5 14
27869 27869 100 33.3333 normal random 0.3 10000 1.9 0.95 14
27869 27869 100 33.3333 normal random 0.6 0 1.9 0.05 14
27869 27869 100 33.3333 normal random 0.6 0 1.9 0.5 14
27869 27869 100 33.3333 normal random 0.6 0 1.9 0.95 14
27869 27869 100 33.3333 normal random 0.6 100 1.9 0.05 14
27869 27869 100 33.3333 normal random 0.6 100 1.9 0.5 14
27869 27869 100 33.3333 normal random 0.6 100 1.9 0.95 14
27869 27869 100 33.3333 normal random 0.6 1000 1.9 0.05 14
27869 27869 100 33.3333 normal random 0.6 1000 1.9 0.5 14
27869 27869 100 33.3333 normal random 0.6 1000 1.9 0.95 14
27869 27869 100 33.3333 normal random 0.6 10000 1.9 0.05 14
27869 27869 100 33.3333 normal random 0.6 10000 1.9 0.5 14
27869 27869 100 33.3333 normal random 0.6 10000 1.9 0.95 14
5588 5588 500 166.6667 normal random 0.05 0 1.9 0.05 14
5588 5588 500 166.6667 normal random 0.05 0 1.9 0.5 14
5588 5588 500 166.6667 normal random 0.05 0 1.9 0.95 14
5588 5588 500 166.6667 normal random 0.05 100 1.9 0.05 14
5588 5588 500 166.6667 normal random 0.05 100 1.9 0.5 14
5588 5588 500 166.6667 normal random 0.05 100 1.9 0.95 14
5588 5588 500 166.6667 normal random 0.05 1000 1.9 0.05 14
5588 5588 500 166.6667 normal random 0.05 1000 1.9 0.5 14
5588 5588 500 166.6667 normal random 0.05 1000 1.9 0.95 14
5588 5588 500 166.6667 normal random 0.05 10000 1.9 0.05 14
5588 5588 500 166.6667 normal random 0.05 10000 1.9 0.5 14
5588 5588 500 166.6667 normal random 0.05 10000 1.9 0.95 14
5588 5588 500 166.6667 normal random 0.3 0 1.9 0.05 14
5588 5588 500 166.6667 normal random 0.3 0 1.9 0.5 14
5588 5588 500 166.6667 normal random 0.3 0 1.9 0.95 14
5588 5588 500 166.6667 normal random 0.3 100 1.9 0.05 14
5588 5588 500 166.6667 normal random 0.3 100 1.9 0.5 14
5588 5588 500 166.6667 normal random 0.3 100 1.9 0.95 14
5588 5588 500 166.6667 normal random 0.3 1000 1.9 0.05 14
5588 5588 500 166.6667 normal random 0.3 1000 1.9 0.5 14
5588 5588 500 166.6667 normal random 0.3 1000 1.9 0.95 14
5588 5588 500 166.6667 normal random 0.3 10000 1.9 0.05 14
5588 5588 500 166.6667 normal random 0.3 10000 1.9 0.5 14
5588 5588 500 166.6667 normal random 0.3 10000 1.9 0.95 14
5588 5588 500 166.6667 normal random 0.6 0 1.9 0.05 14
5588 5588 500 166.6667 normal random 0.6 0 1.9 0.5 14
5588 5588 500 166.6667 normal random 0.6 0 1.9 0.95 14
5588 5588 500 166.6667 normal random 0.6 100 1.9 0.05 14
5588 5588 500 166.6667 normal random 0.6 100 1.9 0.5 14
5588 5588 500 166.6667 normal random 0.6 100 1.9 0.95 14
5588 5588 500 166.6667 normal random 0.6 1000 1.9 0.05 14
5588 5588 500 166.6667 normal random 0.6 1000 1.9 0.5 14
5588 5588 500 166.6667 normal random 0.6 1000 1.9 0.95 14
5588 5588 500 166.6667 normal random 0.6 10000 1.9 0.05 14
5588 5588 500 166.6667 normal random 0.6 10000 1.9 0.5 14
5588 5588 500 166.6667 normal random 0.6 10000 1.9 0.95 14
2097151 2097151 5 1.6667 normal random 0.05 0 1.9 0.05 14
2097151 2097151 5 1.6667 normal random 0.05 0 1.9 0.5 14
2097151 2097151 5 1.6667 normal random 0.05 0 1.9 0.95 14
2097151 2097151 5 1.6667 normal random 0.05 100 1.9 0.05 14
2097151 2097151 5 1.6667 normal random 0.05 100 1.9 0.5 14
2097151 2097151 5 1.6667 normal random 0.05 100 1.9 0.95 14
2097151 2097151 5 1.6667 normal random 0.05 1000 1.9 0.05 14
2097151 2097151 5 1.6667 normal random 0.05 1000 1.9 0.5 14
2097151 2097151 5 1.6667 normal random 0.05 1000 1.9 0.95 14
2097151 2097151 5 1.6667 normal random 0.05 10000 1.9 0.05 14
2097151 2097151 5 1.6667 normal random 0.05 10000 1.9 0.5 14
2097151 2097151 5 1.6667 normal random 0.05 10000 1.9 0.95 14
2097151 2097151 5 1.6667 normal random 0.3 0 1.9 0.05 14
2097151 2097151 5 1.6667 normal random 0.3 0 1.9 0.5 14
2097151 2097151 5 1.6667 normal random 0.3 0 1.9 0.95 14
2097151 2097151 5 1.6667 normal random 0.3 100 1.9 0.05 14
2097151 2097151 5 1.6667 normal random 0.3 100 1.9 0.5 14
2097151 2097151 5 1.6667 normal random 0.3 100 1.9 0.95 14
2097151 2097151 5 1.6667 normal random 0.3 1000 1.9 0.05 14
2097151 2097151 5 1.6667 normal random 0.3 1000 1.9 0.5 14
2097151 2097151 5 1.6667 normal random 0.3 1000 1.9 0.95 14
2097151 2097151 5 1.6667 normal random 0.3 10000 1.9 0.05 14
2097151 2097151 5 1.6667 normal random 0.3 10000 1.9 0.5 14
2097151 2097151 5 1.6667 normal random 0.3 10000 1.9 0.95 14
2097151 2097151 5 1.6667 normal random 0.6 0 1.9 0.05 14
2097151 2097151 5 1.6667 normal random 0.6 0 1.9 0.5 14
2097151 2097151 5 1.6667 normal random 0.6 0 1.9 0.95 14
2097151 2097151 5 1.6667 normal random 0.6 100 1.9 0.05 14
2097151 2097151 5 1.6667 normal random 0.6 100 1.9 0.5 14
2097151 2097151 5 1.6667 normal random 0.6 100 1.9 0.95 14
2097151 2097151 5 1.6667 normal random 0.6 1000 1.9 0.05 14
2097151 2097151 5 1.6667 normal random 0.6 1000 1.9 0.5 14
2097151 2097151 5 1.6667 normal random 0.6 1000 1.9 0.95 14
2097151 2097151 5 1.6667 normal random 0.6 10000 1.9 0.05 14
2097151 2097151 5 1.6667 normal random 0.6 10000 1.9 0.5 14
2097151 2097151 5 1.6667 normal random 0.6 10000 1.9 0.95 14
222214 222214 50 16.6667 normal random 0.05 0 1.9 0.05 14
222214 222214 50 16.6667 normal random 0.05 0 1.9 0.5 14
222214 222214 50 16.6667 normal random 0.05 0 1.9 0.95 14
222214 222214 50 16.6667 normal random 0.05 100 1.9 0.05 14
222214 222214 50 16.6667 normal random 0.05 100 1.9 0.5 14
222214 222214 50 16.6667 normal random 0.05 100 1.9 0.95 14
222214 222214 50 16.6667 normal random 0.05 1000 1.9 0.05 14
222214 222214 50 16.6667 normal random 0.05 1000 1.9 0.5 14
222214 222214 50 16.6667 normal random 0.05 1000 1.9 0.95 14
222214 222214 50 16.6667 normal random 0.05 10000 1.9 0.05 14
222214 222214 50 16.6667 normal random 0.05 10000 1.9 0.5 14
222214 222214 50 16.6667 normal random 0.05 10000 1.9 0.95 14
222214 222214 50 16.6667 normal random 0.3 0 1.9 0.05 14
222214 222214 50 16.6667 normal random 0.3 0 1.9 0.5 14
222214 222214 50 16.6667 normal random 0.3 0 1.9 0.95 14
222214 222214 50 16.6667 normal random 0.3 100 1.9 0.05 14
222214 222214 50 16.6667 normal random 0.3 100 1.9 0.5 14
222214 222214 50 16.6667 normal random 0.3 100 1.9 0.95 14
222214 222214 50 16.6667 normal random 0.3 1000 1.9 0.05 14
222214 222214 50 16.6667 normal random 0.3 1000 1.9 0.5 14
222214 222214 50 16.6667 normal random 0.3 1000 1.9 0.95 14
222214 222214 50 16.6667 normal random 0.3 10000 1.9 0.05 14
222214 222214 50 16.6667 normal random 0.3 10000 1.9 0.5 14
222214 222214 50 16.6667 normal random 0.3 10000 1.9 0.95 14
222214 222214 50 16.6667 normal random 0.6 0 1.9 0.05 14
222214 222214 50 16.6667 normal random 0.6 0 1.9 0.5 14
222214 222214 50 16.6667 normal random 0.6 0 1.9 0.95 14
222214 222214 50 16.6667 normal random 0.6 100 1.9 0.05 14
222214 222214 50 16.6667 normal random 0.6 100 1.9 0.5 14
222214 222214 50 16.6667 normal random 0.6 100 1.9 0.95 14
222214 222214 50 16.6667 normal random 0.6 1000 1.9 0.05 14
222214 222214 50 16.6667 normal random 0.6 1000 1.9 0.5 14
222214 222214 50 16.6667 normal random 0.6 1000 1.9 0.95 14
222214 222214 50 16.6667 normal random 0.6 10000 1.9 0.05 14
222214 222214 50 16.6667 normal random 0.6 10000 1.9 0.5 14
222214 222214 50 16.6667 normal random 0.6 10000 1.9 0.95 14
111476 111476 100 33.3333 normal random 0.05 0 1.9 0.05 14
111476 111476 100 33.3333 normal random 0.05 0 1.9 0.5 14
111476 111476 100 33.3333 normal random 0.05 0 1.9 0.95 14
111476 111476 100 33.3333 normal random 0.05 100 1.9 0.05 14
111476 111476 100 33.3333 normal random 0.05 100 1.9 0.5 14
111476 111476 100 33.3333 normal random 0.05 100 1.9 0.95 14
111476 111476 100 33.3333 normal random 0.05 1000 1.9 0.05 14
111476 111476 100 33.3333 normal random 0.05 1000 1.9 0.5 14
111476 111476 100 33.3333 normal random 0.05 1000 1.9 0.95 14
111476 111476 100 33.3333 normal random 0.05 10000 1.9 0.05 14
111476 111476 100 33.3333 normal random 0.05 10000 1.9 0.5 14
111476 111476 100 33.3333 normal random 0.05 10000 1.9 0.95 14
111476 111476 100 33.3333 normal random 0.3 0 1.9 0.05 14
111476 111476 100 33.3333 normal random 0.3 0 1.9 0.5 14
111476 111476 100 33.3333 normal random 0.3 0 1.9 0.95 14
111476 111476 100 33.3333 normal random 0.3 100 1.9 0.05 14
111476 111476 100 33.3333 normal random 0.3 100 1.9 0.5 14
111476 111476 100 33.3333 normal random 0.3 100 1.9 0.95 14
111476 111476 100 33.3333 normal random 0.3 1000 1.9 0.05 14
111476 111476 100 33.3333 normal random 0.3 1000 1.9 0.5 14
111476 111476 100 33.3333 normal random 0.3 1000 1.9 0.95 14
111476 111476 100 33.3333 normal random 0.3 10000 1.9 0.05 14
111476 111476 100 33.3333 normal random 0.3 10000 1.9 0.5 14
111476 111476 100 33.3333 normal random 0.3 10000 1.9 0.95 14
111476 111476 100 33.3333 normal random 0.6 0 1.9 0.05 14
111476 111476 100 33.3333 normal random 0.6 0 1.9 0.5 14
111476 111476 100 33.3333 normal random 0.6 0 1.9 0.95 14
111476 111476 100 33.3333 normal random 0.6 100 1.9 0.05 14
111476 111476 100 33.3333 normal random 0.6 100 1.9 0.5 14
111476 111476 100 33.3333 normal random 0.6 100 1.9 0.95 14
111476 111476 100 33.3333 normal random 0.6 1000 1.9 0.05 14
111476 111476 100 33.3333 normal random 0.6 1000 1.9 0.5 14
111476 111476 100 33.3333 normal random 0.6 1000 1.9 0.95 14
111476 111476 100 33.3333 normal random 0.6 10000 1.9 0.05 14
111476 111476 100 33.3333 normal random 0.6 10000 1.9 0.5 14
111476 111476 100 33.3333 normal random 0.6 10000 1.9 0.95 14
22354 22354 500 166.6667 normal random 0.05 0 1.9 0.05 14
22354 22354 500 166.6667 normal random 0.05 0 1.9 0.5 14
22354 22354 500 166.6667 normal random 0.05 0 1.9 0.95 14
22354 22354 500 166.6667 normal random 0.05 100 1.9 0.05 14
22354 22354 500 166.6667 normal random 0.05 100 1.9 0.5 14
22354 22354 500 166.6667 normal random 0.05 100 1.9 0.95 14
22354 22354 500 166.6667 normal random 0.05 1000 1.9 0.05 14
22354 22354 500 166.6667 normal random 0.05 1000 1.9 0.5 14
22354 22354 500 166.6667 normal random 0.05 1000 1.9 0.95 14
22354 22354 500 166.6667 normal random 0.05 10000 1.9 0.05 14
22354 22354 500 166.6667 normal random 0.05 10000 1.9 0.5 14
22354 22354 500 166.6667 normal random 0.05 10000 1.9 0.95 14
22354 22354 500 166.6667 normal random 0.3 0 1.9 0.05 14
22354 22354 500 166.6667 normal random 0.3 0 1.9 0.5 14
22354 22354 500 166.6667 normal random 0.3 0 1.9 0.95 14
22354 22354 500 166.6667 normal random 0.3 100 1.9 0.05 14
22354 22354 500 166.6667 normal random 0.3 100 1.9 0.5 14
22354 22354 500 166.6667 normal random 0.3 100 1.9 0.95 14
22354 22354 500 166.6667 normal random 0.3 1000 1.9 0.05 14
22354 22354 500 166.6667 normal random 0.3 1000 1.9 0.5 14
22354 22354 500 166.6667 normal random 0.3 1000 1.9 0.95 14
22354 22354 500 166.6667 normal random 0.3 10000 1.9 0.05 14
22354 22354 500 166.6667 normal random 0.3 10000 1.9 0.5 14
22354 22354 500 166.6667 normal random 0.3 10000 1.9 0.95 14
22354 22354 500 166.6667 normal random 0.6 0 1.9 0.05 14
22354 22354 500 166.6667 normal random 0.6 0 1.9 0.5 14
22354 22354 500 166.6667 normal random 0.6 0 1.9 0.95 14
22354 22354 500 166.6667 normal random 0.6 100 1.9 0.05 14
22354 22354 500 166.6667 normal random 0.6 100 1.9 0.5 14
22354 22354 500 166.6667 normal random 0.6 100 1.9 0.95 14
22354 22354 500 166.6667 normal random 0.6 1000 1.9 0.05 14
22354 22354 500 166.6667 normal random 0.6 1000 1.9 0.5 14
22354 22354 500 166.6667 normal random 0.6 1000 1.9 0.95 14
22354 22354 500 166.6667 normal random 0.6 10000 1.9 0.05 14
22354 22354 500 166.6667 normal random 0.6 10000 1.9 0.5 14
22354 22354 500 166.6667 normal random 0.6 10000 1.9 0.95 14
3670015 3670015 5 1.6667 normal random 0.05 0 1.9 0.05 14
3670015 3670015 5 1.6667 normal random 0.05 0 1.9 0.5 14
3670015 3670015 5 1.6667 normal random 0.05 0 1.9 0.95 14
3670015 3670015 5 1.6667 normal random 0.05 100 1.9 0.05 14
3670015 3670015 5 1.6667 normal random 0.05 100 1.9 0.5 14
3670015 3670015 5 1.6667 normal random 0.05 100 1.9 0.95 14
3670015 3670015 5 1.6667 normal random 0.05 1000 1.9 0.05 14
3670015 3670015 5 1.6667 normal random 0.05 1000 1.9 0.5 14
3670015 3670015 5 1.6667 normal random 0.05 1000 1.9 0.95 14
3670015 3670015 5 1.6667 normal random 0.05 10000 1.9 0.05 14
3670015 3670015 5 1.6667 normal random 0.05 10000 1.9 0.5 14
3670015 3670015 5 1.6667 normal random 0.05 10000 1.9 0.95 14
3670015 3670015 5 1.6667 normal random 0.3 0 1.9 0.05 14
3670015 3670015 5 1.6667 normal random 0.3 0 1.9 0.5 14
3670015 3670015 5 1.6667 normal random 0.3 0 1.9 0.95 14
3670015 3670015 5 1.6667 normal random 0.3 100 1.9 0.05 14
3670015 3670015 5 1.6667 normal random 0.3 100 1.9 0.5 14
3670015 3670015 5 1.6667 normal random 0.3 100 1.9 0.95 14
3670015 3670015 5 1.6667 normal random 0.3 1000 1.9 0.05 14
3670015 3670015 5 1.6667 normal random 0.3 1000 1.9 0.5 14
3670015 3670015 5 1.6667 normal random 0.3 1000 1.9 0.95 14
3670015 3670015 5 1.6667 normal random 0.3 10000 1.9 0.05 14
3670015 3670015 5 1.6667 normal random 0.3 10000 1.9 0.5 14
3670015 3670015 5 1.6667 normal random 0.3 10000 1.9 0.95 14
3670015 3670015 5 1.6667 normal random 0.6 0 1.9 0.05 14
3670015 3670015 5 1.6667 normal random 0.6 0 1.9 0.5 14
3670015 3670015 5 1.6667 normal random 0.6 0 1.9 0.95 14
3670015 3670015 5 1.6667 normal random 0.6 100 1.9 0.05 14
3670015 3670015 5 1.6667 normal random 0.6 100 1.9 0.5 14
3670015 3670015 5 1.6667 normal random 0.6 100 1.9 0.95 14
3670015 3670015 5 1.6667 normal random 0.6 1000 1.9 0.05 14
3670015 3670015 5 1.6667 normal random 0.6 1000 1.9 0.5 14
3670015 3670015 5 1.6667 normal random 0.6 1000 1.9 0.95 14
3670015 3670015 5 1.6667 normal random 0.6 10000 1.9 0.05 14
3670015 3670015 5 1.6667 normal random 0.6 10000 1.9 0.5 14
3670015 3670015 5 1.6667 normal random 0.6 10000 1.9 0.95 14
388875 388875 50 16.6667 normal random 0.05 0 1.9 0.05 14
388875 388875 50 16.6667 normal random 0.05 0 1.9 0.5 14
388875 388875 50 16.6667 normal random 0.05 0 1.9 0.95 14
388875 388875 50 16.6667 normal random 0.05 100 1.9 0.05 14
388875 388875 50 16.6667 normal random 0.05 100 1.9 0.5 14
388875 388875 50 16.6667 normal random 0.05 100 1.9 0.95 14
388875 388875 50 16.6667 normal random 0.05 1000 1.9 0.05 14
388875 388875 50 16.6667 normal random 0.05 1000 1.9 0.5 14
388875 388875 50 16.6667 normal random 0.05 1000 1.9 0.95 14
388875 388875 50 16.6667 normal random 0.05 10000 1.9 0.05 14
388875 388875 50 16.6667 normal random 0.05 10000 1.9 0.5 14
388875 388875 50 16.6667 normal random 0.05 10000 1.9 0.95 14
388875 388875 50 16.6667 normal random 0.3 0 1.9 0.05 14
388875 388875 50 16.6667 normal random 0.3 0 1.9 0.5 14
388875 388875 50 16.6667 normal random 0.3 0 1.9 0.95 14
388875 388875 50 16.6667 normal random 0.3 100 1.9 0.05 14
388875 388875 50 16.6667 normal random 0.3 100 1.9 0.5 14
388875 388875 50 16.6667 normal random 0.3 100 1.9 0.95 14
388875 388875 50 16.6667 normal random 0.3 1000 1.9 0.05 14
388875 388875 50 16.6667 normal random 0.3 1000 1.9 0.5 14
388875 388875 50 16.6667 normal random 0.3 1000 1.9 0.95 14
388875 388875 50 16.6667 normal random 0.3 10000 1.9 0.05 14
388875 388875 50 16.6667 normal random 0.3 10000 1.9 0.5 14
388875 388875 50 16.6667 normal random 0.3 10000 1.9 0.95 14
388875 388875 50 16.6667 normal random 0.6 0 1.9 0.05 14
388875 388875 50 16.6667 normal random 0.6 0 1.9 0.5 14
388875 388875 50 16.6667 normal random 0.6 0 1.9 0.95 14
388875 388875 50 16.6667 normal random 0.6 100 1.9 0.05 14
388875 388875 50 16.6667 normal random 0.6 100 1.9 0.5 14
388875 388875 50 16.6667 normal random 0.6 100 1.9 0.95 14
388875 388875 50 16.6667 normal random 0.6 1000 1.9 0.05 14
388875 388875 50 16.6667 normal random 0.6 1000 1.9 0.5 14
388875 388875 50 16.6667 normal random 0.6 1000 1.9 0.95 14
388875 388875 50 16.6667 normal random 0.6 10000 1.9 0.05 14
388875 388875 50 16.6667 normal random 0.6 10000 1.9 0.5 14
388875 388875 50 16.6667 normal random 0.6 10000 1.9 0.95 14
195083 195083 100 33.3333 normal random 0.05 0 1.9 0.05 14
195083 195083 100 33.3333 normal random 0.05 0 1.9 0.5 14
195083 195083 100 33.3333 normal random 0.05 0 1.9 0.95 14
195083 195083 100 33.3333 normal random 0.05 100 1.9 0.05 14
195083 195083 100 33.3333 normal random 0.05 100 1.9 0.5 14
195083 195083 100 33.3333 normal random 0.05 100 1.9 0.95 14
195083 195083 100 33.3333 normal random 0.05 1000 1.9 0.05 14
195083 195083 100 33.3333 normal random 0.05 1000 1.9 0.5 14
195083 195083 100 33.3333 normal random 0.05 1000 1.9 0.95 14
195083 195083 100 33.3333 normal random 0.05 10000 1.9 0.05 14
195083 195083 100 33.3333 normal random 0.05 10000 1.9 0.5 14
195083 195083 100 33.3333 normal random 0.05 10000 1.9 0.95 14
195083 195083 100 33.3333 normal random 0.3 0 1.9 0.05 14
195083 195083 100 33.3333 normal random 0.3 0 1.9 0.5 14
195083 195083 100 33.3333 normal random 0.3 0 1.9 0.95 14
195083 195083 100 33.3333 normal random 0.3 100 1.9 0.05 14
195083 195083 100 33.3333 normal random 0.3 100 1.9 0.5 14
195083 195083 100 33.3333 normal random 0.3 100 1.9 0.95 14
195083 195083 100 33.3333 normal random 0.3 1000 1.9 0.05 14
195083 195083 100 33.3333 normal random 0.3 1000 1.9 0.5 14
195083 195083 100 33.3333 normal random 0.3 1000 1.9 0.95 14
195083 195083 100 33.3333 normal random 0.3 10000 1.9 0.05 14
195083 195083 100 33.3333 normal random 0.3 10000 1.9 0.5 14
195083 195083 100 33.3333 normal random 0.3 10000 1.9 0.95 14
195083 195083 100 33.3333 normal random 0.6 0 1.9 0.05 14
195083 195083 100 33.3333 normal random 0.6 0 1.9 0.5 14
195083 195083 100 33.3333 normal random 0.6 0 1.9 0.95 14
195083 195083 100 33.3333 normal random 0.6 100 1.9 0.05 14
195083 195083 100 33.3333 normal random 0.6 100 1.9 0.5 14
195083 195083 100 33.3333 normal random 0.6 100 1.9 0.95 14
195083 195083 100 33.3333 normal random 0.6 1000 1.9 0.05 14
195083 195083 100 33.3333 normal random 0.6 1000 1.9 0.5 14
195083 195083 100 33.3333 normal random 0.6 1000 1.9 0.95 14
195083 195083 100 33.3333 normal random 0.6 10000 1.9 0.05 14
195083 195083 100 33.3333 normal random 0.6 10000 1.9 0.5 14
195083 195083 100 33.3333 normal random 0.6 10000 1.9 0.95 14
39120 39120 500 166.6667 normal random 0.05 0 1.9 0.05 14
39120 39120 500 166.6667 normal random 0.05 0 1.9 0.5 14
39120 39120 500 166.6667 normal random 0.05 0 1.9 0.95 14
39120 39120 500 166.6667 normal random 0.05 100 1.9 0.05 14
39120 39120 500 166.6667 normal random 0.05 100 1.9 0.5 14
39120 39120 500 166.6667 normal random 0.05 100 1.9 0.95 14
39120 39120 500 166.6667 normal random 0.05 1000 1.9 0.05 14
39120 39120 500 166.6667 normal random 0.05 1000 1.9 0.5 14
39120 39120 500 166.6667 normal random 0.05 1000 1.9 0.95 14
39120 39120 500 166.6667 normal random 0.05 10000 1.9 0.05 14
39120 39120 500 166.6667 normal random 0.05 10000 1.9 0.5 14
39120 39120 500 166.6667 normal random 0.05 10000 1.9 0.95 14
39120 39120 500 166.6667 normal random 0.3 0 1.9 0.05 14
39120 39120 500 166.6667 normal random 0.3 0 1.9 0.5 14
39120 39120 500 166.6667 normal random 0.3 0 1.9 0.95 14
39120 39120 500 166.6667 normal random 0.3 100 1.9 0.05 14
39120 39120 500 166.6667 normal random 0.3 100 1.9 0.5 14
39120 39120 500 166.6667 normal random 0.3 100 1.9 0.95 14
39120 39120 500 166.6667 normal random 0.3 1000 1.9 0.05 14
39120 39120 500 166.6667 normal random 0.3 1000 1.9 0.5 14
39120 39120 500 166.6667 normal random 0.3 1000 1.9 0.95 14
39120 39120 500 166.6667 normal random 0.3 10000 1.9 0.05 14
39120 39120 500 166.6667 normal random 0.3 10000 1.9 0.5 14
39120 39120 500 166.6667 normal random 0.3 10000 1.9 0.95 14
39120 39120 500 166.6667 normal random 0.6 0 1.9 0.05 14
39120 39120 500 166.6667 normal random 0.6 0 1.9 0.5 14
39120 39120 500 166.6667 normal random 0.6 0 1.9 0.95 14
39120 39120 500 166.6667 normal random 0.6 100 1.9 0.05 14
39120 39120 500 166.6667 normal random 0.6 100 1.9 0.5 14
39120 39120 500 166.6667 normal random 0.6 100 1.9 0.95 14
39120 39120 500 166.6667 normal random 0.6 1000 1.9 0.05 14
39120 39120 500 166.6667 normal random 0.6 1000 1.9 0.5 14
39120 39120 500 166.6667 normal random 0.6 1000 1.9 0.95 14
39120 39120 500 166.6667 normal random 0.6 10000 1.9 0.05 14
39120 39120 500 166.6667 normal random 0.6 10000 1.9 0.5 14
39120 39120 500 166.6667 normal random 0.6 10000 1.9 0.95 14
5242879 5242879 5 1.6667 normal random 0.05 0 1.9 0.05 14
5242879 5242879 5 1.6667 normal random 0.05 0 1.9 0.5 14
5242879 5242879 5 1.6667 normal random 0.05 0 1.9 0.95 14
5242879 5242879 5 1.6667 normal random 0.05 100 1.9 0.05 14
5242879 5242879 5 1.6667 normal random 0.05 100 1.9 0.5 14
5242879 5242879 5 1.6667 normal random 0.05 100 1.9 0.95 14
5242879 5242879 5 1.6667 normal random 0.05 1000 1.9 0.05 14
5242879 5242879 5 1.6667 normal random 0.05 1000 1.9 0.5 14
5242879 5242879 5 1.6667 normal random 0.05 1000 1.9 0.95 14
5242879 5242879 5 1.6667 normal random 0.05 10000 1.9 0.05 14
5242879 5242879 5 1.6667 normal random 0.05 10000 1.9 0.5 14
5242879 5242879 5 1.6667 normal random 0.05 10000 1.9 0.95 14
5242879 5242879 5 1.6667 normal random 0.3 0 1.9 0.05 14
5242879 5242879 5 1.6667 normal random 0.3 0 1.9 0.5 14
5242879 5242879 5 1.6667 normal random 0.3 0 1.9 0.95 14
5242879 5242879 5 1.6667 normal random 0.3 100 1.9 0.05 14
5242879 5242879 5 1.6667 normal random 0.3 100 1.9 0.5 14
5242879 5242879 5 1.6667 normal random 0.3 100 1.9 0.95 14
5242879 5242879 5 1.6667 normal random 0.3 1000 1.9 0.05 14
5242879 5242879 5 1.6667 normal random 0.3 1000 1.9 0.5 14
5242879 5242879 5 1.6667 normal random 0.3 1000 1.9 0.95 14
5242879 5242879 5 1.6667 normal random 0.3 10000 1.9 0.05 14
5242879 5242879 5 1.6667 normal random 0.3 10000 1.9 0.5 14
5242879 5242879 5 1.6667 normal random 0.3 10000 1.9 0.95 14
5242879 5242879 5 1.6667 normal random 0.6 0 1.9 0.05 14
5242879 5242879 5 1.6667 normal random 0.6 0 1.9 0.5 14
5242879 5242879 5 1.6667 normal random 0.6 0 1.9 0.95 14
5242879 5242879 5 1.6667 normal random 0.6 100 1.9 0.05 14
5242879 5242879 5 1.6667 normal random 0.6 100 1.9 0.5 14
5242879 5242879 5 1.6667 normal random 0.6 100 1.9 0.95 14
5242879 5242879 5 1.6667 normal random 0.6 1000 1.9 0.05 14
5242879 5242879 5 1.6667 normal random 0.6 1000 1.9 0.5 14
5242879 5242879 5 1.6667 normal random 0.6 1000 1.9 0.95 14
5242879 5242879 5 1.6667 normal random 0.6 10000 1.9 0.05 14
5242879 5242879 5 1.6667 normal random 0.6 10000 1.9 0.5 14
5242879 5242879 5 1.6667 normal random 0.6 10000 1.9 0.95 14
555536 555536 50 16.6667 normal random 0.05 0 1.9 0.05 14
555536 555536 50 16.6667 normal random 0.05 0 1.9 0.5 14
555536 555536 50 16.6667 normal random 0.05 0 1.9 0.95 14
555536 555536 50 16.6667 normal random 0.05 100 1.9 0.05 14
555536 555536 50 16.6667 normal random 0.05 100 1.9 0.5 14
555536 555536 50 16.6667 normal random 0.05 100 1.9 0.95 14
555536 555536 50 16.6667 normal random 0.05 1000 1.9 0.05 14
555536 555536 50 16.6667 normal random 0.05 1000 1.9 0.5 14
555536 555536 50 16.6667 normal random 0.05 1000 1.9 0.95 14
555536 555536 50 16.6667 normal random 0.05 10000 1.9 0.05 14
555536 555536 50 16.6667 normal random 0.05 10000 1.9 0.5 14
555536 555536 50 16.6667 normal random 0.05 10000 1.9 0.95 14
555536 555536 50 16.6667 normal random 0.3 0 1.9 0.05 14
555536 555536 50 16.6667 normal random 0.3 0 1.9 0.5 14
555536 555536 50 16.6667 normal random 0.3 0 1.9 0.95 14
555536 555536 50 16.6667 normal random 0.3 100 1.9 0.05 14
555536 555536 50 16.6667 normal random 0.3 100 1.9 0.5 14
555536 555536 50 16.6667 normal random 0.3 100 1.9 0.95 14
555536 555536 50 16.6667 normal random 0.3 1000 1.9 0.05 14
555536 555536 50 16.6667 normal random 0.3 1000 1.9 0.5 14
555536 555536 50 16.6667 normal random 0.3 1000 1.9 0.95 14
555536 555536 50 16.6667 normal random 0.3 10000 1.9 0.05 14
555536 555536 50 16.6667 normal random 0.3 10000 1.9 0.5 14
555536 555536 50 16.6667 normal random 0.3 10000 1.9 0.95 14
555536 555536 50 16.6667 normal random 0.6 0 1.9 0.05 14
555536 555536 50 16.6667 normal random 0.6 0 1.9 0.5 14
555536 555536 50 16.6667 normal random 0.6 0 1.9 0.95 14
555536 555536 50 16.6667 normal random 0.6 100 1.9 0.05 14
555536 555536 50 16.6667 normal random 0.6 100 1.9 0.5 14
555536 555536 50 16.6667 normal random 0.6 100 1.9 0.95 14
555536 555536 50 16.6667 normal random 0.6 1000 1.9 0.05 14
555536 555536 50 16.6667 normal random 0.6 1000 1.9 0.5 14
555536 555536 50 16.6667 normal random 0.6 1000 1.9 0.95 14
555536 555536 50 16.6667 normal random 0.6 10000 1.9 0.05 14
555536 555536 50 16.6667 normal random 0.6 10000 1.9 0.5 14
555536 555536 50 16.6667 normal random 0.6 10000 1.9 0.95 14
278691 278691 100 33.3333 normal random 0.05 0 1.9 0.05 14
278691 278691 100 33.3333 normal random 0.05 0 1.9 0.5 14
278691 278691 100 33.3333 normal random 0.05 0 1.9 0.95 14
278691 278691 100 33.3333 normal random 0.05 100 1.9 0.05 14
278691 278691 100 33.3333 normal random 0.05 100 1.9 0.5 14
278691 278691 100 33.3333 normal random 0.05 100 1.9 0.95 14
278691 278691 100 33.3333 normal random 0.05 1000 1.9 0.05 14
278691 278691 100 33.3333 normal random 0.05 1000 1.9 0.5 14
278691 278691 100 33.3333 normal random 0.05 1000 1.9 0.95 14
278691 278691 100 33.3333 normal random 0.05 10000 1.9 0.05 14
278691 278691 100 33.3333 normal random 0.05 10000 1.9 0.5 14
278691 278691 100 33.3333 normal random 0.05 10000 1.9 0.95 14
278691 278691 100 33.3333 normal random 0.3 0 1.9 0.05 14
278691 278691 100 33.3333 normal random 0.3 0 1.9 0.5 14
278691 278691 100 33.3333 normal random 0.3 0 1.9 0.95 14
278691 278691 100 33.3333 normal random 0.3 100 1.9 0.05 14
278691 278691 100 33.3333 normal random 0.3 100 1.9 0.5 14
278691 278691 100 33.3333 normal random 0.3 100 1.9 0.95 14
278691 278691 100 33.3333 normal random 0.3 1000 1.9 0.05 14
278691 278691 100 33.3333 normal random 0.3 1000 1.9 0.5 14
278691 278691 100 33.3333 normal random 0.3 1000 1.9 0.95 14
278691 278691 100 33.3333 normal random 0.3 10000 1.9 0.05 14
278691 278691 100 33.3333 normal random 0.3 10000 1.9 0.5 14
278691 278691 100 33.3333 normal random 0.3 10000 1.9 0.95 14
278691 278691 100 33.3333 normal random 0.6 0 1.9 0.05 14
278691 278691 100 33.3333 normal random 0.6 0 1.9 0.5 14
278691 278691 100 33.3333 normal random 0.6 0 1.9 0.95 14
278691 278691 100 33.3333 normal random 0.6 100 1.9 0.05 14
278691 278691 100 33.3333 normal random 0.6 100 1.9 0.5 14
278691 278691 100 33.3333 normal random 0.6 100 1.9 0.95 14
278691 278691 100 33.3333 normal random 0.6 1000 1.9 0.05 14
278691 278691 100 33.3333 normal random 0.6 1000 1.9 0.5 14
278691 278691 100 33.3333 normal random 0.6 1000 1.9 0.95 14
278691 278691 100 33.3333 normal random 0.6 10000 1.9 0.05 14
278691 278691 100 33.3333 normal random 0.6 10000 1.9 0.5 14
278691 278691 100 33.3333 normal random 0.6 10000 1.9 0.95 14
55886 55886 500 166.6667 normal random 0.05 0 1.9 0.05 14
55886 55886 500 166.6667 normal random 0.05 0 1.9 0.5 14
55886 55886 500 166.6667 normal random 0.05 0 1.9 0.95 14
55886 55886 500 166.6667 normal random 0.05 100 1.9 0.05 14
55886 55886 500 166.6667 normal random 0.05 100 1.9 0.5 14
55886 55886 500 166.6667 normal random 0.05 100 1.9 0.95 14
55886 55886 500 166.6667 normal random 0.05 1000 1.9 0.05 14
55886 55886 500 166.6667 normal random 0.05 1000 1.9 0.5 14
55886 55886 500 166.6667 normal random 0.05 1000 1.9 0.95 14
55886 55886 500 166.6667 normal random 0.05 10000 1.9 0.05 14
55886 55886 500 166.6667 normal random 0.05 10000 1.9 0.5 14
55886 55886 500 166.6667 normal random 0.05 10000 1.9 0.95 14
55886 55886 500 166.6667 normal random 0.3 0 1.9 0.05 14
55886 55886 500 166.6667 normal random 0.3 0 1.9 0.5 14
55886 55886 500 166.6667 normal random 0.3 0 1.9 0.95 14
55886 55886 500 166.6667 normal random 0.3 100 1.9 0.05 14
55886 55886 500 166.6667 normal random 0.3 100 1.9 0.5 14
55886 55886 500 166.6667 normal random 0.3 100 1.9 0.95 14
55886 55886 500 166.6667 normal random 0.3 1000 1.9 0.05 14
55886 55886 500 166.6667 normal random 0.3 1000 1.9 0.5 14
55886 55886 500 166.6667 normal random 0.3 1000 1.9 0.95 14
55886 55886 500 166.6667 normal random 0.3 10000 1.9 0.05 14
55886 55886 500 166.6667 normal random 0.3 10000 1.9 0.5 14
55886 55886 500 166.6667 normal random 0.3 10000 1.9 0.95 14
55886 55886 500 166.6667 normal random 0.6 0 1.9 0.05 14
55886 55886 500 166.6667 normal random 0.6 0 1.9 0.5 14
55886 55886 500 166.6667 normal random 0.6 0 1.9 0.95 14
55886 55886 500 166.6667 normal random 0.6 100 1.9 0.05 14
55886 55886 500 166.6667 normal random 0.6 100 1.9 0.5 14
55886 55886 500 166.6667 normal random 0.6 100 1.9 0.95 14
55886 55886 500 166.6667 normal random 0.6 1000 1.9 0.05 14
55886 55886 500 166.6667 normal random 0.6 1000 1.9 0.5 14
55886 55886 500 166.6667 normal random 0.6 1000 1.9 0.95 14
55886 55886 500 166.6667 normal random 0.6 10000 1.9 0.05 14
55886 55886 500 166.6667 normal random 0.6 10000 1.9 0.5 14
55886 55886 500 166.6667 normal random 0.6 10000 1.9 0.95 14
6815743 6815743 5 1.6667 normal random 0.05 0 1.9 0.05 14
6815743 6815743 5 1.6667 normal random 0.05 0 1.9 0.5 14
6815743 6815743 5 1.6667 normal random 0.05 0 1.9 0.95 14
6815743 6815743 5 1.6667 normal random 0.05 100 1.9 0.05 14
6815743 6815743 5 1.6667 normal random 0.05 100 1.9 0.5 14
6815743 6815743 5 1.6667 normal random 0.05 100 1.9 0.95 14
6815743 6815743 5 1.6667 normal random 0.05 1000 1.9 0.05 14
6815743 6815743 5 1.6667 normal random 0.05 1000 1.9 0.5 14
6815743 6815743 5 1.6667 normal random 0.05 1000 1.9 0.95 14
6815743 6815743 5 1.6667 normal random 0.05 10000 1.9 0.05 14
6815743 6815743 5 1.6667 normal random 0.05 10000 1.9 0.5 14
6815743 6815743 5 1.6667 normal random 0.05 10000 1.9 0.95 14
6815743 6815743 5 1.6667 normal random 0.3 0 1.9 0.05 14
6815743 6815743 5 1.6667 normal random 0.3 0 1.9 0.5 14
6815743 6815743 5 1.6667 normal random 0.3 0 1.9 0.95 14
6815743 6815743 5 1.6667 normal random 0.3 100 1.9 0.05 14
6815743 6815743 5 1.6667 normal random 0.3 100 1.9 0.5 14
6815743 6815743 5 1.6667 normal random 0.3 100 1.9 0.95 14
6815743 6815743 5 1.6667 normal random 0.3 1000 1.9 0.05 14
6815743 6815743 5 1.6667 normal random 0.3 1000 1.9 0.5 14
6815743 6815743 5 1.6667 normal random 0.3 1000 1.9 0.95 14
6815743 6815743 5 1.6667 normal random 0.3 10000 1.9 0.05 14
6815743 6815743 5 1.6667 normal random 0.3 10000 1.9 0.5 14
6815743 6815743 5 1.6667 normal random 0.3 10000 1.9 0.95 14
6815743 6815743 5 1.6667 normal random 0.6 0 1.9 0.05 14
6815743 6815743 5 1.6667 normal random 0.6 0 1.9 0.5 14
6815743 6815743 5 1.6667 normal random 0.6 0 1.9 0.95 14
6815743 6815743 5 1.6667 normal random 0.6 100 1.9 0.05 14
6815743 6815743 5 1.6667 normal random 0.6 100 1.9 0.5 14
6815743 6815743 5 1.6667 normal random 0.6 100 1.9 0.95 14
6815743 6815743 5 1.6667 normal random 0.6 1000 1.9 0.05 14
6815743 6815743 5 1.6667 normal random 0.6 1000 1.9 0.5 14
6815743 6815743 5 1.6667 normal random 0.6 1000 1.9 0.95 14
6815743 6815743 5 1.6667 normal random 0.6 10000 1.9 0.05 14
6815743 6815743 5 1.6667 normal random 0.6 10000 1.9 0.5 14
6815743 6815743 5 1.6667 normal random 0.6 10000 1.9 0.95 14
722198 722198 50 16.6667 normal random 0.05 0 1.9 0.05 14
722198 722198 50 16.6667 normal random 0.05 0 1.9 0.5 14
722198 722198 50 16.6667 normal random 0.05 0 1.9 0.95 14
722198 722198 50 16.6667 normal random 0.05 100 1.9 0.05 14
722198 722198 50 16.6667 normal random 0.05 100 1.9 0.5 14
722198 722198 50 16.6667 normal random 0.05 100 1.9 0.95 14
722198 722198 50 16.6667 normal random 0.05 1000 1.9 0.05 14
722198 722198 50 16.6667 normal random 0.05 1000 1.9 0.5 14
722198 722198 50 16.6667 normal random 0.05 1000 1.9 0.95 14
722198 722198 50 16.6667 normal random 0.05 10000 1.9 0.05 14
722198 722198 50 16.6667 normal random 0.05 10000 1.9 0.5 14
722198 722198 50 16.6667 normal random 0.05 10000 1.9 0.95 14
722198 722198 50 16.6667 normal random 0.3 0 1.9 0.05 14
722198 722198 50 16.6667 normal random 0.3 0 1.9 0.5 14
722198 722198 50 16.6667 normal random 0.3 0 1.9 0.95 14
722198 722198 50 16.6667 normal random 0.3 100 1.9 0.05 14
722198 722198 50 16.6667 normal random 0.3 100 1.9 0.5 14
722198 722198 50 16.6667 normal random 0.3 100 1.9 0.95 14
722198 722198 50 16.6667 normal random 0.3 1000 1.9 0.05 14
722198 722198 50 16.6667 normal random 0.3 1000 1.9 0.5 14
722198 722198 50 16.6667 normal random 0.3 1000 1.9 0.95 14
722198 722198 50 16.6667 normal random 0.3 10000 1.9 0.05 14
722198 722198 50 16.6667 normal random 0.3 10000 1.9 0.5 14
722198 722198 50 16.6667 normal random 0.3 10000 1.9 0.95 14
722198 722198 50 16.6667 normal random 0.6 0 1.9 0.05 14
722198 722198 50 16.6667 normal random 0.6 0 1.9 0.5 14
722198 722198 50 16.6667 normal random 0.6 0 1.9 0.95 14
722198 722198 50 16.6667 normal random 0.6 100 1.9 0.05 14
722198 722198 50 16.6667 normal random 0.6 100 1.9 0.5 14
722198 722198 50 16.6667 normal random 0.6 100 1.9 0.95 14
722198 722198 50 16.6667 normal random 0.6 1000 1.9 0.05 14
722198 722198 50 16.6667 normal random 0.6 1000 1.9 0.5 14
722198 722198 50 16.6667 normal random 0.6 1000 1.9 0.95 14
722198 722198 50 16.6667 normal random 0.6 10000 1.9 0.05 14
722198 722198 50 16.6667 normal random 0.6 10000 1.9 0.5 14
722198 722198 50 16.6667 normal random 0.6 10000 1.9 0.95 14
362298 362298 100 33.3333 normal random 0.05 0 1.9 0.05 14
362298 362298 100 33.3333 normal random 0.05 0 1.9 0.5 14
362298 362298 100 33.3333 normal random 0.05 0 1.9 0.95 14
362298 362298 100 33.3333 normal random 0.05 100 1.9 0.05 14
362298 362298 100 33.3333 normal random 0.05 100 1.9 0.5 14
362298 362298 100 33.3333 normal random 0.05 100 1.9 0.95 14
362298 362298 100 33.3333 normal random 0.05 1000 1.9 0.05 14
362298 362298 100 33.3333 normal random 0.05 1000 1.9 0.5 14
362298 362298 100 33.3333 normal random 0.05 1000 1.9 0.95 14
362298 362298 100 33.3333 normal random 0.05 10000 1.9 0.05 14
362298 362298 100 33.3333 normal random 0.05 10000 1.9 0.5 14
362298 362298 100 33.3333 normal random 0.05 10000 1.9 0.95 14
362298 362298 100 33.3333 normal random 0.3 0 1.9 0.05 14
362298 362298 100 33.3333 normal random 0.3 0 1.9 0.5 14
362298 362298 100 33.3333 normal random 0.3 0 1.9 0.95 14
362298 362298 100 33.3333 normal random 0.3 100 1.9 0.05 14
362298 362298 100 33.3333 normal random 0.3 100 1.9 0.5 14
362298 362298 100 33.3333 normal random 0.3 100 1.9 0.95 14
362298 362298 100 33.3333 normal random 0.3 1000 1.9 0.05 14
362298 362298 100 33.3333 normal random 0.3 1000 1.9 0.5 14
362298 362298 100 33.3333 normal random 0.3 1000 1.9 0.95 14
362298 362298 100 33.3333 normal random 0.3 10000 1.9 0.05 14
362298 362298 100 33.3333 normal random 0.3 10000 1.9 0.5 14
362298 362298 100 33.3333 normal random 0.3 10000 1.9 0.95 14
362298 362298 100 33.3333 normal random 0.6 0 1.9 0.05 14
362298 362298 100 33.3333 normal random 0.6 0 1.9 0.5 14
362298 362298 100 33.3333 normal random 0.6 0 1.9 0.95 14
362298 362298 100 33.3333 normal random 0.6 100 1.9 0.05 14
362298 362298 100 33.3333 normal random 0.6 100 1.9 0.5 14
362298 362298 100 33.3333 normal random 0.6 100 1.9 0.95 14
362298 362298 100 33.3333 normal random 0.6 1000 1.9 0.05 14
362298 362298 100 33.3333 normal random 0.6 1000 1.9 0.5 14
362298 362298 100 33.3333 normal random 0.6 1000 1.9 0.95 14
362298 362298 100 33.3333 normal random 0.6 10000 1.9 0.05 14
362298 362298 100 33.3333 normal random 0.6 10000 1.9 0.5 14
362298 362298 100 33.3333 normal random 0.6 10000 1.9 0.95 14
72652 72652 500 166.6667 normal random 0.05 0 1.9 0.05 14
72652 72652 500 166.6667 normal random 0.05 0 1.9 0.5 14
72652 72652 500 166.6667 normal random 0.05 0 1.9 0.95 14
72652 72652 500 166.6667 normal random 0.05 100 1.9 0.05 14
72652 72652 500 166.6667 normal random 0.05 100 1.9 0.5 14
72652 72652 500 166.6667 normal random 0.05 100 1.9 0.95 14
72652 72652 500 166.6667 normal random 0.05 1000 1.9 0.05 14
72652 72652 500 166.6667 normal random 0.05 1000 1.9 0.5 14
72652 72652 500 166.6667 normal random 0.05 1000 1.9 0.95 14
72652 72652 500 166.6667 normal random 0.05 10000 1.9 0.05 14
72652 72652 500 166.6667 normal random 0.05 10000 1.9 0.5 14
72652 72652 500 166.6667 normal random 0.05 10000 1.9 0.95 14
72652 72652 500 166.6667 normal random 0.3 0 1.9 0.05 14
72652 72652 500 166.6667 normal random 0.3 0 1.9 0.5 14
72652 72652 500 166.6667 normal random 0.3 0 1.9 0.95 14
72652 72652 500 166.6667 normal random 0.3 100 1.9 0.05 14
72652 72652 500 166.6667 normal random 0.3 100 1.9 0.5 14
72652 72652 500 166.6667 normal random 0.3 100 1.9 0.95 14
72652 72652 500 166.6667 normal random 0.3 1000 1.9 0.05 14
72652 72652 500 166.6667 normal random 0.3 1000 1.9 0.5 14
72652 72652 500 166.6667 normal random 0.3 1000 1.9 0.95 14
72652 72652 500 166.6667 normal random 0.3 10000 1.9 0.05 14
72652 72652 500 166.6667 normal random 0.3 10000 1.9 0.5 14
72652 72652 500 166.6667 normal random 0.3 10000 1.9 0.95 14
72652 72652 500 166.6667 normal random 0.6 0 1.9 0.05 14
72652 72652 500 166.6667 normal random 0.6 0 1.9 0.5 14
72652 72652 500 166.6667 normal random 0.6 0 1.9 0.95 14
72652 72652 500 166.6667 normal random 0.6 100 1.9 0.05 14
72652 72652 500 166.6667 normal random 0.6 100 1.9 0.5 14
72652 72652 500 166.6667 normal random 0.6 100 1.9 0.95 14
72652 72652 500 166.6667 normal random 0.6 1000 1.9 0.05 14
72652 72652 500 166.6667 normal random 0.6 1000 1.9 0.5 14
72652 72652 500 166.6667 normal random 0.6 1000 1.9 0.95 14
72652 72652 500 166.6667 normal random 0.6 10000 1.9 0.05 14
72652 72652 500 166.6667 normal random 0.6 10000 1.9 0.5 14
72652 72652 500 166.6667 normal random 0.6 10000 1.9 0.95 14
