4329604 4329604 10 3.3333 normal random 0.05 0 0.05 0.05 14
4329604 4329604 10 3.3333 normal random 0.05 0 0.05 0.5 14
4329604 4329604 10 3.3333 normal random 0.05 0 0.05 0.95 14
4329604 4329604 10 3.3333 normal random 0.05 0 0.5 0.05 14
4329604 4329604 10 3.3333 normal random 0.05 0 0.5 0.5 14
4329604 4329604 10 3.3333 normal random 0.05 0 0.5 0.95 14
4329604 4329604 10 3.3333 normal random 0.05 0 0.95 0.05 14
4329604 4329604 10 3.3333 normal random 0.05 0 0.95 0.5 14
4329604 4329604 10 3.3333 normal random 0.05 0 0.95 0.95 14
4329604 4329604 10 3.3333 normal random 0.05 0 1.4 0.05 14
4329604 4329604 10 3.3333 normal random 0.05 0 1.4 0.5 14
4329604 4329604 10 3.3333 normal random 0.05 0 1.4 0.95 14
4329604 4329604 10 3.3333 normal random 0.05 0 1.9 0.05 14
4329604 4329604 10 3.3333 normal random 0.05 0 1.9 0.5 14
4329604 4329604 10 3.3333 normal random 0.05 0 1.9 0.95 14
4329604 4329604 10 3.3333 normal random 0.05 100 0.05 0.05 14
4329604 4329604 10 3.3333 normal random 0.05 100 0.05 0.5 14
4329604 4329604 10 3.3333 normal random 0.05 100 0.05 0.95 14
4329604 4329604 10 3.3333 normal random 0.05 100 0.5 0.05 14
4329604 4329604 10 3.3333 normal random 0.05 100 0.5 0.5 14
4329604 4329604 10 3.3333 normal random 0.05 100 0.5 0.95 14
4329604 4329604 10 3.3333 normal random 0.05 100 0.95 0.05 14
4329604 4329604 10 3.3333 normal random 0.05 100 0.95 0.5 14
4329604 4329604 10 3.3333 normal random 0.05 100 0.95 0.95 14
4329604 4329604 10 3.3333 normal random 0.05 100 1.4 0.05 14
4329604 4329604 10 3.3333 normal random 0.05 100 1.4 0.5 14
4329604 4329604 10 3.3333 normal random 0.05 100 1.4 0.95 14
4329604 4329604 10 3.3333 normal random 0.05 100 1.9 0.05 14
4329604 4329604 10 3.3333 normal random 0.05 100 1.9 0.5 14
4329604 4329604 10 3.3333 normal random 0.05 100 1.9 0.95 14
4329604 4329604 10 3.3333 normal random 0.05 1000 0.05 0.05 14
4329604 4329604 10 3.3333 normal random 0.05 1000 0.05 0.5 14
4329604 4329604 10 3.3333 normal random 0.05 1000 0.05 0.95 14
4329604 4329604 10 3.3333 normal random 0.05 1000 0.5 0.05 14
4329604 4329604 10 3.3333 normal random 0.05 1000 0.5 0.5 14
4329604 4329604 10 3.3333 normal random 0.05 1000 0.5 0.95 14
4329604 4329604 10 3.3333 normal random 0.05 1000 0.95 0.05 14
4329604 4329604 10 3.3333 normal random 0.05 1000 0.95 0.5 14
4329604 4329604 10 3.3333 normal random 0.05 1000 0.95 0.95 14
4329604 4329604 10 3.3333 normal random 0.05 1000 1.4 0.05 14
4329604 4329604 10 3.3333 normal random 0.05 1000 1.4 0.5 14
4329604 4329604 10 3.3333 normal random 0.05 1000 1.4 0.95 14
4329604 4329604 10 3.3333 normal random 0.05 1000 1.9 0.05 14
4329604 4329604 10 3.3333 normal random 0.05 1000 1.9 0.5 14
4329604 4329604 10 3.3333 normal random 0.05 1000 1.9 0.95 14
4329604 4329604 10 3.3333 normal random 0.05 10000 0.05 0.05 14
4329604 4329604 10 3.3333 normal random 0.05 10000 0.05 0.5 14
4329604 4329604 10 3.3333 normal random 0.05 10000 0.05 0.95 14
4329604 4329604 10 3.3333 normal random 0.05 10000 0.5 0.05 14
4329604 4329604 10 3.3333 normal random 0.05 10000 0.5 0.5 14
4329604 4329604 10 3.3333 normal random 0.05 10000 0.5 0.95 14
4329604 4329604 10 3.3333 normal random 0.05 10000 0.95 0.05 14
4329604 4329604 10 3.3333 normal random 0.05 10000 0.95 0.5 14
4329604 4329604 10 3.3333 normal random 0.05 10000 0.95 0.95 14
4329604 4329604 10 3.3333 normal random 0.05 10000 1.4 0.05 14
4329604 4329604 10 3.3333 normal random 0.05 10000 1.4 0.5 14
4329604 4329604 10 3.3333 normal random 0.05 10000 1.4 0.95 14
4329604 4329604 10 3.3333 normal random 0.05 10000 1.9 0.05 14
4329604 4329604 10 3.3333 normal random 0.05 10000 1.9 0.5 14
4329604 4329604 10 3.3333 normal random 0.05 10000 1.9 0.95 14
4329604 4329604 10 3.3333 normal random 0.3 0 0.05 0.05 14
4329604 4329604 10 3.3333 normal random 0.3 0 0.05 0.5 14
4329604 4329604 10 3.3333 normal random 0.3 0 0.05 0.95 14
4329604 4329604 10 3.3333 normal random 0.3 0 0.5 0.05 14
4329604 4329604 10 3.3333 normal random 0.3 0 0.5 0.5 14
4329604 4329604 10 3.3333 normal random 0.3 0 0.5 0.95 14
4329604 4329604 10 3.3333 normal random 0.3 0 0.95 0.05 14
4329604 4329604 10 3.3333 normal random 0.3 0 0.95 0.5 14
4329604 4329604 10 3.3333 normal random 0.3 0 0.95 0.95 14
4329604 4329604 10 3.3333 normal random 0.3 0 1.4 0.05 14
4329604 4329604 10 3.3333 normal random 0.3 0 1.4 0.5 14
4329604 4329604 10 3.3333 normal random 0.3 0 1.4 0.95 14
4329604 4329604 10 3.3333 normal random 0.3 0 1.9 0.05 14
4329604 4329604 10 3.3333 normal random 0.3 0 1.9 0.5 14
4329604 4329604 10 3.3333 normal random 0.3 0 1.9 0.95 14
4329604 4329604 10 3.3333 normal random 0.3 100 0.05 0.05 14
4329604 4329604 10 3.3333 normal random 0.3 100 0.05 0.5 14
4329604 4329604 10 3.3333 normal random 0.3 100 0.05 0.95 14
4329604 4329604 10 3.3333 normal random 0.3 100 0.5 0.05 14
4329604 4329604 10 3.3333 normal random 0.3 100 0.5 0.5 14
4329604 4329604 10 3.3333 normal random 0.3 100 0.5 0.95 14
4329604 4329604 10 3.3333 normal random 0.3 100 0.95 0.05 14
4329604 4329604 10 3.3333 normal random 0.3 100 0.95 0.5 14
4329604 4329604 10 3.3333 normal random 0.3 100 0.95 0.95 14
4329604 4329604 10 3.3333 normal random 0.3 100 1.4 0.05 14
4329604 4329604 10 3.3333 normal random 0.3 100 1.4 0.5 14
4329604 4329604 10 3.3333 normal random 0.3 100 1.4 0.95 14
4329604 4329604 10 3.3333 normal random 0.3 100 1.9 0.05 14
4329604 4329604 10 3.3333 normal random 0.3 100 1.9 0.5 14
4329604 4329604 10 3.3333 normal random 0.3 100 1.9 0.95 14
4329604 4329604 10 3.3333 normal random 0.3 1000 0.05 0.05 14
4329604 4329604 10 3.3333 normal random 0.3 1000 0.05 0.5 14
4329604 4329604 10 3.3333 normal random 0.3 1000 0.05 0.95 14
4329604 4329604 10 3.3333 normal random 0.3 1000 0.5 0.05 14
4329604 4329604 10 3.3333 normal random 0.3 1000 0.5 0.5 14
4329604 4329604 10 3.3333 normal random 0.3 1000 0.5 0.95 14
4329604 4329604 10 3.3333 normal random 0.3 1000 0.95 0.05 14
4329604 4329604 10 3.3333 normal random 0.3 1000 0.95 0.5 14
4329604 4329604 10 3.3333 normal random 0.3 1000 0.95 0.95 14
4329604 4329604 10 3.3333 normal random 0.3 1000 1.4 0.05 14
4329604 4329604 10 3.3333 normal random 0.3 1000 1.4 0.5 14
4329604 4329604 10 3.3333 normal random 0.3 1000 1.4 0.95 14
4329604 4329604 10 3.3333 normal random 0.3 1000 1.9 0.05 14
4329604 4329604 10 3.3333 normal random 0.3 1000 1.9 0.5 14
4329604 4329604 10 3.3333 normal random 0.3 1000 1.9 0.95 14
4329604 4329604 10 3.3333 normal random 0.3 10000 0.05 0.05 14
4329604 4329604 10 3.3333 normal random 0.3 10000 0.05 0.5 14
4329604 4329604 10 3.3333 normal random 0.3 10000 0.05 0.95 14
4329604 4329604 10 3.3333 normal random 0.3 10000 0.5 0.05 14
4329604 4329604 10 3.3333 normal random 0.3 10000 0.5 0.5 14
4329604 4329604 10 3.3333 normal random 0.3 10000 0.5 0.95 14
4329604 4329604 10 3.3333 normal random 0.3 10000 0.95 0.05 14
4329604 4329604 10 3.3333 normal random 0.3 10000 0.95 0.5 14
4329604 4329604 10 3.3333 normal random 0.3 10000 0.95 0.95 14
4329604 4329604 10 3.3333 normal random 0.3 10000 1.4 0.05 14
4329604 4329604 10 3.3333 normal random 0.3 10000 1.4 0.5 14
4329604 4329604 10 3.3333 normal random 0.3 10000 1.4 0.95 14
4329604 4329604 10 3.3333 normal random 0.3 10000 1.9 0.05 14
4329604 4329604 10 3.3333 normal random 0.3 10000 1.9 0.5 14
4329604 4329604 10 3.3333 normal random 0.3 10000 1.9 0.95 14
4329604 4329604 10 3.3333 normal random 0.6 0 0.05 0.05 14
4329604 4329604 10 3.3333 normal random 0.6 0 0.05 0.5 14
4329604 4329604 10 3.3333 normal random 0.6 0 0.05 0.95 14
4329604 4329604 10 3.3333 normal random 0.6 0 0.5 0.05 14
4329604 4329604 10 3.3333 normal random 0.6 0 0.5 0.5 14
4329604 4329604 10 3.3333 normal random 0.6 0 0.5 0.95 14
4329604 4329604 10 3.3333 normal random 0.6 0 0.95 0.05 14
4329604 4329604 10 3.3333 normal random 0.6 0 0.95 0.5 14
4329604 4329604 10 3.3333 normal random 0.6 0 0.95 0.95 14
4329604 4329604 10 3.3333 normal random 0.6 0 1.4 0.05 14
4329604 4329604 10 3.3333 normal random 0.6 0 1.4 0.5 14
4329604 4329604 10 3.3333 normal random 0.6 0 1.4 0.95 14
4329604 4329604 10 3.3333 normal random 0.6 0 1.9 0.05 14
4329604 4329604 10 3.3333 normal random 0.6 0 1.9 0.5 14
4329604 4329604 10 3.3333 normal random 0.6 0 1.9 0.95 14
4329604 4329604 10 3.3333 normal random 0.6 100 0.05 0.05 14
4329604 4329604 10 3.3333 normal random 0.6 100 0.05 0.5 14
4329604 4329604 10 3.3333 normal random 0.6 100 0.05 0.95 14
4329604 4329604 10 3.3333 normal random 0.6 100 0.5 0.05 14
4329604 4329604 10 3.3333 normal random 0.6 100 0.5 0.5 14
4329604 4329604 10 3.3333 normal random 0.6 100 0.5 0.95 14
4329604 4329604 10 3.3333 normal random 0.6 100 0.95 0.05 14
4329604 4329604 10 3.3333 normal random 0.6 100 0.95 0.5 14
4329604 4329604 10 3.3333 normal random 0.6 100 0.95 0.95 14
4329604 4329604 10 3.3333 normal random 0.6 100 1.4 0.05 14
4329604 4329604 10 3.3333 normal random 0.6 100 1.4 0.5 14
4329604 4329604 10 3.3333 normal random 0.6 100 1.4 0.95 14
4329604 4329604 10 3.3333 normal random 0.6 100 1.9 0.05 14
4329604 4329604 10 3.3333 normal random 0.6 100 1.9 0.5 14
4329604 4329604 10 3.3333 normal random 0.6 100 1.9 0.95 14
4329604 4329604 10 3.3333 normal random 0.6 1000 0.05 0.05 14
4329604 4329604 10 3.3333 normal random 0.6 1000 0.05 0.5 14
4329604 4329604 10 3.3333 normal random 0.6 1000 0.05 0.95 14
4329604 4329604 10 3.3333 normal random 0.6 1000 0.5 0.05 14
4329604 4329604 10 3.3333 normal random 0.6 1000 0.5 0.5 14
4329604 4329604 10 3.3333 normal random 0.6 1000 0.5 0.95 14
4329604 4329604 10 3.3333 normal random 0.6 1000 0.95 0.05 14
4329604 4329604 10 3.3333 normal random 0.6 1000 0.95 0.5 14
4329604 4329604 10 3.3333 normal random 0.6 1000 0.95 0.95 14
4329604 4329604 10 3.3333 normal random 0.6 1000 1.4 0.05 14
4329604 4329604 10 3.3333 normal random 0.6 1000 1.4 0.5 14
4329604 4329604 10 3.3333 normal random 0.6 1000 1.4 0.95 14
4329604 4329604 10 3.3333 normal random 0.6 1000 1.9 0.05 14
4329604 4329604 10 3.3333 normal random 0.6 1000 1.9 0.5 14
4329604 4329604 10 3.3333 normal random 0.6 1000 1.9 0.95 14
4329604 4329604 10 3.3333 normal random 0.6 10000 0.05 0.05 14
4329604 4329604 10 3.3333 normal random 0.6 10000 0.05 0.5 14
4329604 4329604 10 3.3333 normal random 0.6 10000 0.05 0.95 14
4329604 4329604 10 3.3333 normal random 0.6 10000 0.5 0.05 14
4329604 4329604 10 3.3333 normal random 0.6 10000 0.5 0.5 14
4329604 4329604 10 3.3333 normal random 0.6 10000 0.5 0.95 14
4329604 4329604 10 3.3333 normal random 0.6 10000 0.95 0.05 14
4329604 4329604 10 3.3333 normal random 0.6 10000 0.95 0.5 14
4329604 4329604 10 3.3333 normal random 0.6 10000 0.95 0.95 14
4329604 4329604 10 3.3333 normal random 0.6 10000 1.4 0.05 14
4329604 4329604 10 3.3333 normal random 0.6 10000 1.4 0.5 14
4329604 4329604 10 3.3333 normal random 0.6 10000 1.4 0.95 14
4329604 4329604 10 3.3333 normal random 0.6 10000 1.9 0.05 14
4329604 4329604 10 3.3333 normal random 0.6 10000 1.9 0.5 14
4329604 4329604 10 3.3333 normal random 0.6 10000 1.9 0.95 14
6925675 6925675 10 3.3333 normal random 0.05 0 0.05 0.05 14
6925675 6925675 10 3.3333 normal random 0.05 0 0.05 0.5 14
6925675 6925675 10 3.3333 normal random 0.05 0 0.05 0.95 14
6925675 6925675 10 3.3333 normal random 0.05 0 0.5 0.05 14
6925675 6925675 10 3.3333 normal random 0.05 0 0.5 0.5 14
6925675 6925675 10 3.3333 normal random 0.05 0 0.5 0.95 14
6925675 6925675 10 3.3333 normal random 0.05 0 0.95 0.05 14
6925675 6925675 10 3.3333 normal random 0.05 0 0.95 0.5 14
6925675 6925675 10 3.3333 normal random 0.05 0 0.95 0.95 14
6925675 6925675 10 3.3333 normal random 0.05 0 1.4 0.05 14
6925675 6925675 10 3.3333 normal random 0.05 0 1.4 0.5 14
6925675 6925675 10 3.3333 normal random 0.05 0 1.4 0.95 14
6925675 6925675 10 3.3333 normal random 0.05 0 1.9 0.05 14
6925675 6925675 10 3.3333 normal random 0.05 0 1.9 0.5 14
6925675 6925675 10 3.3333 normal random 0.05 0 1.9 0.95 14
6925675 6925675 10 3.3333 normal random 0.05 100 0.05 0.05 14
6925675 6925675 10 3.3333 normal random 0.05 100 0.05 0.5 14
6925675 6925675 10 3.3333 normal random 0.05 100 0.05 0.95 14
6925675 6925675 10 3.3333 normal random 0.05 100 0.5 0.05 14
6925675 6925675 10 3.3333 normal random 0.05 100 0.5 0.5 14
6925675 6925675 10 3.3333 normal random 0.05 100 0.5 0.95 14
6925675 6925675 10 3.3333 normal random 0.05 100 0.95 0.05 14
6925675 6925675 10 3.3333 normal random 0.05 100 0.95 0.5 14
6925675 6925675 10 3.3333 normal random 0.05 100 0.95 0.95 14
6925675 6925675 10 3.3333 normal random 0.05 100 1.4 0.05 14
6925675 6925675 10 3.3333 normal random 0.05 100 1.4 0.5 14
6925675 6925675 10 3.3333 normal random 0.05 100 1.4 0.95 14
6925675 6925675 10 3.3333 normal random 0.05 100 1.9 0.05 14
6925675 6925675 10 3.3333 normal random 0.05 100 1.9 0.5 14
6925675 6925675 10 3.3333 normal random 0.05 100 1.9 0.95 14
6925675 6925675 10 3.3333 normal random 0.05 1000 0.05 0.05 14
6925675 6925675 10 3.3333 normal random 0.05 1000 0.05 0.5 14
6925675 6925675 10 3.3333 normal random 0.05 1000 0.05 0.95 14
6925675 6925675 10 3.3333 normal random 0.05 1000 0.5 0.05 14
6925675 6925675 10 3.3333 normal random 0.05 1000 0.5 0.5 14
6925675 6925675 10 3.3333 normal random 0.05 1000 0.5 0.95 14
6925675 6925675 10 3.3333 normal random 0.05 1000 0.95 0.05 14
6925675 6925675 10 3.3333 normal random 0.05 1000 0.95 0.5 14
6925675 6925675 10 3.3333 normal random 0.05 1000 0.95 0.95 14
6925675 6925675 10 3.3333 normal random 0.05 1000 1.4 0.05 14
6925675 6925675 10 3.3333 normal random 0.05 1000 1.4 0.5 14
6925675 6925675 10 3.3333 normal random 0.05 1000 1.4 0.95 14
6925675 6925675 10 3.3333 normal random 0.05 1000 1.9 0.05 14
6925675 6925675 10 3.3333 normal random 0.05 1000 1.9 0.5 14
6925675 6925675 10 3.3333 normal random 0.05 1000 1.9 0.95 14
6925675 6925675 10 3.3333 normal random 0.05 10000 0.05 0.05 14
6925675 6925675 10 3.3333 normal random 0.05 10000 0.05 0.5 14
6925675 6925675 10 3.3333 normal random 0.05 10000 0.05 0.95 14
6925675 6925675 10 3.3333 normal random 0.05 10000 0.5 0.05 14
6925675 6925675 10 3.3333 normal random 0.05 10000 0.5 0.5 14
6925675 6925675 10 3.3333 normal random 0.05 10000 0.5 0.95 14
6925675 6925675 10 3.3333 normal random 0.05 10000 0.95 0.05 14
6925675 6925675 10 3.3333 normal random 0.05 10000 0.95 0.5 14
6925675 6925675 10 3.3333 normal random 0.05 10000 0.95 0.95 14
6925675 6925675 10 3.3333 normal random 0.05 10000 1.4 0.05 14
6925675 6925675 10 3.3333 normal random 0.05 10000 1.4 0.5 14
6925675 6925675 10 3.3333 normal random 0.05 10000 1.4 0.95 14
6925675 6925675 10 3.3333 normal random 0.05 10000 1.9 0.05 14
6925675 6925675 10 3.3333 normal random 0.05 10000 1.9 0.5 14
6925675 6925675 10 3.3333 normal random 0.05 10000 1.9 0.95 14
6925675 6925675 10 3.3333 normal random 0.3 0 0.05 0.05 14
6925675 6925675 10 3.3333 normal random 0.3 0 0.05 0.5 14
6925675 6925675 10 3.3333 normal random 0.3 0 0.05 0.95 14
6925675 6925675 10 3.3333 normal random 0.3 0 0.5 0.05 14
6925675 6925675 10 3.3333 normal random 0.3 0 0.5 0.5 14
6925675 6925675 10 3.3333 normal random 0.3 0 0.5 0.95 14
6925675 6925675 10 3.3333 normal random 0.3 0 0.95 0.05 14
6925675 6925675 10 3.3333 normal random 0.3 0 0.95 0.5 14
6925675 6925675 10 3.3333 normal random 0.3 0 0.95 0.95 14
6925675 6925675 10 3.3333 normal random 0.3 0 1.4 0.05 14
6925675 6925675 10 3.3333 normal random 0.3 0 1.4 0.5 14
6925675 6925675 10 3.3333 normal random 0.3 0 1.4 0.95 14
6925675 6925675 10 3.3333 normal random 0.3 0 1.9 0.05 14
6925675 6925675 10 3.3333 normal random 0.3 0 1.9 0.5 14
6925675 6925675 10 3.3333 normal random 0.3 0 1.9 0.95 14
6925675 6925675 10 3.3333 normal random 0.3 100 0.05 0.05 14
6925675 6925675 10 3.3333 normal random 0.3 100 0.05 0.5 14
6925675 6925675 10 3.3333 normal random 0.3 100 0.05 0.95 14
6925675 6925675 10 3.3333 normal random 0.3 100 0.5 0.05 14
6925675 6925675 10 3.3333 normal random 0.3 100 0.5 0.5 14
6925675 6925675 10 3.3333 normal random 0.3 100 0.5 0.95 14
6925675 6925675 10 3.3333 normal random 0.3 100 0.95 0.05 14
6925675 6925675 10 3.3333 normal random 0.3 100 0.95 0.5 14
6925675 6925675 10 3.3333 normal random 0.3 100 0.95 0.95 14
6925675 6925675 10 3.3333 normal random 0.3 100 1.4 0.05 14
6925675 6925675 10 3.3333 normal random 0.3 100 1.4 0.5 14
6925675 6925675 10 3.3333 normal random 0.3 100 1.4 0.95 14
6925675 6925675 10 3.3333 normal random 0.3 100 1.9 0.05 14
6925675 6925675 10 3.3333 normal random 0.3 100 1.9 0.5 14
6925675 6925675 10 3.3333 normal random 0.3 100 1.9 0.95 14
6925675 6925675 10 3.3333 normal random 0.3 1000 0.05 0.05 14
6925675 6925675 10 3.3333 normal random 0.3 1000 0.05 0.5 14
6925675 6925675 10 3.3333 normal random 0.3 1000 0.05 0.95 14
6925675 6925675 10 3.3333 normal random 0.3 1000 0.5 0.05 14
6925675 6925675 10 3.3333 normal random 0.3 1000 0.5 0.5 14
6925675 6925675 10 3.3333 normal random 0.3 1000 0.5 0.95 14
6925675 6925675 10 3.3333 normal random 0.3 1000 0.95 0.05 14
6925675 6925675 10 3.3333 normal random 0.3 1000 0.95 0.5 14
6925675 6925675 10 3.3333 normal random 0.3 1000 0.95 0.95 14
6925675 6925675 10 3.3333 normal random 0.3 1000 1.4 0.05 14
6925675 6925675 10 3.3333 normal random 0.3 1000 1.4 0.5 14
6925675 6925675 10 3.3333 normal random 0.3 1000 1.4 0.95 14
6925675 6925675 10 3.3333 normal random 0.3 1000 1.9 0.05 14
6925675 6925675 10 3.3333 normal random 0.3 1000 1.9 0.5 14
6925675 6925675 10 3.3333 normal random 0.3 1000 1.9 0.95 14
6925675 6925675 10 3.3333 normal random 0.3 10000 0.05 0.05 14
6925675 6925675 10 3.3333 normal random 0.3 10000 0.05 0.5 14
6925675 6925675 10 3.3333 normal random 0.3 10000 0.05 0.95 14
6925675 6925675 10 3.3333 normal random 0.3 10000 0.5 0.05 14
6925675 6925675 10 3.3333 normal random 0.3 10000 0.5 0.5 14
6925675 6925675 10 3.3333 normal random 0.3 10000 0.5 0.95 14
6925675 6925675 10 3.3333 normal random 0.3 10000 0.95 0.05 14
6925675 6925675 10 3.3333 normal random 0.3 10000 0.95 0.5 14
6925675 6925675 10 3.3333 normal random 0.3 10000 0.95 0.95 14
6925675 6925675 10 3.3333 normal random 0.3 10000 1.4 0.05 14
6925675 6925675 10 3.3333 normal random 0.3 10000 1.4 0.5 14
6925675 6925675 10 3.3333 normal random 0.3 10000 1.4 0.95 14
6925675 6925675 10 3.3333 normal random 0.3 10000 1.9 0.05 14
6925675 6925675 10 3.3333 normal random 0.3 10000 1.9 0.5 14
6925675 6925675 10 3.3333 normal random 0.3 10000 1.9 0.95 14
6925675 6925675 10 3.3333 normal random 0.6 0 0.05 0.05 14
6925675 6925675 10 3.3333 normal random 0.6 0 0.05 0.5 14
6925675 6925675 10 3.3333 normal random 0.6 0 0.05 0.95 14
6925675 6925675 10 3.3333 normal random 0.6 0 0.5 0.05 14
6925675 6925675 10 3.3333 normal random 0.6 0 0.5 0.5 14
6925675 6925675 10 3.3333 normal random 0.6 0 0.5 0.95 14
6925675 6925675 10 3.3333 normal random 0.6 0 0.95 0.05 14
6925675 6925675 10 3.3333 normal random 0.6 0 0.95 0.5 14
6925675 6925675 10 3.3333 normal random 0.6 0 0.95 0.95 14
6925675 6925675 10 3.3333 normal random 0.6 0 1.4 0.05 14
6925675 6925675 10 3.3333 normal random 0.6 0 1.4 0.5 14
6925675 6925675 10 3.3333 normal random 0.6 0 1.4 0.95 14
6925675 6925675 10 3.3333 normal random 0.6 0 1.9 0.05 14
6925675 6925675 10 3.3333 normal random 0.6 0 1.9 0.5 14
6925675 6925675 10 3.3333 normal random 0.6 0 1.9 0.95 14
6925675 6925675 10 3.3333 normal random 0.6 100 0.05 0.05 14
6925675 6925675 10 3.3333 normal random 0.6 100 0.05 0.5 14
6925675 6925675 10 3.3333 normal random 0.6 100 0.05 0.95 14
6925675 6925675 10 3.3333 normal random 0.6 100 0.5 0.05 14
6925675 6925675 10 3.3333 normal random 0.6 100 0.5 0.5 14
6925675 6925675 10 3.3333 normal random 0.6 100 0.5 0.95 14
6925675 6925675 10 3.3333 normal random 0.6 100 0.95 0.05 14
6925675 6925675 10 3.3333 normal random 0.6 100 0.95 0.5 14
6925675 6925675 10 3.3333 normal random 0.6 100 0.95 0.95 14
6925675 6925675 10 3.3333 normal random 0.6 100 1.4 0.05 14
6925675 6925675 10 3.3333 normal random 0.6 100 1.4 0.5 14
6925675 6925675 10 3.3333 normal random 0.6 100 1.4 0.95 14
6925675 6925675 10 3.3333 normal random 0.6 100 1.9 0.05 14
6925675 6925675 10 3.3333 normal random 0.6 100 1.9 0.5 14
6925675 6925675 10 3.3333 normal random 0.6 100 1.9 0.95 14
6925675 6925675 10 3.3333 normal random 0.6 1000 0.05 0.05 14
6925675 6925675 10 3.3333 normal random 0.6 1000 0.05 0.5 14
6925675 6925675 10 3.3333 normal random 0.6 1000 0.05 0.95 14
6925675 6925675 10 3.3333 normal random 0.6 1000 0.5 0.05 14
6925675 6925675 10 3.3333 normal random 0.6 1000 0.5 0.5 14
6925675 6925675 10 3.3333 normal random 0.6 1000 0.5 0.95 14
6925675 6925675 10 3.3333 normal random 0.6 1000 0.95 0.05 14
6925675 6925675 10 3.3333 normal random 0.6 1000 0.95 0.5 14
6925675 6925675 10 3.3333 normal random 0.6 1000 0.95 0.95 14
6925675 6925675 10 3.3333 normal random 0.6 1000 1.4 0.05 14
6925675 6925675 10 3.3333 normal random 0.6 1000 1.4 0.5 14
6925675 6925675 10 3.3333 normal random 0.6 1000 1.4 0.95 14
6925675 6925675 10 3.3333 normal random 0.6 1000 1.9 0.05 14
6925675 6925675 10 3.3333 normal random 0.6 1000 1.9 0.5 14
6925675 6925675 10 3.3333 normal random 0.6 1000 1.9 0.95 14
6925675 6925675 10 3.3333 normal random 0.6 10000 0.05 0.05 14
6925675 6925675 10 3.3333 normal random 0.6 10000 0.05 0.5 14
6925675 6925675 10 3.3333 normal random 0.6 10000 0.05 0.95 14
6925675 6925675 10 3.3333 normal random 0.6 10000 0.5 0.05 14
6925675 6925675 10 3.3333 normal random 0.6 10000 0.5 0.5 14
6925675 6925675 10 3.3333 normal random 0.6 10000 0.5 0.95 14
6925675 6925675 10 3.3333 normal random 0.6 10000 0.95 0.05 14
6925675 6925675 10 3.3333 normal random 0.6 10000 0.95 0.5 14
6925675 6925675 10 3.3333 normal random 0.6 10000 0.95 0.95 14
6925675 6925675 10 3.3333 normal random 0.6 10000 1.4 0.05 14
6925675 6925675 10 3.3333 normal random 0.6 10000 1.4 0.5 14
6925675 6925675 10 3.3333 normal random 0.6 10000 1.4 0.95 14
6925675 6925675 10 3.3333 normal random 0.6 10000 1.9 0.05 14
6925675 6925675 10 3.3333 normal random 0.6 10000 1.9 0.5 14
6925675 6925675 10 3.3333 normal random 0.6 10000 1.9 0.95 14
9521746 9521746 10 3.3333 normal random 0.05 0 0.05 0.05 14
9521746 9521746 10 3.3333 normal random 0.05 0 0.05 0.5 14
9521746 9521746 10 3.3333 normal random 0.05 0 0.05 0.95 14
9521746 9521746 10 3.3333 normal random 0.05 0 0.5 0.05 14
9521746 9521746 10 3.3333 normal random 0.05 0 0.5 0.5 14
9521746 9521746 10 3.3333 normal random 0.05 0 0.5 0.95 14
9521746 9521746 10 3.3333 normal random 0.05 0 0.95 0.05 14
9521746 9521746 10 3.3333 normal random 0.05 0 0.95 0.5 14
9521746 9521746 10 3.3333 normal random 0.05 0 0.95 0.95 14
9521746 9521746 10 3.3333 normal random 0.05 0 1.4 0.05 14
9521746 9521746 10 3.3333 normal random 0.05 0 1.4 0.5 14
9521746 9521746 10 3.3333 normal random 0.05 0 1.4 0.95 14
9521746 9521746 10 3.3333 normal random 0.05 0 1.9 0.05 14
9521746 9521746 10 3.3333 normal random 0.05 0 1.9 0.5 14
9521746 9521746 10 3.3333 normal random 0.05 0 1.9 0.95 14
9521746 9521746 10 3.3333 normal random 0.05 100 0.05 0.05 14
9521746 9521746 10 3.3333 normal random 0.05 100 0.05 0.5 14
9521746 9521746 10 3.3333 normal random 0.05 100 0.05 0.95 14
9521746 9521746 10 3.3333 normal random 0.05 100 0.5 0.05 14
9521746 9521746 10 3.3333 normal random 0.05 100 0.5 0.5 14
9521746 9521746 10 3.3333 normal random 0.05 100 0.5 0.95 14
9521746 9521746 10 3.3333 normal random 0.05 100 0.95 0.05 14
9521746 9521746 10 3.3333 normal random 0.05 100 0.95 0.5 14
9521746 9521746 10 3.3333 normal random 0.05 100 0.95 0.95 14
9521746 9521746 10 3.3333 normal random 0.05 100 1.4 0.05 14
9521746 9521746 10 3.3333 normal random 0.05 100 1.4 0.5 14
9521746 9521746 10 3.3333 normal random 0.05 100 1.4 0.95 14
9521746 9521746 10 3.3333 normal random 0.05 100 1.9 0.05 14
9521746 9521746 10 3.3333 normal random 0.05 100 1.9 0.5 14
9521746 9521746 10 3.3333 normal random 0.05 100 1.9 0.95 14
9521746 9521746 10 3.3333 normal random 0.05 1000 0.05 0.05 14
9521746 9521746 10 3.3333 normal random 0.05 1000 0.05 0.5 14
9521746 9521746 10 3.3333 normal random 0.05 1000 0.05 0.95 14
9521746 9521746 10 3.3333 normal random 0.05 1000 0.5 0.05 14
9521746 9521746 10 3.3333 normal random 0.05 1000 0.5 0.5 14
9521746 9521746 10 3.3333 normal random 0.05 1000 0.5 0.95 14
9521746 9521746 10 3.3333 normal random 0.05 1000 0.95 0.05 14
9521746 9521746 10 3.3333 normal random 0.05 1000 0.95 0.5 14
9521746 9521746 10 3.3333 normal random 0.05 1000 0.95 0.95 14
9521746 9521746 10 3.3333 normal random 0.05 1000 1.4 0.05 14
9521746 9521746 10 3.3333 normal random 0.05 1000 1.4 0.5 14
9521746 9521746 10 3.3333 normal random 0.05 1000 1.4 0.95 14
9521746 9521746 10 3.3333 normal random 0.05 1000 1.9 0.05 14
9521746 9521746 10 3.3333 normal random 0.05 1000 1.9 0.5 14
9521746 9521746 10 3.3333 normal random 0.05 1000 1.9 0.95 14
9521746 9521746 10 3.3333 normal random 0.05 10000 0.05 0.05 14
9521746 9521746 10 3.3333 normal random 0.05 10000 0.05 0.5 14
9521746 9521746 10 3.3333 normal random 0.05 10000 0.05 0.95 14
9521746 9521746 10 3.3333 normal random 0.05 10000 0.5 0.05 14
9521746 9521746 10 3.3333 normal random 0.05 10000 0.5 0.5 14
9521746 9521746 10 3.3333 normal random 0.05 10000 0.5 0.95 14
9521746 9521746 10 3.3333 normal random 0.05 10000 0.95 0.05 14
9521746 9521746 10 3.3333 normal random 0.05 10000 0.95 0.5 14
9521746 9521746 10 3.3333 normal random 0.05 10000 0.95 0.95 14
9521746 9521746 10 3.3333 normal random 0.05 10000 1.4 0.05 14
9521746 9521746 10 3.3333 normal random 0.05 10000 1.4 0.5 14
9521746 9521746 10 3.3333 normal random 0.05 10000 1.4 0.95 14
9521746 9521746 10 3.3333 normal random 0.05 10000 1.9 0.05 14
9521746 9521746 10 3.3333 normal random 0.05 10000 1.9 0.5 14
9521746 9521746 10 3.3333 normal random 0.05 10000 1.9 0.95 14
9521746 9521746 10 3.3333 normal random 0.3 0 0.05 0.05 14
9521746 9521746 10 3.3333 normal random 0.3 0 0.05 0.5 14
9521746 9521746 10 3.3333 normal random 0.3 0 0.05 0.95 14
9521746 9521746 10 3.3333 normal random 0.3 0 0.5 0.05 14
9521746 9521746 10 3.3333 normal random 0.3 0 0.5 0.5 14
9521746 9521746 10 3.3333 normal random 0.3 0 0.5 0.95 14
9521746 9521746 10 3.3333 normal random 0.3 0 0.95 0.05 14
9521746 9521746 10 3.3333 normal random 0.3 0 0.95 0.5 14
9521746 9521746 10 3.3333 normal random 0.3 0 0.95 0.95 14
9521746 9521746 10 3.3333 normal random 0.3 0 1.4 0.05 14
9521746 9521746 10 3.3333 normal random 0.3 0 1.4 0.5 14
9521746 9521746 10 3.3333 normal random 0.3 0 1.4 0.95 14
9521746 9521746 10 3.3333 normal random 0.3 0 1.9 0.05 14
9521746 9521746 10 3.3333 normal random 0.3 0 1.9 0.5 14
9521746 9521746 10 3.3333 normal random 0.3 0 1.9 0.95 14
9521746 9521746 10 3.3333 normal random 0.3 100 0.05 0.05 14
9521746 9521746 10 3.3333 normal random 0.3 100 0.05 0.5 14
9521746 9521746 10 3.3333 normal random 0.3 100 0.05 0.95 14
9521746 9521746 10 3.3333 normal random 0.3 100 0.5 0.05 14
9521746 9521746 10 3.3333 normal random 0.3 100 0.5 0.5 14
9521746 9521746 10 3.3333 normal random 0.3 100 0.5 0.95 14
9521746 9521746 10 3.3333 normal random 0.3 100 0.95 0.05 14
9521746 9521746 10 3.3333 normal random 0.3 100 0.95 0.5 14
9521746 9521746 10 3.3333 normal random 0.3 100 0.95 0.95 14
9521746 9521746 10 3.3333 normal random 0.3 100 1.4 0.05 14
9521746 9521746 10 3.3333 normal random 0.3 100 1.4 0.5 14
9521746 9521746 10 3.3333 normal random 0.3 100 1.4 0.95 14
9521746 9521746 10 3.3333 normal random 0.3 100 1.9 0.05 14
9521746 9521746 10 3.3333 normal random 0.3 100 1.9 0.5 14
9521746 9521746 10 3.3333 normal random 0.3 100 1.9 0.95 14
9521746 9521746 10 3.3333 normal random 0.3 1000 0.05 0.05 14
9521746 9521746 10 3.3333 normal random 0.3 1000 0.05 0.5 14
9521746 9521746 10 3.3333 normal random 0.3 1000 0.05 0.95 14
9521746 9521746 10 3.3333 normal random 0.3 1000 0.5 0.05 14
9521746 9521746 10 3.3333 normal random 0.3 1000 0.5 0.5 14
9521746 9521746 10 3.3333 normal random 0.3 1000 0.5 0.95 14
9521746 9521746 10 3.3333 normal random 0.3 1000 0.95 0.05 14
9521746 9521746 10 3.3333 normal random 0.3 1000 0.95 0.5 14
9521746 9521746 10 3.3333 normal random 0.3 1000 0.95 0.95 14
9521746 9521746 10 3.3333 normal random 0.3 1000 1.4 0.05 14
9521746 9521746 10 3.3333 normal random 0.3 1000 1.4 0.5 14
9521746 9521746 10 3.3333 normal random 0.3 1000 1.4 0.95 14
9521746 9521746 10 3.3333 normal random 0.3 1000 1.9 0.05 14
9521746 9521746 10 3.3333 normal random 0.3 1000 1.9 0.5 14
9521746 9521746 10 3.3333 normal random 0.3 1000 1.9 0.95 14
9521746 9521746 10 3.3333 normal random 0.3 10000 0.05 0.05 14
9521746 9521746 10 3.3333 normal random 0.3 10000 0.05 0.5 14
9521746 9521746 10 3.3333 normal random 0.3 10000 0.05 0.95 14
9521746 9521746 10 3.3333 normal random 0.3 10000 0.5 0.05 14
9521746 9521746 10 3.3333 normal random 0.3 10000 0.5 0.5 14
9521746 9521746 10 3.3333 normal random 0.3 10000 0.5 0.95 14
9521746 9521746 10 3.3333 normal random 0.3 10000 0.95 0.05 14
9521746 9521746 10 3.3333 normal random 0.3 10000 0.95 0.5 14
9521746 9521746 10 3.3333 normal random 0.3 10000 0.95 0.95 14
9521746 9521746 10 3.3333 normal random 0.3 10000 1.4 0.05 14
9521746 9521746 10 3.3333 normal random 0.3 10000 1.4 0.5 14
9521746 9521746 10 3.3333 normal random 0.3 10000 1.4 0.95 14
9521746 9521746 10 3.3333 normal random 0.3 10000 1.9 0.05 14
9521746 9521746 10 3.3333 normal random 0.3 10000 1.9 0.5 14
9521746 9521746 10 3.3333 normal random 0.3 10000 1.9 0.95 14
9521746 9521746 10 3.3333 normal random 0.6 0 0.05 0.05 14
9521746 9521746 10 3.3333 normal random 0.6 0 0.05 0.5 14
9521746 9521746 10 3.3333 normal random 0.6 0 0.05 0.95 14
9521746 9521746 10 3.3333 normal random 0.6 0 0.5 0.05 14
9521746 9521746 10 3.3333 normal random 0.6 0 0.5 0.5 14
9521746 9521746 10 3.3333 normal random 0.6 0 0.5 0.95 14
9521746 9521746 10 3.3333 normal random 0.6 0 0.95 0.05 14
9521746 9521746 10 3.3333 normal random 0.6 0 0.95 0.5 14
9521746 9521746 10 3.3333 normal random 0.6 0 0.95 0.95 14
9521746 9521746 10 3.3333 normal random 0.6 0 1.4 0.05 14
9521746 9521746 10 3.3333 normal random 0.6 0 1.4 0.5 14
9521746 9521746 10 3.3333 normal random 0.6 0 1.4 0.95 14
9521746 9521746 10 3.3333 normal random 0.6 0 1.9 0.05 14
9521746 9521746 10 3.3333 normal random 0.6 0 1.9 0.5 14
9521746 9521746 10 3.3333 normal random 0.6 0 1.9 0.95 14
9521746 9521746 10 3.3333 normal random 0.6 100 0.05 0.05 14
9521746 9521746 10 3.3333 normal random 0.6 100 0.05 0.5 14
9521746 9521746 10 3.3333 normal random 0.6 100 0.05 0.95 14
9521746 9521746 10 3.3333 normal random 0.6 100 0.5 0.05 14
9521746 9521746 10 3.3333 normal random 0.6 100 0.5 0.5 14
9521746 9521746 10 3.3333 normal random 0.6 100 0.5 0.95 14
9521746 9521746 10 3.3333 normal random 0.6 100 0.95 0.05 14
9521746 9521746 10 3.3333 normal random 0.6 100 0.95 0.5 14
9521746 9521746 10 3.3333 normal random 0.6 100 0.95 0.95 14
9521746 9521746 10 3.3333 normal random 0.6 100 1.4 0.05 14
9521746 9521746 10 3.3333 normal random 0.6 100 1.4 0.5 14
9521746 9521746 10 3.3333 normal random 0.6 100 1.4 0.95 14
9521746 9521746 10 3.3333 normal random 0.6 100 1.9 0.05 14
9521746 9521746 10 3.3333 normal random 0.6 100 1.9 0.5 14
9521746 9521746 10 3.3333 normal random 0.6 100 1.9 0.95 14
9521746 9521746 10 3.3333 normal random 0.6 1000 0.05 0.05 14
9521746 9521746 10 3.3333 normal random 0.6 1000 0.05 0.5 14
9521746 9521746 10 3.3333 normal random 0.6 1000 0.05 0.95 14
9521746 9521746 10 3.3333 normal random 0.6 1000 0.5 0.05 14
9521746 9521746 10 3.3333 normal random 0.6 1000 0.5 0.5 14
9521746 9521746 10 3.3333 normal random 0.6 1000 0.5 0.95 14
9521746 9521746 10 3.3333 normal random 0.6 1000 0.95 0.05 14
9521746 9521746 10 3.3333 normal random 0.6 1000 0.95 0.5 14
9521746 9521746 10 3.3333 normal random 0.6 1000 0.95 0.95 14
9521746 9521746 10 3.3333 normal random 0.6 1000 1.4 0.05 14
9521746 9521746 10 3.3333 normal random 0.6 1000 1.4 0.5 14
9521746 9521746 10 3.3333 normal random 0.6 1000 1.4 0.95 14
9521746 9521746 10 3.3333 normal random 0.6 1000 1.9 0.05 14
9521746 9521746 10 3.3333 normal random 0.6 1000 1.9 0.5 14
9521746 9521746 10 3.3333 normal random 0.6 1000 1.9 0.95 14
9521746 9521746 10 3.3333 normal random 0.6 10000 0.05 0.05 14
9521746 9521746 10 3.3333 normal random 0.6 10000 0.05 0.5 14
9521746 9521746 10 3.3333 normal random 0.6 10000 0.05 0.95 14
9521746 9521746 10 3.3333 normal random 0.6 10000 0.5 0.05 14
9521746 9521746 10 3.3333 normal random 0.6 10000 0.5 0.5 14
9521746 9521746 10 3.3333 normal random 0.6 10000 0.5 0.95 14
9521746 9521746 10 3.3333 normal random 0.6 10000 0.95 0.05 14
9521746 9521746 10 3.3333 normal random 0.6 10000 0.95 0.5 14
9521746 9521746 10 3.3333 normal random 0.6 10000 0.95 0.95 14
9521746 9521746 10 3.3333 normal random 0.6 10000 1.4 0.05 14
9521746 9521746 10 3.3333 normal random 0.6 10000 1.4 0.5 14
9521746 9521746 10 3.3333 normal random 0.6 10000 1.4 0.95 14
9521746 9521746 10 3.3333 normal random 0.6 10000 1.9 0.05 14
9521746 9521746 10 3.3333 normal random 0.6 10000 1.9 0.5 14
9521746 9521746 10 3.3333 normal random 0.6 10000 1.9 0.95 14
12117817 12117817 10 3.3333 normal random 0.05 0 0.05 0.05 14
12117817 12117817 10 3.3333 normal random 0.05 0 0.05 0.5 14
12117817 12117817 10 3.3333 normal random 0.05 0 0.05 0.95 14
12117817 12117817 10 3.3333 normal random 0.05 0 0.5 0.05 14
12117817 12117817 10 3.3333 normal random 0.05 0 0.5 0.5 14
12117817 12117817 10 3.3333 normal random 0.05 0 0.5 0.95 14
12117817 12117817 10 3.3333 normal random 0.05 0 0.95 0.05 14
12117817 12117817 10 3.3333 normal random 0.05 0 0.95 0.5 14
12117817 12117817 10 3.3333 normal random 0.05 0 0.95 0.95 14
12117817 12117817 10 3.3333 normal random 0.05 0 1.4 0.05 14
12117817 12117817 10 3.3333 normal random 0.05 0 1.4 0.5 14
12117817 12117817 10 3.3333 normal random 0.05 0 1.4 0.95 14
12117817 12117817 10 3.3333 normal random 0.05 0 1.9 0.05 14
12117817 12117817 10 3.3333 normal random 0.05 0 1.9 0.5 14
12117817 12117817 10 3.3333 normal random 0.05 0 1.9 0.95 14
12117817 12117817 10 3.3333 normal random 0.05 100 0.05 0.05 14
12117817 12117817 10 3.3333 normal random 0.05 100 0.05 0.5 14
12117817 12117817 10 3.3333 normal random 0.05 100 0.05 0.95 14
12117817 12117817 10 3.3333 normal random 0.05 100 0.5 0.05 14
12117817 12117817 10 3.3333 normal random 0.05 100 0.5 0.5 14
12117817 12117817 10 3.3333 normal random 0.05 100 0.5 0.95 14
12117817 12117817 10 3.3333 normal random 0.05 100 0.95 0.05 14
12117817 12117817 10 3.3333 normal random 0.05 100 0.95 0.5 14
12117817 12117817 10 3.3333 normal random 0.05 100 0.95 0.95 14
12117817 12117817 10 3.3333 normal random 0.05 100 1.4 0.05 14
12117817 12117817 10 3.3333 normal random 0.05 100 1.4 0.5 14
12117817 12117817 10 3.3333 normal random 0.05 100 1.4 0.95 14
12117817 12117817 10 3.3333 normal random 0.05 100 1.9 0.05 14
12117817 12117817 10 3.3333 normal random 0.05 100 1.9 0.5 14
12117817 12117817 10 3.3333 normal random 0.05 100 1.9 0.95 14
12117817 12117817 10 3.3333 normal random 0.05 1000 0.05 0.05 14
12117817 12117817 10 3.3333 normal random 0.05 1000 0.05 0.5 14
12117817 12117817 10 3.3333 normal random 0.05 1000 0.05 0.95 14
12117817 12117817 10 3.3333 normal random 0.05 1000 0.5 0.05 14
12117817 12117817 10 3.3333 normal random 0.05 1000 0.5 0.5 14
12117817 12117817 10 3.3333 normal random 0.05 1000 0.5 0.95 14
12117817 12117817 10 3.3333 normal random 0.05 1000 0.95 0.05 14
12117817 12117817 10 3.3333 normal random 0.05 1000 0.95 0.5 14
12117817 12117817 10 3.3333 normal random 0.05 1000 0.95 0.95 14
12117817 12117817 10 3.3333 normal random 0.05 1000 1.4 0.05 14
12117817 12117817 10 3.3333 normal random 0.05 1000 1.4 0.5 14
12117817 12117817 10 3.3333 normal random 0.05 1000 1.4 0.95 14
12117817 12117817 10 3.3333 normal random 0.05 1000 1.9 0.05 14
12117817 12117817 10 3.3333 normal random 0.05 1000 1.9 0.5 14
12117817 12117817 10 3.3333 normal random 0.05 1000 1.9 0.95 14
12117817 12117817 10 3.3333 normal random 0.05 10000 0.05 0.05 14
12117817 12117817 10 3.3333 normal random 0.05 10000 0.05 0.5 14
12117817 12117817 10 3.3333 normal random 0.05 10000 0.05 0.95 14
12117817 12117817 10 3.3333 normal random 0.05 10000 0.5 0.05 14
12117817 12117817 10 3.3333 normal random 0.05 10000 0.5 0.5 14
12117817 12117817 10 3.3333 normal random 0.05 10000 0.5 0.95 14
12117817 12117817 10 3.3333 normal random 0.05 10000 0.95 0.05 14
12117817 12117817 10 3.3333 normal random 0.05 10000 0.95 0.5 14
12117817 12117817 10 3.3333 normal random 0.05 10000 0.95 0.95 14
12117817 12117817 10 3.3333 normal random 0.05 10000 1.4 0.05 14
12117817 12117817 10 3.3333 normal random 0.05 10000 1.4 0.5 14
12117817 12117817 10 3.3333 normal random 0.05 10000 1.4 0.95 14
12117817 12117817 10 3.3333 normal random 0.05 10000 1.9 0.05 14
12117817 12117817 10 3.3333 normal random 0.05 10000 1.9 0.5 14
12117817 12117817 10 3.3333 normal random 0.05 10000 1.9 0.95 14
12117817 12117817 10 3.3333 normal random 0.3 0 0.05 0.05 14
12117817 12117817 10 3.3333 normal random 0.3 0 0.05 0.5 14
12117817 12117817 10 3.3333 normal random 0.3 0 0.05 0.95 14
12117817 12117817 10 3.3333 normal random 0.3 0 0.5 0.05 14
12117817 12117817 10 3.3333 normal random 0.3 0 0.5 0.5 14
12117817 12117817 10 3.3333 normal random 0.3 0 0.5 0.95 14
12117817 12117817 10 3.3333 normal random 0.3 0 0.95 0.05 14
12117817 12117817 10 3.3333 normal random 0.3 0 0.95 0.5 14
12117817 12117817 10 3.3333 normal random 0.3 0 0.95 0.95 14
12117817 12117817 10 3.3333 normal random 0.3 0 1.4 0.05 14
12117817 12117817 10 3.3333 normal random 0.3 0 1.4 0.5 14
12117817 12117817 10 3.3333 normal random 0.3 0 1.4 0.95 14
12117817 12117817 10 3.3333 normal random 0.3 0 1.9 0.05 14
12117817 12117817 10 3.3333 normal random 0.3 0 1.9 0.5 14
12117817 12117817 10 3.3333 normal random 0.3 0 1.9 0.95 14
12117817 12117817 10 3.3333 normal random 0.3 100 0.05 0.05 14
12117817 12117817 10 3.3333 normal random 0.3 100 0.05 0.5 14
12117817 12117817 10 3.3333 normal random 0.3 100 0.05 0.95 14
12117817 12117817 10 3.3333 normal random 0.3 100 0.5 0.05 14
12117817 12117817 10 3.3333 normal random 0.3 100 0.5 0.5 14
12117817 12117817 10 3.3333 normal random 0.3 100 0.5 0.95 14
12117817 12117817 10 3.3333 normal random 0.3 100 0.95 0.05 14
12117817 12117817 10 3.3333 normal random 0.3 100 0.95 0.5 14
12117817 12117817 10 3.3333 normal random 0.3 100 0.95 0.95 14
12117817 12117817 10 3.3333 normal random 0.3 100 1.4 0.05 14
12117817 12117817 10 3.3333 normal random 0.3 100 1.4 0.5 14
12117817 12117817 10 3.3333 normal random 0.3 100 1.4 0.95 14
12117817 12117817 10 3.3333 normal random 0.3 100 1.9 0.05 14
12117817 12117817 10 3.3333 normal random 0.3 100 1.9 0.5 14
12117817 12117817 10 3.3333 normal random 0.3 100 1.9 0.95 14
12117817 12117817 10 3.3333 normal random 0.3 1000 0.05 0.05 14
12117817 12117817 10 3.3333 normal random 0.3 1000 0.05 0.5 14
12117817 12117817 10 3.3333 normal random 0.3 1000 0.05 0.95 14
12117817 12117817 10 3.3333 normal random 0.3 1000 0.5 0.05 14
12117817 12117817 10 3.3333 normal random 0.3 1000 0.5 0.5 14
12117817 12117817 10 3.3333 normal random 0.3 1000 0.5 0.95 14
12117817 12117817 10 3.3333 normal random 0.3 1000 0.95 0.05 14
12117817 12117817 10 3.3333 normal random 0.3 1000 0.95 0.5 14
12117817 12117817 10 3.3333 normal random 0.3 1000 0.95 0.95 14
12117817 12117817 10 3.3333 normal random 0.3 1000 1.4 0.05 14
12117817 12117817 10 3.3333 normal random 0.3 1000 1.4 0.5 14
12117817 12117817 10 3.3333 normal random 0.3 1000 1.4 0.95 14
12117817 12117817 10 3.3333 normal random 0.3 1000 1.9 0.05 14
12117817 12117817 10 3.3333 normal random 0.3 1000 1.9 0.5 14
12117817 12117817 10 3.3333 normal random 0.3 1000 1.9 0.95 14
12117817 12117817 10 3.3333 normal random 0.3 10000 0.05 0.05 14
12117817 12117817 10 3.3333 normal random 0.3 10000 0.05 0.5 14
12117817 12117817 10 3.3333 normal random 0.3 10000 0.05 0.95 14
12117817 12117817 10 3.3333 normal random 0.3 10000 0.5 0.05 14
12117817 12117817 10 3.3333 normal random 0.3 10000 0.5 0.5 14
12117817 12117817 10 3.3333 normal random 0.3 10000 0.5 0.95 14
12117817 12117817 10 3.3333 normal random 0.3 10000 0.95 0.05 14
12117817 12117817 10 3.3333 normal random 0.3 10000 0.95 0.5 14
12117817 12117817 10 3.3333 normal random 0.3 10000 0.95 0.95 14
12117817 12117817 10 3.3333 normal random 0.3 10000 1.4 0.05 14
12117817 12117817 10 3.3333 normal random 0.3 10000 1.4 0.5 14
12117817 12117817 10 3.3333 normal random 0.3 10000 1.4 0.95 14
12117817 12117817 10 3.3333 normal random 0.3 10000 1.9 0.05 14
12117817 12117817 10 3.3333 normal random 0.3 10000 1.9 0.5 14
12117817 12117817 10 3.3333 normal random 0.3 10000 1.9 0.95 14
12117817 12117817 10 3.3333 normal random 0.6 0 0.05 0.05 14
12117817 12117817 10 3.3333 normal random 0.6 0 0.05 0.5 14
12117817 12117817 10 3.3333 normal random 0.6 0 0.05 0.95 14
12117817 12117817 10 3.3333 normal random 0.6 0 0.5 0.05 14
12117817 12117817 10 3.3333 normal random 0.6 0 0.5 0.5 14
12117817 12117817 10 3.3333 normal random 0.6 0 0.5 0.95 14
12117817 12117817 10 3.3333 normal random 0.6 0 0.95 0.05 14
12117817 12117817 10 3.3333 normal random 0.6 0 0.95 0.5 14
12117817 12117817 10 3.3333 normal random 0.6 0 0.95 0.95 14
12117817 12117817 10 3.3333 normal random 0.6 0 1.4 0.05 14
12117817 12117817 10 3.3333 normal random 0.6 0 1.4 0.5 14
12117817 12117817 10 3.3333 normal random 0.6 0 1.4 0.95 14
12117817 12117817 10 3.3333 normal random 0.6 0 1.9 0.05 14
12117817 12117817 10 3.3333 normal random 0.6 0 1.9 0.5 14
12117817 12117817 10 3.3333 normal random 0.6 0 1.9 0.95 14
12117817 12117817 10 3.3333 normal random 0.6 100 0.05 0.05 14
12117817 12117817 10 3.3333 normal random 0.6 100 0.05 0.5 14
12117817 12117817 10 3.3333 normal random 0.6 100 0.05 0.95 14
12117817 12117817 10 3.3333 normal random 0.6 100 0.5 0.05 14
12117817 12117817 10 3.3333 normal random 0.6 100 0.5 0.5 14
12117817 12117817 10 3.3333 normal random 0.6 100 0.5 0.95 14
12117817 12117817 10 3.3333 normal random 0.6 100 0.95 0.05 14
12117817 12117817 10 3.3333 normal random 0.6 100 0.95 0.5 14
12117817 12117817 10 3.3333 normal random 0.6 100 0.95 0.95 14
12117817 12117817 10 3.3333 normal random 0.6 100 1.4 0.05 14
12117817 12117817 10 3.3333 normal random 0.6 100 1.4 0.5 14
12117817 12117817 10 3.3333 normal random 0.6 100 1.4 0.95 14
12117817 12117817 10 3.3333 normal random 0.6 100 1.9 0.05 14
12117817 12117817 10 3.3333 normal random 0.6 100 1.9 0.5 14
12117817 12117817 10 3.3333 normal random 0.6 100 1.9 0.95 14
12117817 12117817 10 3.3333 normal random 0.6 1000 0.05 0.05 14
12117817 12117817 10 3.3333 normal random 0.6 1000 0.05 0.5 14
12117817 12117817 10 3.3333 normal random 0.6 1000 0.05 0.95 14
12117817 12117817 10 3.3333 normal random 0.6 1000 0.5 0.05 14
12117817 12117817 10 3.3333 normal random 0.6 1000 0.5 0.5 14
12117817 12117817 10 3.3333 normal random 0.6 1000 0.5 0.95 14
12117817 12117817 10 3.3333 normal random 0.6 1000 0.95 0.05 14
12117817 12117817 10 3.3333 normal random 0.6 1000 0.95 0.5 14
12117817 12117817 10 3.3333 normal random 0.6 1000 0.95 0.95 14
12117817 12117817 10 3.3333 normal random 0.6 1000 1.4 0.05 14
12117817 12117817 10 3.3333 normal random 0.6 1000 1.4 0.5 14
12117817 12117817 10 3.3333 normal random 0.6 1000 1.4 0.95 14
12117817 12117817 10 3.3333 normal random 0.6 1000 1.9 0.05 14
12117817 12117817 10 3.3333 normal random 0.6 1000 1.9 0.5 14
12117817 12117817 10 3.3333 normal random 0.6 1000 1.9 0.95 14
12117817 12117817 10 3.3333 normal random 0.6 10000 0.05 0.05 14
12117817 12117817 10 3.3333 normal random 0.6 10000 0.05 0.5 14
12117817 12117817 10 3.3333 normal random 0.6 10000 0.05 0.95 14
12117817 12117817 10 3.3333 normal random 0.6 10000 0.5 0.05 14
12117817 12117817 10 3.3333 normal random 0.6 10000 0.5 0.5 14
12117817 12117817 10 3.3333 normal random 0.6 10000 0.5 0.95 14
12117817 12117817 10 3.3333 normal random 0.6 10000 0.95 0.05 14
12117817 12117817 10 3.3333 normal random 0.6 10000 0.95 0.5 14
12117817 12117817 10 3.3333 normal random 0.6 10000 0.95 0.95 14
12117817 12117817 10 3.3333 normal random 0.6 10000 1.4 0.05 14
12117817 12117817 10 3.3333 normal random 0.6 10000 1.4 0.5 14
12117817 12117817 10 3.3333 normal random 0.6 10000 1.4 0.95 14
12117817 12117817 10 3.3333 normal random 0.6 10000 1.9 0.05 14
12117817 12117817 10 3.3333 normal random 0.6 10000 1.9 0.5 14
12117817 12117817 10 3.3333 normal random 0.6 10000 1.9 0.95 14
14713889 14713889 10 3.3333 normal random 0.05 0 0.05 0.05 14
14713889 14713889 10 3.3333 normal random 0.05 0 0.05 0.5 14
14713889 14713889 10 3.3333 normal random 0.05 0 0.05 0.95 14
14713889 14713889 10 3.3333 normal random 0.05 0 0.5 0.05 14
14713889 14713889 10 3.3333 normal random 0.05 0 0.5 0.5 14
14713889 14713889 10 3.3333 normal random 0.05 0 0.5 0.95 14
14713889 14713889 10 3.3333 normal random 0.05 0 0.95 0.05 14
14713889 14713889 10 3.3333 normal random 0.05 0 0.95 0.5 14
14713889 14713889 10 3.3333 normal random 0.05 0 0.95 0.95 14
14713889 14713889 10 3.3333 normal random 0.05 0 1.4 0.05 14
14713889 14713889 10 3.3333 normal random 0.05 0 1.4 0.5 14
14713889 14713889 10 3.3333 normal random 0.05 0 1.4 0.95 14
14713889 14713889 10 3.3333 normal random 0.05 0 1.9 0.05 14
14713889 14713889 10 3.3333 normal random 0.05 0 1.9 0.5 14
14713889 14713889 10 3.3333 normal random 0.05 0 1.9 0.95 14
14713889 14713889 10 3.3333 normal random 0.05 100 0.05 0.05 14
14713889 14713889 10 3.3333 normal random 0.05 100 0.05 0.5 14
14713889 14713889 10 3.3333 normal random 0.05 100 0.05 0.95 14
14713889 14713889 10 3.3333 normal random 0.05 100 0.5 0.05 14
14713889 14713889 10 3.3333 normal random 0.05 100 0.5 0.5 14
14713889 14713889 10 3.3333 normal random 0.05 100 0.5 0.95 14
14713889 14713889 10 3.3333 normal random 0.05 100 0.95 0.05 14
14713889 14713889 10 3.3333 normal random 0.05 100 0.95 0.5 14
14713889 14713889 10 3.3333 normal random 0.05 100 0.95 0.95 14
14713889 14713889 10 3.3333 normal random 0.05 100 1.4 0.05 14
14713889 14713889 10 3.3333 normal random 0.05 100 1.4 0.5 14
14713889 14713889 10 3.3333 normal random 0.05 100 1.4 0.95 14
14713889 14713889 10 3.3333 normal random 0.05 100 1.9 0.05 14
14713889 14713889 10 3.3333 normal random 0.05 100 1.9 0.5 14
14713889 14713889 10 3.3333 normal random 0.05 100 1.9 0.95 14
14713889 14713889 10 3.3333 normal random 0.05 1000 0.05 0.05 14
14713889 14713889 10 3.3333 normal random 0.05 1000 0.05 0.5 14
14713889 14713889 10 3.3333 normal random 0.05 1000 0.05 0.95 14
14713889 14713889 10 3.3333 normal random 0.05 1000 0.5 0.05 14
14713889 14713889 10 3.3333 normal random 0.05 1000 0.5 0.5 14
14713889 14713889 10 3.3333 normal random 0.05 1000 0.5 0.95 14
14713889 14713889 10 3.3333 normal random 0.05 1000 0.95 0.05 14
14713889 14713889 10 3.3333 normal random 0.05 1000 0.95 0.5 14
14713889 14713889 10 3.3333 normal random 0.05 1000 0.95 0.95 14
14713889 14713889 10 3.3333 normal random 0.05 1000 1.4 0.05 14
14713889 14713889 10 3.3333 normal random 0.05 1000 1.4 0.5 14
14713889 14713889 10 3.3333 normal random 0.05 1000 1.4 0.95 14
14713889 14713889 10 3.3333 normal random 0.05 1000 1.9 0.05 14
14713889 14713889 10 3.3333 normal random 0.05 1000 1.9 0.5 14
14713889 14713889 10 3.3333 normal random 0.05 1000 1.9 0.95 14
14713889 14713889 10 3.3333 normal random 0.05 10000 0.05 0.05 14
14713889 14713889 10 3.3333 normal random 0.05 10000 0.05 0.5 14
14713889 14713889 10 3.3333 normal random 0.05 10000 0.05 0.95 14
14713889 14713889 10 3.3333 normal random 0.05 10000 0.5 0.05 14
14713889 14713889 10 3.3333 normal random 0.05 10000 0.5 0.5 14
14713889 14713889 10 3.3333 normal random 0.05 10000 0.5 0.95 14
14713889 14713889 10 3.3333 normal random 0.05 10000 0.95 0.05 14
14713889 14713889 10 3.3333 normal random 0.05 10000 0.95 0.5 14
14713889 14713889 10 3.3333 normal random 0.05 10000 0.95 0.95 14
14713889 14713889 10 3.3333 normal random 0.05 10000 1.4 0.05 14
14713889 14713889 10 3.3333 normal random 0.05 10000 1.4 0.5 14
14713889 14713889 10 3.3333 normal random 0.05 10000 1.4 0.95 14
14713889 14713889 10 3.3333 normal random 0.05 10000 1.9 0.05 14
14713889 14713889 10 3.3333 normal random 0.05 10000 1.9 0.5 14
14713889 14713889 10 3.3333 normal random 0.05 10000 1.9 0.95 14
14713889 14713889 10 3.3333 normal random 0.3 0 0.05 0.05 14
14713889 14713889 10 3.3333 normal random 0.3 0 0.05 0.5 14
14713889 14713889 10 3.3333 normal random 0.3 0 0.05 0.95 14
14713889 14713889 10 3.3333 normal random 0.3 0 0.5 0.05 14
14713889 14713889 10 3.3333 normal random 0.3 0 0.5 0.5 14
14713889 14713889 10 3.3333 normal random 0.3 0 0.5 0.95 14
14713889 14713889 10 3.3333 normal random 0.3 0 0.95 0.05 14
14713889 14713889 10 3.3333 normal random 0.3 0 0.95 0.5 14
14713889 14713889 10 3.3333 normal random 0.3 0 0.95 0.95 14
14713889 14713889 10 3.3333 normal random 0.3 0 1.4 0.05 14
14713889 14713889 10 3.3333 normal random 0.3 0 1.4 0.5 14
14713889 14713889 10 3.3333 normal random 0.3 0 1.4 0.95 14
14713889 14713889 10 3.3333 normal random 0.3 0 1.9 0.05 14
14713889 14713889 10 3.3333 normal random 0.3 0 1.9 0.5 14
14713889 14713889 10 3.3333 normal random 0.3 0 1.9 0.95 14
14713889 14713889 10 3.3333 normal random 0.3 100 0.05 0.05 14
14713889 14713889 10 3.3333 normal random 0.3 100 0.05 0.5 14
14713889 14713889 10 3.3333 normal random 0.3 100 0.05 0.95 14
14713889 14713889 10 3.3333 normal random 0.3 100 0.5 0.05 14
14713889 14713889 10 3.3333 normal random 0.3 100 0.5 0.5 14
14713889 14713889 10 3.3333 normal random 0.3 100 0.5 0.95 14
14713889 14713889 10 3.3333 normal random 0.3 100 0.95 0.05 14
14713889 14713889 10 3.3333 normal random 0.3 100 0.95 0.5 14
14713889 14713889 10 3.3333 normal random 0.3 100 0.95 0.95 14
14713889 14713889 10 3.3333 normal random 0.3 100 1.4 0.05 14
14713889 14713889 10 3.3333 normal random 0.3 100 1.4 0.5 14
14713889 14713889 10 3.3333 normal random 0.3 100 1.4 0.95 14
14713889 14713889 10 3.3333 normal random 0.3 100 1.9 0.05 14
14713889 14713889 10 3.3333 normal random 0.3 100 1.9 0.5 14
14713889 14713889 10 3.3333 normal random 0.3 100 1.9 0.95 14
14713889 14713889 10 3.3333 normal random 0.3 1000 0.05 0.05 14
14713889 14713889 10 3.3333 normal random 0.3 1000 0.05 0.5 14
14713889 14713889 10 3.3333 normal random 0.3 1000 0.05 0.95 14
14713889 14713889 10 3.3333 normal random 0.3 1000 0.5 0.05 14
14713889 14713889 10 3.3333 normal random 0.3 1000 0.5 0.5 14
14713889 14713889 10 3.3333 normal random 0.3 1000 0.5 0.95 14
14713889 14713889 10 3.3333 normal random 0.3 1000 0.95 0.05 14
14713889 14713889 10 3.3333 normal random 0.3 1000 0.95 0.5 14
14713889 14713889 10 3.3333 normal random 0.3 1000 0.95 0.95 14
14713889 14713889 10 3.3333 normal random 0.3 1000 1.4 0.05 14
14713889 14713889 10 3.3333 normal random 0.3 1000 1.4 0.5 14
14713889 14713889 10 3.3333 normal random 0.3 1000 1.4 0.95 14
14713889 14713889 10 3.3333 normal random 0.3 1000 1.9 0.05 14
14713889 14713889 10 3.3333 normal random 0.3 1000 1.9 0.5 14
14713889 14713889 10 3.3333 normal random 0.3 1000 1.9 0.95 14
14713889 14713889 10 3.3333 normal random 0.3 10000 0.05 0.05 14
14713889 14713889 10 3.3333 normal random 0.3 10000 0.05 0.5 14
14713889 14713889 10 3.3333 normal random 0.3 10000 0.05 0.95 14
14713889 14713889 10 3.3333 normal random 0.3 10000 0.5 0.05 14
14713889 14713889 10 3.3333 normal random 0.3 10000 0.5 0.5 14
14713889 14713889 10 3.3333 normal random 0.3 10000 0.5 0.95 14
14713889 14713889 10 3.3333 normal random 0.3 10000 0.95 0.05 14
14713889 14713889 10 3.3333 normal random 0.3 10000 0.95 0.5 14
14713889 14713889 10 3.3333 normal random 0.3 10000 0.95 0.95 14
14713889 14713889 10 3.3333 normal random 0.3 10000 1.4 0.05 14
14713889 14713889 10 3.3333 normal random 0.3 10000 1.4 0.5 14
14713889 14713889 10 3.3333 normal random 0.3 10000 1.4 0.95 14
14713889 14713889 10 3.3333 normal random 0.3 10000 1.9 0.05 14
14713889 14713889 10 3.3333 normal random 0.3 10000 1.9 0.5 14
14713889 14713889 10 3.3333 normal random 0.3 10000 1.9 0.95 14
14713889 14713889 10 3.3333 normal random 0.6 0 0.05 0.05 14
14713889 14713889 10 3.3333 normal random 0.6 0 0.05 0.5 14
14713889 14713889 10 3.3333 normal random 0.6 0 0.05 0.95 14
14713889 14713889 10 3.3333 normal random 0.6 0 0.5 0.05 14
14713889 14713889 10 3.3333 normal random 0.6 0 0.5 0.5 14
14713889 14713889 10 3.3333 normal random 0.6 0 0.5 0.95 14
14713889 14713889 10 3.3333 normal random 0.6 0 0.95 0.05 14
14713889 14713889 10 3.3333 normal random 0.6 0 0.95 0.5 14
14713889 14713889 10 3.3333 normal random 0.6 0 0.95 0.95 14
14713889 14713889 10 3.3333 normal random 0.6 0 1.4 0.05 14
14713889 14713889 10 3.3333 normal random 0.6 0 1.4 0.5 14
14713889 14713889 10 3.3333 normal random 0.6 0 1.4 0.95 14
14713889 14713889 10 3.3333 normal random 0.6 0 1.9 0.05 14
14713889 14713889 10 3.3333 normal random 0.6 0 1.9 0.5 14
14713889 14713889 10 3.3333 normal random 0.6 0 1.9 0.95 14
14713889 14713889 10 3.3333 normal random 0.6 100 0.05 0.05 14
14713889 14713889 10 3.3333 normal random 0.6 100 0.05 0.5 14
14713889 14713889 10 3.3333 normal random 0.6 100 0.05 0.95 14
14713889 14713889 10 3.3333 normal random 0.6 100 0.5 0.05 14
14713889 14713889 10 3.3333 normal random 0.6 100 0.5 0.5 14
14713889 14713889 10 3.3333 normal random 0.6 100 0.5 0.95 14
14713889 14713889 10 3.3333 normal random 0.6 100 0.95 0.05 14
14713889 14713889 10 3.3333 normal random 0.6 100 0.95 0.5 14
14713889 14713889 10 3.3333 normal random 0.6 100 0.95 0.95 14
14713889 14713889 10 3.3333 normal random 0.6 100 1.4 0.05 14
14713889 14713889 10 3.3333 normal random 0.6 100 1.4 0.5 14
14713889 14713889 10 3.3333 normal random 0.6 100 1.4 0.95 14
14713889 14713889 10 3.3333 normal random 0.6 100 1.9 0.05 14
14713889 14713889 10 3.3333 normal random 0.6 100 1.9 0.5 14
14713889 14713889 10 3.3333 normal random 0.6 100 1.9 0.95 14
14713889 14713889 10 3.3333 normal random 0.6 1000 0.05 0.05 14
14713889 14713889 10 3.3333 normal random 0.6 1000 0.05 0.5 14
14713889 14713889 10 3.3333 normal random 0.6 1000 0.05 0.95 14
14713889 14713889 10 3.3333 normal random 0.6 1000 0.5 0.05 14
14713889 14713889 10 3.3333 normal random 0.6 1000 0.5 0.5 14
14713889 14713889 10 3.3333 normal random 0.6 1000 0.5 0.95 14
14713889 14713889 10 3.3333 normal random 0.6 1000 0.95 0.05 14
14713889 14713889 10 3.3333 normal random 0.6 1000 0.95 0.5 14
14713889 14713889 10 3.3333 normal random 0.6 1000 0.95 0.95 14
14713889 14713889 10 3.3333 normal random 0.6 1000 1.4 0.05 14
14713889 14713889 10 3.3333 normal random 0.6 1000 1.4 0.5 14
14713889 14713889 10 3.3333 normal random 0.6 1000 1.4 0.95 14
14713889 14713889 10 3.3333 normal random 0.6 1000 1.9 0.05 14
14713889 14713889 10 3.3333 normal random 0.6 1000 1.9 0.5 14
14713889 14713889 10 3.3333 normal random 0.6 1000 1.9 0.95 14
14713889 14713889 10 3.3333 normal random 0.6 10000 0.05 0.05 14
14713889 14713889 10 3.3333 normal random 0.6 10000 0.05 0.5 14
14713889 14713889 10 3.3333 normal random 0.6 10000 0.05 0.95 14
14713889 14713889 10 3.3333 normal random 0.6 10000 0.5 0.05 14
14713889 14713889 10 3.3333 normal random 0.6 10000 0.5 0.5 14
14713889 14713889 10 3.3333 normal random 0.6 10000 0.5 0.95 14
14713889 14713889 10 3.3333 normal random 0.6 10000 0.95 0.05 14
14713889 14713889 10 3.3333 normal random 0.6 10000 0.95 0.5 14
14713889 14713889 10 3.3333 normal random 0.6 10000 0.95 0.95 14
14713889 14713889 10 3.3333 normal random 0.6 10000 1.4 0.05 14
14713889 14713889 10 3.3333 normal random 0.6 10000 1.4 0.5 14
14713889 14713889 10 3.3333 normal random 0.6 10000 1.4 0.95 14
14713889 14713889 10 3.3333 normal random 0.6 10000 1.9 0.05 14
14713889 14713889 10 3.3333 normal random 0.6 10000 1.9 0.5 14
14713889 14713889 10 3.3333 normal random 0.6 10000 1.9 0.95 14
