33825 33825 10 3.3333 normal random 0.05 0 0.05 0.05 14
33825 33825 10 3.3333 normal random 0.05 0 0.05 0.5 14
33825 33825 10 3.3333 normal random 0.05 0 0.05 0.95 14
33825 33825 10 3.3333 normal random 0.05 0 0.5 0.05 14
33825 33825 10 3.3333 normal random 0.05 0 0.5 0.5 14
33825 33825 10 3.3333 normal random 0.05 0 0.5 0.95 14
33825 33825 10 3.3333 normal random 0.05 0 0.95 0.05 14
33825 33825 10 3.3333 normal random 0.05 0 0.95 0.5 14
33825 33825 10 3.3333 normal random 0.05 0 0.95 0.95 14
33825 33825 10 3.3333 normal random 0.05 0 1.4 0.05 14
33825 33825 10 3.3333 normal random 0.05 0 1.4 0.5 14
33825 33825 10 3.3333 normal random 0.05 0 1.4 0.95 14
33825 33825 10 3.3333 normal random 0.05 0 1.9 0.05 14
33825 33825 10 3.3333 normal random 0.05 0 1.9 0.5 14
33825 33825 10 3.3333 normal random 0.05 0 1.9 0.95 14
33825 33825 10 3.3333 normal random 0.05 100 0.05 0.05 14
33825 33825 10 3.3333 normal random 0.05 100 0.05 0.5 14
33825 33825 10 3.3333 normal random 0.05 100 0.05 0.95 14
33825 33825 10 3.3333 normal random 0.05 100 0.5 0.05 14
33825 33825 10 3.3333 normal random 0.05 100 0.5 0.5 14
33825 33825 10 3.3333 normal random 0.05 100 0.5 0.95 14
33825 33825 10 3.3333 normal random 0.05 100 0.95 0.05 14
33825 33825 10 3.3333 normal random 0.05 100 0.95 0.5 14
33825 33825 10 3.3333 normal random 0.05 100 0.95 0.95 14
33825 33825 10 3.3333 normal random 0.05 100 1.4 0.05 14
33825 33825 10 3.3333 normal random 0.05 100 1.4 0.5 14
33825 33825 10 3.3333 normal random 0.05 100 1.4 0.95 14
33825 33825 10 3.3333 normal random 0.05 100 1.9 0.05 14
33825 33825 10 3.3333 normal random 0.05 100 1.9 0.5 14
33825 33825 10 3.3333 normal random 0.05 100 1.9 0.95 14
33825 33825 10 3.3333 normal random 0.05 1000 0.05 0.05 14
33825 33825 10 3.3333 normal random 0.05 1000 0.05 0.5 14
33825 33825 10 3.3333 normal random 0.05 1000 0.05 0.95 14
33825 33825 10 3.3333 normal random 0.05 1000 0.5 0.05 14
33825 33825 10 3.3333 normal random 0.05 1000 0.5 0.5 14
33825 33825 10 3.3333 normal random 0.05 1000 0.5 0.95 14
33825 33825 10 3.3333 normal random 0.05 1000 0.95 0.05 14
33825 33825 10 3.3333 normal random 0.05 1000 0.95 0.5 14
33825 33825 10 3.3333 normal random 0.05 1000 0.95 0.95 14
33825 33825 10 3.3333 normal random 0.05 1000 1.4 0.05 14
33825 33825 10 3.3333 normal random 0.05 1000 1.4 0.5 14
33825 33825 10 3.3333 normal random 0.05 1000 1.4 0.95 14
33825 33825 10 3.3333 normal random 0.05 1000 1.9 0.05 14
33825 33825 10 3.3333 normal random 0.05 1000 1.9 0.5 14
33825 33825 10 3.3333 normal random 0.05 1000 1.9 0.95 14
33825 33825 10 3.3333 normal random 0.05 10000 0.05 0.05 14
33825 33825 10 3.3333 normal random 0.05 10000 0.05 0.5 14
33825 33825 10 3.3333 normal random 0.05 10000 0.05 0.95 14
33825 33825 10 3.3333 normal random 0.05 10000 0.5 0.05 14
33825 33825 10 3.3333 normal random 0.05 10000 0.5 0.5 14
33825 33825 10 3.3333 normal random 0.05 10000 0.5 0.95 14
33825 33825 10 3.3333 normal random 0.05 10000 0.95 0.05 14
33825 33825 10 3.3333 normal random 0.05 10000 0.95 0.5 14
33825 33825 10 3.3333 normal random 0.05 10000 0.95 0.95 14
33825 33825 10 3.3333 normal random 0.05 10000 1.4 0.05 14
33825 33825 10 3.3333 normal random 0.05 10000 1.4 0.5 14
33825 33825 10 3.3333 normal random 0.05 10000 1.4 0.95 14
33825 33825 10 3.3333 normal random 0.05 10000 1.9 0.05 14
33825 33825 10 3.3333 normal random 0.05 10000 1.9 0.5 14
33825 33825 10 3.3333 normal random 0.05 10000 1.9 0.95 14
33825 33825 10 3.3333 normal random 0.3 0 0.05 0.05 14
33825 33825 10 3.3333 normal random 0.3 0 0.05 0.5 14
33825 33825 10 3.3333 normal random 0.3 0 0.05 0.95 14
33825 33825 10 3.3333 normal random 0.3 0 0.5 0.05 14
33825 33825 10 3.3333 normal random 0.3 0 0.5 0.5 14
33825 33825 10 3.3333 normal random 0.3 0 0.5 0.95 14
33825 33825 10 3.3333 normal random 0.3 0 0.95 0.05 14
33825 33825 10 3.3333 normal random 0.3 0 0.95 0.5 14
33825 33825 10 3.3333 normal random 0.3 0 0.95 0.95 14
33825 33825 10 3.3333 normal random 0.3 0 1.4 0.05 14
33825 33825 10 3.3333 normal random 0.3 0 1.4 0.5 14
33825 33825 10 3.3333 normal random 0.3 0 1.4 0.95 14
33825 33825 10 3.3333 normal random 0.3 0 1.9 0.05 14
33825 33825 10 3.3333 normal random 0.3 0 1.9 0.5 14
33825 33825 10 3.3333 normal random 0.3 0 1.9 0.95 14
33825 33825 10 3.3333 normal random 0.3 100 0.05 0.05 14
33825 33825 10 3.3333 normal random 0.3 100 0.05 0.5 14
33825 33825 10 3.3333 normal random 0.3 100 0.05 0.95 14
33825 33825 10 3.3333 normal random 0.3 100 0.5 0.05 14
33825 33825 10 3.3333 normal random 0.3 100 0.5 0.5 14
33825 33825 10 3.3333 normal random 0.3 100 0.5 0.95 14
33825 33825 10 3.3333 normal random 0.3 100 0.95 0.05 14
33825 33825 10 3.3333 normal random 0.3 100 0.95 0.5 14
33825 33825 10 3.3333 normal random 0.3 100 0.95 0.95 14
33825 33825 10 3.3333 normal random 0.3 100 1.4 0.05 14
33825 33825 10 3.3333 normal random 0.3 100 1.4 0.5 14
33825 33825 10 3.3333 normal random 0.3 100 1.4 0.95 14
33825 33825 10 3.3333 normal random 0.3 100 1.9 0.05 14
33825 33825 10 3.3333 normal random 0.3 100 1.9 0.5 14
33825 33825 10 3.3333 normal random 0.3 100 1.9 0.95 14
33825 33825 10 3.3333 normal random 0.3 1000 0.05 0.05 14
33825 33825 10 3.3333 normal random 0.3 1000 0.05 0.5 14
33825 33825 10 3.3333 normal random 0.3 1000 0.05 0.95 14
33825 33825 10 3.3333 normal random 0.3 1000 0.5 0.05 14
33825 33825 10 3.3333 normal random 0.3 1000 0.5 0.5 14
33825 33825 10 3.3333 normal random 0.3 1000 0.5 0.95 14
33825 33825 10 3.3333 normal random 0.3 1000 0.95 0.05 14
33825 33825 10 3.3333 normal random 0.3 1000 0.95 0.5 14
33825 33825 10 3.3333 normal random 0.3 1000 0.95 0.95 14
33825 33825 10 3.3333 normal random 0.3 1000 1.4 0.05 14
33825 33825 10 3.3333 normal random 0.3 1000 1.4 0.5 14
33825 33825 10 3.3333 normal random 0.3 1000 1.4 0.95 14
33825 33825 10 3.3333 normal random 0.3 1000 1.9 0.05 14
33825 33825 10 3.3333 normal random 0.3 1000 1.9 0.5 14
33825 33825 10 3.3333 normal random 0.3 1000 1.9 0.95 14
33825 33825 10 3.3333 normal random 0.3 10000 0.05 0.05 14
33825 33825 10 3.3333 normal random 0.3 10000 0.05 0.5 14
33825 33825 10 3.3333 normal random 0.3 10000 0.05 0.95 14
33825 33825 10 3.3333 normal random 0.3 10000 0.5 0.05 14
33825 33825 10 3.3333 normal random 0.3 10000 0.5 0.5 14
33825 33825 10 3.3333 normal random 0.3 10000 0.5 0.95 14
33825 33825 10 3.3333 normal random 0.3 10000 0.95 0.05 14
33825 33825 10 3.3333 normal random 0.3 10000 0.95 0.5 14
33825 33825 10 3.3333 normal random 0.3 10000 0.95 0.95 14
33825 33825 10 3.3333 normal random 0.3 10000 1.4 0.05 14
33825 33825 10 3.3333 normal random 0.3 10000 1.4 0.5 14
33825 33825 10 3.3333 normal random 0.3 10000 1.4 0.95 14
33825 33825 10 3.3333 normal random 0.3 10000 1.9 0.05 14
33825 33825 10 3.3333 normal random 0.3 10000 1.9 0.5 14
33825 33825 10 3.3333 normal random 0.3 10000 1.9 0.95 14
33825 33825 10 3.3333 normal random 0.6 0 0.05 0.05 14
33825 33825 10 3.3333 normal random 0.6 0 0.05 0.5 14
33825 33825 10 3.3333 normal random 0.6 0 0.05 0.95 14
33825 33825 10 3.3333 normal random 0.6 0 0.5 0.05 14
33825 33825 10 3.3333 normal random 0.6 0 0.5 0.5 14
33825 33825 10 3.3333 normal random 0.6 0 0.5 0.95 14
33825 33825 10 3.3333 normal random 0.6 0 0.95 0.05 14
33825 33825 10 3.3333 normal random 0.6 0 0.95 0.5 14
33825 33825 10 3.3333 normal random 0.6 0 0.95 0.95 14
33825 33825 10 3.3333 normal random 0.6 0 1.4 0.05 14
33825 33825 10 3.3333 normal random 0.6 0 1.4 0.5 14
33825 33825 10 3.3333 normal random 0.6 0 1.4 0.95 14
33825 33825 10 3.3333 normal random 0.6 0 1.9 0.05 14
33825 33825 10 3.3333 normal random 0.6 0 1.9 0.5 14
33825 33825 10 3.3333 normal random 0.6 0 1.9 0.95 14
33825 33825 10 3.3333 normal random 0.6 100 0.05 0.05 14
33825 33825 10 3.3333 normal random 0.6 100 0.05 0.5 14
33825 33825 10 3.3333 normal random 0.6 100 0.05 0.95 14
33825 33825 10 3.3333 normal random 0.6 100 0.5 0.05 14
33825 33825 10 3.3333 normal random 0.6 100 0.5 0.5 14
33825 33825 10 3.3333 normal random 0.6 100 0.5 0.95 14
33825 33825 10 3.3333 normal random 0.6 100 0.95 0.05 14
33825 33825 10 3.3333 normal random 0.6 100 0.95 0.5 14
33825 33825 10 3.3333 normal random 0.6 100 0.95 0.95 14
33825 33825 10 3.3333 normal random 0.6 100 1.4 0.05 14
33825 33825 10 3.3333 normal random 0.6 100 1.4 0.5 14
33825 33825 10 3.3333 normal random 0.6 100 1.4 0.95 14
33825 33825 10 3.3333 normal random 0.6 100 1.9 0.05 14
33825 33825 10 3.3333 normal random 0.6 100 1.9 0.5 14
33825 33825 10 3.3333 normal random 0.6 100 1.9 0.95 14
33825 33825 10 3.3333 normal random 0.6 1000 0.05 0.05 14
33825 33825 10 3.3333 normal random 0.6 1000 0.05 0.5 14
33825 33825 10 3.3333 normal random 0.6 1000 0.05 0.95 14
33825 33825 10 3.3333 normal random 0.6 1000 0.5 0.05 14
33825 33825 10 3.3333 normal random 0.6 1000 0.5 0.5 14
33825 33825 10 3.3333 normal random 0.6 1000 0.5 0.95 14
33825 33825 10 3.3333 normal random 0.6 1000 0.95 0.05 14
33825 33825 10 3.3333 normal random 0.6 1000 0.95 0.5 14
33825 33825 10 3.3333 normal random 0.6 1000 0.95 0.95 14
33825 33825 10 3.3333 normal random 0.6 1000 1.4 0.05 14
33825 33825 10 3.3333 normal random 0.6 1000 1.4 0.5 14
33825 33825 10 3.3333 normal random 0.6 1000 1.4 0.95 14
33825 33825 10 3.3333 normal random 0.6 1000 1.9 0.05 14
33825 33825 10 3.3333 normal random 0.6 1000 1.9 0.5 14
33825 33825 10 3.3333 normal random 0.6 1000 1.9 0.95 14
33825 33825 10 3.3333 normal random 0.6 10000 0.05 0.05 14
33825 33825 10 3.3333 normal random 0.6 10000 0.05 0.5 14
33825 33825 10 3.3333 normal random 0.6 10000 0.05 0.95 14
33825 33825 10 3.3333 normal random 0.6 10000 0.5 0.05 14
33825 33825 10 3.3333 normal random 0.6 10000 0.5 0.5 14
33825 33825 10 3.3333 normal random 0.6 10000 0.5 0.95 14
33825 33825 10 3.3333 normal random 0.6 10000 0.95 0.05 14
33825 33825 10 3.3333 normal random 0.6 10000 0.95 0.5 14
33825 33825 10 3.3333 normal random 0.6 10000 0.95 0.95 14
33825 33825 10 3.3333 normal random 0.6 10000 1.4 0.05 14
33825 33825 10 3.3333 normal random 0.6 10000 1.4 0.5 14
33825 33825 10 3.3333 normal random 0.6 10000 1.4 0.95 14
33825 33825 10 3.3333 normal random 0.6 10000 1.9 0.05 14
33825 33825 10 3.3333 normal random 0.6 10000 1.9 0.5 14
33825 33825 10 3.3333 normal random 0.6 10000 1.9 0.95 14
76106 76106 10 3.3333 normal random 0.05 0 0.05 0.05 14
76106 76106 10 3.3333 normal random 0.05 0 0.05 0.5 14
76106 76106 10 3.3333 normal random 0.05 0 0.05 0.95 14
76106 76106 10 3.3333 normal random 0.05 0 0.5 0.05 14
76106 76106 10 3.3333 normal random 0.05 0 0.5 0.5 14
76106 76106 10 3.3333 normal random 0.05 0 0.5 0.95 14
76106 76106 10 3.3333 normal random 0.05 0 0.95 0.05 14
76106 76106 10 3.3333 normal random 0.05 0 0.95 0.5 14
76106 76106 10 3.3333 normal random 0.05 0 0.95 0.95 14
76106 76106 10 3.3333 normal random 0.05 0 1.4 0.05 14
76106 76106 10 3.3333 normal random 0.05 0 1.4 0.5 14
76106 76106 10 3.3333 normal random 0.05 0 1.4 0.95 14
76106 76106 10 3.3333 normal random 0.05 0 1.9 0.05 14
76106 76106 10 3.3333 normal random 0.05 0 1.9 0.5 14
76106 76106 10 3.3333 normal random 0.05 0 1.9 0.95 14
76106 76106 10 3.3333 normal random 0.05 100 0.05 0.05 14
76106 76106 10 3.3333 normal random 0.05 100 0.05 0.5 14
76106 76106 10 3.3333 normal random 0.05 100 0.05 0.95 14
76106 76106 10 3.3333 normal random 0.05 100 0.5 0.05 14
76106 76106 10 3.3333 normal random 0.05 100 0.5 0.5 14
76106 76106 10 3.3333 normal random 0.05 100 0.5 0.95 14
76106 76106 10 3.3333 normal random 0.05 100 0.95 0.05 14
76106 76106 10 3.3333 normal random 0.05 100 0.95 0.5 14
76106 76106 10 3.3333 normal random 0.05 100 0.95 0.95 14
76106 76106 10 3.3333 normal random 0.05 100 1.4 0.05 14
76106 76106 10 3.3333 normal random 0.05 100 1.4 0.5 14
76106 76106 10 3.3333 normal random 0.05 100 1.4 0.95 14
76106 76106 10 3.3333 normal random 0.05 100 1.9 0.05 14
76106 76106 10 3.3333 normal random 0.05 100 1.9 0.5 14
76106 76106 10 3.3333 normal random 0.05 100 1.9 0.95 14
76106 76106 10 3.3333 normal random 0.05 1000 0.05 0.05 14
76106 76106 10 3.3333 normal random 0.05 1000 0.05 0.5 14
76106 76106 10 3.3333 normal random 0.05 1000 0.05 0.95 14
76106 76106 10 3.3333 normal random 0.05 1000 0.5 0.05 14
76106 76106 10 3.3333 normal random 0.05 1000 0.5 0.5 14
76106 76106 10 3.3333 normal random 0.05 1000 0.5 0.95 14
76106 76106 10 3.3333 normal random 0.05 1000 0.95 0.05 14
76106 76106 10 3.3333 normal random 0.05 1000 0.95 0.5 14
76106 76106 10 3.3333 normal random 0.05 1000 0.95 0.95 14
76106 76106 10 3.3333 normal random 0.05 1000 1.4 0.05 14
76106 76106 10 3.3333 normal random 0.05 1000 1.4 0.5 14
76106 76106 10 3.3333 normal random 0.05 1000 1.4 0.95 14
76106 76106 10 3.3333 normal random 0.05 1000 1.9 0.05 14
76106 76106 10 3.3333 normal random 0.05 1000 1.9 0.5 14
76106 76106 10 3.3333 normal random 0.05 1000 1.9 0.95 14
76106 76106 10 3.3333 normal random 0.05 10000 0.05 0.05 14
76106 76106 10 3.3333 normal random 0.05 10000 0.05 0.5 14
76106 76106 10 3.3333 normal random 0.05 10000 0.05 0.95 14
76106 76106 10 3.3333 normal random 0.05 10000 0.5 0.05 14
76106 76106 10 3.3333 normal random 0.05 10000 0.5 0.5 14
76106 76106 10 3.3333 normal random 0.05 10000 0.5 0.95 14
76106 76106 10 3.3333 normal random 0.05 10000 0.95 0.05 14
76106 76106 10 3.3333 normal random 0.05 10000 0.95 0.5 14
76106 76106 10 3.3333 normal random 0.05 10000 0.95 0.95 14
76106 76106 10 3.3333 normal random 0.05 10000 1.4 0.05 14
76106 76106 10 3.3333 normal random 0.05 10000 1.4 0.5 14
76106 76106 10 3.3333 normal random 0.05 10000 1.4 0.95 14
76106 76106 10 3.3333 normal random 0.05 10000 1.9 0.05 14
76106 76106 10 3.3333 normal random 0.05 10000 1.9 0.5 14
76106 76106 10 3.3333 normal random 0.05 10000 1.9 0.95 14
76106 76106 10 3.3333 normal random 0.3 0 0.05 0.05 14
76106 76106 10 3.3333 normal random 0.3 0 0.05 0.5 14
76106 76106 10 3.3333 normal random 0.3 0 0.05 0.95 14
76106 76106 10 3.3333 normal random 0.3 0 0.5 0.05 14
76106 76106 10 3.3333 normal random 0.3 0 0.5 0.5 14
76106 76106 10 3.3333 normal random 0.3 0 0.5 0.95 14
76106 76106 10 3.3333 normal random 0.3 0 0.95 0.05 14
76106 76106 10 3.3333 normal random 0.3 0 0.95 0.5 14
76106 76106 10 3.3333 normal random 0.3 0 0.95 0.95 14
76106 76106 10 3.3333 normal random 0.3 0 1.4 0.05 14
76106 76106 10 3.3333 normal random 0.3 0 1.4 0.5 14
76106 76106 10 3.3333 normal random 0.3 0 1.4 0.95 14
76106 76106 10 3.3333 normal random 0.3 0 1.9 0.05 14
76106 76106 10 3.3333 normal random 0.3 0 1.9 0.5 14
76106 76106 10 3.3333 normal random 0.3 0 1.9 0.95 14
76106 76106 10 3.3333 normal random 0.3 100 0.05 0.05 14
76106 76106 10 3.3333 normal random 0.3 100 0.05 0.5 14
76106 76106 10 3.3333 normal random 0.3 100 0.05 0.95 14
76106 76106 10 3.3333 normal random 0.3 100 0.5 0.05 14
76106 76106 10 3.3333 normal random 0.3 100 0.5 0.5 14
76106 76106 10 3.3333 normal random 0.3 100 0.5 0.95 14
76106 76106 10 3.3333 normal random 0.3 100 0.95 0.05 14
76106 76106 10 3.3333 normal random 0.3 100 0.95 0.5 14
76106 76106 10 3.3333 normal random 0.3 100 0.95 0.95 14
76106 76106 10 3.3333 normal random 0.3 100 1.4 0.05 14
76106 76106 10 3.3333 normal random 0.3 100 1.4 0.5 14
76106 76106 10 3.3333 normal random 0.3 100 1.4 0.95 14
76106 76106 10 3.3333 normal random 0.3 100 1.9 0.05 14
76106 76106 10 3.3333 normal random 0.3 100 1.9 0.5 14
76106 76106 10 3.3333 normal random 0.3 100 1.9 0.95 14
76106 76106 10 3.3333 normal random 0.3 1000 0.05 0.05 14
76106 76106 10 3.3333 normal random 0.3 1000 0.05 0.5 14
76106 76106 10 3.3333 normal random 0.3 1000 0.05 0.95 14
76106 76106 10 3.3333 normal random 0.3 1000 0.5 0.05 14
76106 76106 10 3.3333 normal random 0.3 1000 0.5 0.5 14
76106 76106 10 3.3333 normal random 0.3 1000 0.5 0.95 14
76106 76106 10 3.3333 normal random 0.3 1000 0.95 0.05 14
76106 76106 10 3.3333 normal random 0.3 1000 0.95 0.5 14
76106 76106 10 3.3333 normal random 0.3 1000 0.95 0.95 14
76106 76106 10 3.3333 normal random 0.3 1000 1.4 0.05 14
76106 76106 10 3.3333 normal random 0.3 1000 1.4 0.5 14
76106 76106 10 3.3333 normal random 0.3 1000 1.4 0.95 14
76106 76106 10 3.3333 normal random 0.3 1000 1.9 0.05 14
76106 76106 10 3.3333 normal random 0.3 1000 1.9 0.5 14
76106 76106 10 3.3333 normal random 0.3 1000 1.9 0.95 14
76106 76106 10 3.3333 normal random 0.3 10000 0.05 0.05 14
76106 76106 10 3.3333 normal random 0.3 10000 0.05 0.5 14
76106 76106 10 3.3333 normal random 0.3 10000 0.05 0.95 14
76106 76106 10 3.3333 normal random 0.3 10000 0.5 0.05 14
76106 76106 10 3.3333 normal random 0.3 10000 0.5 0.5 14
76106 76106 10 3.3333 normal random 0.3 10000 0.5 0.95 14
76106 76106 10 3.3333 normal random 0.3 10000 0.95 0.05 14
76106 76106 10 3.3333 normal random 0.3 10000 0.95 0.5 14
76106 76106 10 3.3333 normal random 0.3 10000 0.95 0.95 14
76106 76106 10 3.3333 normal random 0.3 10000 1.4 0.05 14
76106 76106 10 3.3333 normal random 0.3 10000 1.4 0.5 14
76106 76106 10 3.3333 normal random 0.3 10000 1.4 0.95 14
76106 76106 10 3.3333 normal random 0.3 10000 1.9 0.05 14
76106 76106 10 3.3333 normal random 0.3 10000 1.9 0.5 14
76106 76106 10 3.3333 normal random 0.3 10000 1.9 0.95 14
76106 76106 10 3.3333 normal random 0.6 0 0.05 0.05 14
76106 76106 10 3.3333 normal random 0.6 0 0.05 0.5 14
76106 76106 10 3.3333 normal random 0.6 0 0.05 0.95 14
76106 76106 10 3.3333 normal random 0.6 0 0.5 0.05 14
76106 76106 10 3.3333 normal random 0.6 0 0.5 0.5 14
76106 76106 10 3.3333 normal random 0.6 0 0.5 0.95 14
76106 76106 10 3.3333 normal random 0.6 0 0.95 0.05 14
76106 76106 10 3.3333 normal random 0.6 0 0.95 0.5 14
76106 76106 10 3.3333 normal random 0.6 0 0.95 0.95 14
76106 76106 10 3.3333 normal random 0.6 0 1.4 0.05 14
76106 76106 10 3.3333 normal random 0.6 0 1.4 0.5 14
76106 76106 10 3.3333 normal random 0.6 0 1.4 0.95 14
76106 76106 10 3.3333 normal random 0.6 0 1.9 0.05 14
76106 76106 10 3.3333 normal random 0.6 0 1.9 0.5 14
76106 76106 10 3.3333 normal random 0.6 0 1.9 0.95 14
76106 76106 10 3.3333 normal random 0.6 100 0.05 0.05 14
76106 76106 10 3.3333 normal random 0.6 100 0.05 0.5 14
76106 76106 10 3.3333 normal random 0.6 100 0.05 0.95 14
76106 76106 10 3.3333 normal random 0.6 100 0.5 0.05 14
76106 76106 10 3.3333 normal random 0.6 100 0.5 0.5 14
76106 76106 10 3.3333 normal random 0.6 100 0.5 0.95 14
76106 76106 10 3.3333 normal random 0.6 100 0.95 0.05 14
76106 76106 10 3.3333 normal random 0.6 100 0.95 0.5 14
76106 76106 10 3.3333 normal random 0.6 100 0.95 0.95 14
76106 76106 10 3.3333 normal random 0.6 100 1.4 0.05 14
76106 76106 10 3.3333 normal random 0.6 100 1.4 0.5 14
76106 76106 10 3.3333 normal random 0.6 100 1.4 0.95 14
76106 76106 10 3.3333 normal random 0.6 100 1.9 0.05 14
76106 76106 10 3.3333 normal random 0.6 100 1.9 0.5 14
76106 76106 10 3.3333 normal random 0.6 100 1.9 0.95 14
76106 76106 10 3.3333 normal random 0.6 1000 0.05 0.05 14
76106 76106 10 3.3333 normal random 0.6 1000 0.05 0.5 14
76106 76106 10 3.3333 normal random 0.6 1000 0.05 0.95 14
76106 76106 10 3.3333 normal random 0.6 1000 0.5 0.05 14
76106 76106 10 3.3333 normal random 0.6 1000 0.5 0.5 14
76106 76106 10 3.3333 normal random 0.6 1000 0.5 0.95 14
76106 76106 10 3.3333 normal random 0.6 1000 0.95 0.05 14
76106 76106 10 3.3333 normal random 0.6 1000 0.95 0.5 14
76106 76106 10 3.3333 normal random 0.6 1000 0.95 0.95 14
76106 76106 10 3.3333 normal random 0.6 1000 1.4 0.05 14
76106 76106 10 3.3333 normal random 0.6 1000 1.4 0.5 14
76106 76106 10 3.3333 normal random 0.6 1000 1.4 0.95 14
76106 76106 10 3.3333 normal random 0.6 1000 1.9 0.05 14
76106 76106 10 3.3333 normal random 0.6 1000 1.9 0.5 14
76106 76106 10 3.3333 normal random 0.6 1000 1.9 0.95 14
76106 76106 10 3.3333 normal random 0.6 10000 0.05 0.05 14
76106 76106 10 3.3333 normal random 0.6 10000 0.05 0.5 14
76106 76106 10 3.3333 normal random 0.6 10000 0.05 0.95 14
76106 76106 10 3.3333 normal random 0.6 10000 0.5 0.05 14
76106 76106 10 3.3333 normal random 0.6 10000 0.5 0.5 14
76106 76106 10 3.3333 normal random 0.6 10000 0.5 0.95 14
76106 76106 10 3.3333 normal random 0.6 10000 0.95 0.05 14
76106 76106 10 3.3333 normal random 0.6 10000 0.95 0.5 14
76106 76106 10 3.3333 normal random 0.6 10000 0.95 0.95 14
76106 76106 10 3.3333 normal random 0.6 10000 1.4 0.05 14
76106 76106 10 3.3333 normal random 0.6 10000 1.4 0.5 14
76106 76106 10 3.3333 normal random 0.6 10000 1.4 0.95 14
76106 76106 10 3.3333 normal random 0.6 10000 1.9 0.05 14
76106 76106 10 3.3333 normal random 0.6 10000 1.9 0.5 14
76106 76106 10 3.3333 normal random 0.6 10000 1.9 0.95 14
118387 118387 10 3.3333 normal random 0.05 0 0.05 0.05 14
118387 118387 10 3.3333 normal random 0.05 0 0.05 0.5 14
118387 118387 10 3.3333 normal random 0.05 0 0.05 0.95 14
118387 118387 10 3.3333 normal random 0.05 0 0.5 0.05 14
118387 118387 10 3.3333 normal random 0.05 0 0.5 0.5 14
118387 118387 10 3.3333 normal random 0.05 0 0.5 0.95 14
118387 118387 10 3.3333 normal random 0.05 0 0.95 0.05 14
118387 118387 10 3.3333 normal random 0.05 0 0.95 0.5 14
118387 118387 10 3.3333 normal random 0.05 0 0.95 0.95 14
118387 118387 10 3.3333 normal random 0.05 0 1.4 0.05 14
118387 118387 10 3.3333 normal random 0.05 0 1.4 0.5 14
118387 118387 10 3.3333 normal random 0.05 0 1.4 0.95 14
118387 118387 10 3.3333 normal random 0.05 0 1.9 0.05 14
118387 118387 10 3.3333 normal random 0.05 0 1.9 0.5 14
118387 118387 10 3.3333 normal random 0.05 0 1.9 0.95 14
118387 118387 10 3.3333 normal random 0.05 100 0.05 0.05 14
118387 118387 10 3.3333 normal random 0.05 100 0.05 0.5 14
118387 118387 10 3.3333 normal random 0.05 100 0.05 0.95 14
118387 118387 10 3.3333 normal random 0.05 100 0.5 0.05 14
118387 118387 10 3.3333 normal random 0.05 100 0.5 0.5 14
118387 118387 10 3.3333 normal random 0.05 100 0.5 0.95 14
118387 118387 10 3.3333 normal random 0.05 100 0.95 0.05 14
118387 118387 10 3.3333 normal random 0.05 100 0.95 0.5 14
118387 118387 10 3.3333 normal random 0.05 100 0.95 0.95 14
118387 118387 10 3.3333 normal random 0.05 100 1.4 0.05 14
118387 118387 10 3.3333 normal random 0.05 100 1.4 0.5 14
118387 118387 10 3.3333 normal random 0.05 100 1.4 0.95 14
118387 118387 10 3.3333 normal random 0.05 100 1.9 0.05 14
118387 118387 10 3.3333 normal random 0.05 100 1.9 0.5 14
118387 118387 10 3.3333 normal random 0.05 100 1.9 0.95 14
118387 118387 10 3.3333 normal random 0.05 1000 0.05 0.05 14
118387 118387 10 3.3333 normal random 0.05 1000 0.05 0.5 14
118387 118387 10 3.3333 normal random 0.05 1000 0.05 0.95 14
118387 118387 10 3.3333 normal random 0.05 1000 0.5 0.05 14
118387 118387 10 3.3333 normal random 0.05 1000 0.5 0.5 14
118387 118387 10 3.3333 normal random 0.05 1000 0.5 0.95 14
118387 118387 10 3.3333 normal random 0.05 1000 0.95 0.05 14
118387 118387 10 3.3333 normal random 0.05 1000 0.95 0.5 14
118387 118387 10 3.3333 normal random 0.05 1000 0.95 0.95 14
118387 118387 10 3.3333 normal random 0.05 1000 1.4 0.05 14
118387 118387 10 3.3333 normal random 0.05 1000 1.4 0.5 14
118387 118387 10 3.3333 normal random 0.05 1000 1.4 0.95 14
118387 118387 10 3.3333 normal random 0.05 1000 1.9 0.05 14
118387 118387 10 3.3333 normal random 0.05 1000 1.9 0.5 14
118387 118387 10 3.3333 normal random 0.05 1000 1.9 0.95 14
118387 118387 10 3.3333 normal random 0.05 10000 0.05 0.05 14
118387 118387 10 3.3333 normal random 0.05 10000 0.05 0.5 14
118387 118387 10 3.3333 normal random 0.05 10000 0.05 0.95 14
118387 118387 10 3.3333 normal random 0.05 10000 0.5 0.05 14
118387 118387 10 3.3333 normal random 0.05 10000 0.5 0.5 14
118387 118387 10 3.3333 normal random 0.05 10000 0.5 0.95 14
118387 118387 10 3.3333 normal random 0.05 10000 0.95 0.05 14
118387 118387 10 3.3333 normal random 0.05 10000 0.95 0.5 14
118387 118387 10 3.3333 normal random 0.05 10000 0.95 0.95 14
118387 118387 10 3.3333 normal random 0.05 10000 1.4 0.05 14
118387 118387 10 3.3333 normal random 0.05 10000 1.4 0.5 14
118387 118387 10 3.3333 normal random 0.05 10000 1.4 0.95 14
118387 118387 10 3.3333 normal random 0.05 10000 1.9 0.05 14
118387 118387 10 3.3333 normal random 0.05 10000 1.9 0.5 14
118387 118387 10 3.3333 normal random 0.05 10000 1.9 0.95 14
118387 118387 10 3.3333 normal random 0.3 0 0.05 0.05 14
118387 118387 10 3.3333 normal random 0.3 0 0.05 0.5 14
118387 118387 10 3.3333 normal random 0.3 0 0.05 0.95 14
118387 118387 10 3.3333 normal random 0.3 0 0.5 0.05 14
118387 118387 10 3.3333 normal random 0.3 0 0.5 0.5 14
118387 118387 10 3.3333 normal random 0.3 0 0.5 0.95 14
118387 118387 10 3.3333 normal random 0.3 0 0.95 0.05 14
118387 118387 10 3.3333 normal random 0.3 0 0.95 0.5 14
118387 118387 10 3.3333 normal random 0.3 0 0.95 0.95 14
118387 118387 10 3.3333 normal random 0.3 0 1.4 0.05 14
118387 118387 10 3.3333 normal random 0.3 0 1.4 0.5 14
118387 118387 10 3.3333 normal random 0.3 0 1.4 0.95 14
118387 118387 10 3.3333 normal random 0.3 0 1.9 0.05 14
118387 118387 10 3.3333 normal random 0.3 0 1.9 0.5 14
118387 118387 10 3.3333 normal random 0.3 0 1.9 0.95 14
118387 118387 10 3.3333 normal random 0.3 100 0.05 0.05 14
118387 118387 10 3.3333 normal random 0.3 100 0.05 0.5 14
118387 118387 10 3.3333 normal random 0.3 100 0.05 0.95 14
118387 118387 10 3.3333 normal random 0.3 100 0.5 0.05 14
118387 118387 10 3.3333 normal random 0.3 100 0.5 0.5 14
118387 118387 10 3.3333 normal random 0.3 100 0.5 0.95 14
118387 118387 10 3.3333 normal random 0.3 100 0.95 0.05 14
118387 118387 10 3.3333 normal random 0.3 100 0.95 0.5 14
118387 118387 10 3.3333 normal random 0.3 100 0.95 0.95 14
118387 118387 10 3.3333 normal random 0.3 100 1.4 0.05 14
118387 118387 10 3.3333 normal random 0.3 100 1.4 0.5 14
118387 118387 10 3.3333 normal random 0.3 100 1.4 0.95 14
118387 118387 10 3.3333 normal random 0.3 100 1.9 0.05 14
118387 118387 10 3.3333 normal random 0.3 100 1.9 0.5 14
118387 118387 10 3.3333 normal random 0.3 100 1.9 0.95 14
118387 118387 10 3.3333 normal random 0.3 1000 0.05 0.05 14
118387 118387 10 3.3333 normal random 0.3 1000 0.05 0.5 14
118387 118387 10 3.3333 normal random 0.3 1000 0.05 0.95 14
118387 118387 10 3.3333 normal random 0.3 1000 0.5 0.05 14
118387 118387 10 3.3333 normal random 0.3 1000 0.5 0.5 14
118387 118387 10 3.3333 normal random 0.3 1000 0.5 0.95 14
118387 118387 10 3.3333 normal random 0.3 1000 0.95 0.05 14
118387 118387 10 3.3333 normal random 0.3 1000 0.95 0.5 14
118387 118387 10 3.3333 normal random 0.3 1000 0.95 0.95 14
118387 118387 10 3.3333 normal random 0.3 1000 1.4 0.05 14
118387 118387 10 3.3333 normal random 0.3 1000 1.4 0.5 14
118387 118387 10 3.3333 normal random 0.3 1000 1.4 0.95 14
118387 118387 10 3.3333 normal random 0.3 1000 1.9 0.05 14
118387 118387 10 3.3333 normal random 0.3 1000 1.9 0.5 14
118387 118387 10 3.3333 normal random 0.3 1000 1.9 0.95 14
118387 118387 10 3.3333 normal random 0.3 10000 0.05 0.05 14
118387 118387 10 3.3333 normal random 0.3 10000 0.05 0.5 14
118387 118387 10 3.3333 normal random 0.3 10000 0.05 0.95 14
118387 118387 10 3.3333 normal random 0.3 10000 0.5 0.05 14
118387 118387 10 3.3333 normal random 0.3 10000 0.5 0.5 14
118387 118387 10 3.3333 normal random 0.3 10000 0.5 0.95 14
118387 118387 10 3.3333 normal random 0.3 10000 0.95 0.05 14
118387 118387 10 3.3333 normal random 0.3 10000 0.95 0.5 14
118387 118387 10 3.3333 normal random 0.3 10000 0.95 0.95 14
118387 118387 10 3.3333 normal random 0.3 10000 1.4 0.05 14
118387 118387 10 3.3333 normal random 0.3 10000 1.4 0.5 14
118387 118387 10 3.3333 normal random 0.3 10000 1.4 0.95 14
118387 118387 10 3.3333 normal random 0.3 10000 1.9 0.05 14
118387 118387 10 3.3333 normal random 0.3 10000 1.9 0.5 14
118387 118387 10 3.3333 normal random 0.3 10000 1.9 0.95 14
118387 118387 10 3.3333 normal random 0.6 0 0.05 0.05 14
118387 118387 10 3.3333 normal random 0.6 0 0.05 0.5 14
118387 118387 10 3.3333 normal random 0.6 0 0.05 0.95 14
118387 118387 10 3.3333 normal random 0.6 0 0.5 0.05 14
118387 118387 10 3.3333 normal random 0.6 0 0.5 0.5 14
118387 118387 10 3.3333 normal random 0.6 0 0.5 0.95 14
118387 118387 10 3.3333 normal random 0.6 0 0.95 0.05 14
118387 118387 10 3.3333 normal random 0.6 0 0.95 0.5 14
118387 118387 10 3.3333 normal random 0.6 0 0.95 0.95 14
118387 118387 10 3.3333 normal random 0.6 0 1.4 0.05 14
118387 118387 10 3.3333 normal random 0.6 0 1.4 0.5 14
118387 118387 10 3.3333 normal random 0.6 0 1.4 0.95 14
118387 118387 10 3.3333 normal random 0.6 0 1.9 0.05 14
118387 118387 10 3.3333 normal random 0.6 0 1.9 0.5 14
118387 118387 10 3.3333 normal random 0.6 0 1.9 0.95 14
118387 118387 10 3.3333 normal random 0.6 100 0.05 0.05 14
118387 118387 10 3.3333 normal random 0.6 100 0.05 0.5 14
118387 118387 10 3.3333 normal random 0.6 100 0.05 0.95 14
118387 118387 10 3.3333 normal random 0.6 100 0.5 0.05 14
118387 118387 10 3.3333 normal random 0.6 100 0.5 0.5 14
118387 118387 10 3.3333 normal random 0.6 100 0.5 0.95 14
118387 118387 10 3.3333 normal random 0.6 100 0.95 0.05 14
118387 118387 10 3.3333 normal random 0.6 100 0.95 0.5 14
118387 118387 10 3.3333 normal random 0.6 100 0.95 0.95 14
118387 118387 10 3.3333 normal random 0.6 100 1.4 0.05 14
118387 118387 10 3.3333 normal random 0.6 100 1.4 0.5 14
118387 118387 10 3.3333 normal random 0.6 100 1.4 0.95 14
118387 118387 10 3.3333 normal random 0.6 100 1.9 0.05 14
118387 118387 10 3.3333 normal random 0.6 100 1.9 0.5 14
118387 118387 10 3.3333 normal random 0.6 100 1.9 0.95 14
118387 118387 10 3.3333 normal random 0.6 1000 0.05 0.05 14
118387 118387 10 3.3333 normal random 0.6 1000 0.05 0.5 14
118387 118387 10 3.3333 normal random 0.6 1000 0.05 0.95 14
118387 118387 10 3.3333 normal random 0.6 1000 0.5 0.05 14
118387 118387 10 3.3333 normal random 0.6 1000 0.5 0.5 14
118387 118387 10 3.3333 normal random 0.6 1000 0.5 0.95 14
118387 118387 10 3.3333 normal random 0.6 1000 0.95 0.05 14
118387 118387 10 3.3333 normal random 0.6 1000 0.95 0.5 14
118387 118387 10 3.3333 normal random 0.6 1000 0.95 0.95 14
118387 118387 10 3.3333 normal random 0.6 1000 1.4 0.05 14
118387 118387 10 3.3333 normal random 0.6 1000 1.4 0.5 14
118387 118387 10 3.3333 normal random 0.6 1000 1.4 0.95 14
118387 118387 10 3.3333 normal random 0.6 1000 1.9 0.05 14
118387 118387 10 3.3333 normal random 0.6 1000 1.9 0.5 14
118387 118387 10 3.3333 normal random 0.6 1000 1.9 0.95 14
118387 118387 10 3.3333 normal random 0.6 10000 0.05 0.05 14
118387 118387 10 3.3333 normal random 0.6 10000 0.05 0.5 14
118387 118387 10 3.3333 normal random 0.6 10000 0.05 0.95 14
118387 118387 10 3.3333 normal random 0.6 10000 0.5 0.05 14
118387 118387 10 3.3333 normal random 0.6 10000 0.5 0.5 14
118387 118387 10 3.3333 normal random 0.6 10000 0.5 0.95 14
118387 118387 10 3.3333 normal random 0.6 10000 0.95 0.05 14
118387 118387 10 3.3333 normal random 0.6 10000 0.95 0.5 14
118387 118387 10 3.3333 normal random 0.6 10000 0.95 0.95 14
118387 118387 10 3.3333 normal random 0.6 10000 1.4 0.05 14
118387 118387 10 3.3333 normal random 0.6 10000 1.4 0.5 14
118387 118387 10 3.3333 normal random 0.6 10000 1.4 0.95 14
118387 118387 10 3.3333 normal random 0.6 10000 1.9 0.05 14
118387 118387 10 3.3333 normal random 0.6 10000 1.9 0.5 14
118387 118387 10 3.3333 normal random 0.6 10000 1.9 0.95 14
160668 160668 10 3.3333 normal random 0.05 0 0.05 0.05 14
160668 160668 10 3.3333 normal random 0.05 0 0.05 0.5 14
160668 160668 10 3.3333 normal random 0.05 0 0.05 0.95 14
160668 160668 10 3.3333 normal random 0.05 0 0.5 0.05 14
160668 160668 10 3.3333 normal random 0.05 0 0.5 0.5 14
160668 160668 10 3.3333 normal random 0.05 0 0.5 0.95 14
160668 160668 10 3.3333 normal random 0.05 0 0.95 0.05 14
160668 160668 10 3.3333 normal random 0.05 0 0.95 0.5 14
160668 160668 10 3.3333 normal random 0.05 0 0.95 0.95 14
160668 160668 10 3.3333 normal random 0.05 0 1.4 0.05 14
160668 160668 10 3.3333 normal random 0.05 0 1.4 0.5 14
160668 160668 10 3.3333 normal random 0.05 0 1.4 0.95 14
160668 160668 10 3.3333 normal random 0.05 0 1.9 0.05 14
160668 160668 10 3.3333 normal random 0.05 0 1.9 0.5 14
160668 160668 10 3.3333 normal random 0.05 0 1.9 0.95 14
160668 160668 10 3.3333 normal random 0.05 100 0.05 0.05 14
160668 160668 10 3.3333 normal random 0.05 100 0.05 0.5 14
160668 160668 10 3.3333 normal random 0.05 100 0.05 0.95 14
160668 160668 10 3.3333 normal random 0.05 100 0.5 0.05 14
160668 160668 10 3.3333 normal random 0.05 100 0.5 0.5 14
160668 160668 10 3.3333 normal random 0.05 100 0.5 0.95 14
160668 160668 10 3.3333 normal random 0.05 100 0.95 0.05 14
160668 160668 10 3.3333 normal random 0.05 100 0.95 0.5 14
160668 160668 10 3.3333 normal random 0.05 100 0.95 0.95 14
160668 160668 10 3.3333 normal random 0.05 100 1.4 0.05 14
160668 160668 10 3.3333 normal random 0.05 100 1.4 0.5 14
160668 160668 10 3.3333 normal random 0.05 100 1.4 0.95 14
160668 160668 10 3.3333 normal random 0.05 100 1.9 0.05 14
160668 160668 10 3.3333 normal random 0.05 100 1.9 0.5 14
160668 160668 10 3.3333 normal random 0.05 100 1.9 0.95 14
160668 160668 10 3.3333 normal random 0.05 1000 0.05 0.05 14
160668 160668 10 3.3333 normal random 0.05 1000 0.05 0.5 14
160668 160668 10 3.3333 normal random 0.05 1000 0.05 0.95 14
160668 160668 10 3.3333 normal random 0.05 1000 0.5 0.05 14
160668 160668 10 3.3333 normal random 0.05 1000 0.5 0.5 14
160668 160668 10 3.3333 normal random 0.05 1000 0.5 0.95 14
160668 160668 10 3.3333 normal random 0.05 1000 0.95 0.05 14
160668 160668 10 3.3333 normal random 0.05 1000 0.95 0.5 14
160668 160668 10 3.3333 normal random 0.05 1000 0.95 0.95 14
160668 160668 10 3.3333 normal random 0.05 1000 1.4 0.05 14
160668 160668 10 3.3333 normal random 0.05 1000 1.4 0.5 14
160668 160668 10 3.3333 normal random 0.05 1000 1.4 0.95 14
160668 160668 10 3.3333 normal random 0.05 1000 1.9 0.05 14
160668 160668 10 3.3333 normal random 0.05 1000 1.9 0.5 14
160668 160668 10 3.3333 normal random 0.05 1000 1.9 0.95 14
160668 160668 10 3.3333 normal random 0.05 10000 0.05 0.05 14
160668 160668 10 3.3333 normal random 0.05 10000 0.05 0.5 14
160668 160668 10 3.3333 normal random 0.05 10000 0.05 0.95 14
160668 160668 10 3.3333 normal random 0.05 10000 0.5 0.05 14
160668 160668 10 3.3333 normal random 0.05 10000 0.5 0.5 14
160668 160668 10 3.3333 normal random 0.05 10000 0.5 0.95 14
160668 160668 10 3.3333 normal random 0.05 10000 0.95 0.05 14
160668 160668 10 3.3333 normal random 0.05 10000 0.95 0.5 14
160668 160668 10 3.3333 normal random 0.05 10000 0.95 0.95 14
160668 160668 10 3.3333 normal random 0.05 10000 1.4 0.05 14
160668 160668 10 3.3333 normal random 0.05 10000 1.4 0.5 14
160668 160668 10 3.3333 normal random 0.05 10000 1.4 0.95 14
160668 160668 10 3.3333 normal random 0.05 10000 1.9 0.05 14
160668 160668 10 3.3333 normal random 0.05 10000 1.9 0.5 14
160668 160668 10 3.3333 normal random 0.05 10000 1.9 0.95 14
160668 160668 10 3.3333 normal random 0.3 0 0.05 0.05 14
160668 160668 10 3.3333 normal random 0.3 0 0.05 0.5 14
160668 160668 10 3.3333 normal random 0.3 0 0.05 0.95 14
160668 160668 10 3.3333 normal random 0.3 0 0.5 0.05 14
160668 160668 10 3.3333 normal random 0.3 0 0.5 0.5 14
160668 160668 10 3.3333 normal random 0.3 0 0.5 0.95 14
160668 160668 10 3.3333 normal random 0.3 0 0.95 0.05 14
160668 160668 10 3.3333 normal random 0.3 0 0.95 0.5 14
160668 160668 10 3.3333 normal random 0.3 0 0.95 0.95 14
160668 160668 10 3.3333 normal random 0.3 0 1.4 0.05 14
160668 160668 10 3.3333 normal random 0.3 0 1.4 0.5 14
160668 160668 10 3.3333 normal random 0.3 0 1.4 0.95 14
160668 160668 10 3.3333 normal random 0.3 0 1.9 0.05 14
160668 160668 10 3.3333 normal random 0.3 0 1.9 0.5 14
160668 160668 10 3.3333 normal random 0.3 0 1.9 0.95 14
160668 160668 10 3.3333 normal random 0.3 100 0.05 0.05 14
160668 160668 10 3.3333 normal random 0.3 100 0.05 0.5 14
160668 160668 10 3.3333 normal random 0.3 100 0.05 0.95 14
160668 160668 10 3.3333 normal random 0.3 100 0.5 0.05 14
160668 160668 10 3.3333 normal random 0.3 100 0.5 0.5 14
160668 160668 10 3.3333 normal random 0.3 100 0.5 0.95 14
160668 160668 10 3.3333 normal random 0.3 100 0.95 0.05 14
160668 160668 10 3.3333 normal random 0.3 100 0.95 0.5 14
160668 160668 10 3.3333 normal random 0.3 100 0.95 0.95 14
160668 160668 10 3.3333 normal random 0.3 100 1.4 0.05 14
160668 160668 10 3.3333 normal random 0.3 100 1.4 0.5 14
160668 160668 10 3.3333 normal random 0.3 100 1.4 0.95 14
160668 160668 10 3.3333 normal random 0.3 100 1.9 0.05 14
160668 160668 10 3.3333 normal random 0.3 100 1.9 0.5 14
160668 160668 10 3.3333 normal random 0.3 100 1.9 0.95 14
160668 160668 10 3.3333 normal random 0.3 1000 0.05 0.05 14
160668 160668 10 3.3333 normal random 0.3 1000 0.05 0.5 14
160668 160668 10 3.3333 normal random 0.3 1000 0.05 0.95 14
160668 160668 10 3.3333 normal random 0.3 1000 0.5 0.05 14
160668 160668 10 3.3333 normal random 0.3 1000 0.5 0.5 14
160668 160668 10 3.3333 normal random 0.3 1000 0.5 0.95 14
160668 160668 10 3.3333 normal random 0.3 1000 0.95 0.05 14
160668 160668 10 3.3333 normal random 0.3 1000 0.95 0.5 14
160668 160668 10 3.3333 normal random 0.3 1000 0.95 0.95 14
160668 160668 10 3.3333 normal random 0.3 1000 1.4 0.05 14
160668 160668 10 3.3333 normal random 0.3 1000 1.4 0.5 14
160668 160668 10 3.3333 normal random 0.3 1000 1.4 0.95 14
160668 160668 10 3.3333 normal random 0.3 1000 1.9 0.05 14
160668 160668 10 3.3333 normal random 0.3 1000 1.9 0.5 14
160668 160668 10 3.3333 normal random 0.3 1000 1.9 0.95 14
160668 160668 10 3.3333 normal random 0.3 10000 0.05 0.05 14
160668 160668 10 3.3333 normal random 0.3 10000 0.05 0.5 14
160668 160668 10 3.3333 normal random 0.3 10000 0.05 0.95 14
160668 160668 10 3.3333 normal random 0.3 10000 0.5 0.05 14
160668 160668 10 3.3333 normal random 0.3 10000 0.5 0.5 14
160668 160668 10 3.3333 normal random 0.3 10000 0.5 0.95 14
160668 160668 10 3.3333 normal random 0.3 10000 0.95 0.05 14
160668 160668 10 3.3333 normal random 0.3 10000 0.95 0.5 14
160668 160668 10 3.3333 normal random 0.3 10000 0.95 0.95 14
160668 160668 10 3.3333 normal random 0.3 10000 1.4 0.05 14
160668 160668 10 3.3333 normal random 0.3 10000 1.4 0.5 14
160668 160668 10 3.3333 normal random 0.3 10000 1.4 0.95 14
160668 160668 10 3.3333 normal random 0.3 10000 1.9 0.05 14
160668 160668 10 3.3333 normal random 0.3 10000 1.9 0.5 14
160668 160668 10 3.3333 normal random 0.3 10000 1.9 0.95 14
160668 160668 10 3.3333 normal random 0.6 0 0.05 0.05 14
160668 160668 10 3.3333 normal random 0.6 0 0.05 0.5 14
160668 160668 10 3.3333 normal random 0.6 0 0.05 0.95 14
160668 160668 10 3.3333 normal random 0.6 0 0.5 0.05 14
160668 160668 10 3.3333 normal random 0.6 0 0.5 0.5 14
160668 160668 10 3.3333 normal random 0.6 0 0.5 0.95 14
160668 160668 10 3.3333 normal random 0.6 0 0.95 0.05 14
160668 160668 10 3.3333 normal random 0.6 0 0.95 0.5 14
160668 160668 10 3.3333 normal random 0.6 0 0.95 0.95 14
160668 160668 10 3.3333 normal random 0.6 0 1.4 0.05 14
160668 160668 10 3.3333 normal random 0.6 0 1.4 0.5 14
160668 160668 10 3.3333 normal random 0.6 0 1.4 0.95 14
160668 160668 10 3.3333 normal random 0.6 0 1.9 0.05 14
160668 160668 10 3.3333 normal random 0.6 0 1.9 0.5 14
160668 160668 10 3.3333 normal random 0.6 0 1.9 0.95 14
160668 160668 10 3.3333 normal random 0.6 100 0.05 0.05 14
160668 160668 10 3.3333 normal random 0.6 100 0.05 0.5 14
160668 160668 10 3.3333 normal random 0.6 100 0.05 0.95 14
160668 160668 10 3.3333 normal random 0.6 100 0.5 0.05 14
160668 160668 10 3.3333 normal random 0.6 100 0.5 0.5 14
160668 160668 10 3.3333 normal random 0.6 100 0.5 0.95 14
160668 160668 10 3.3333 normal random 0.6 100 0.95 0.05 14
160668 160668 10 3.3333 normal random 0.6 100 0.95 0.5 14
160668 160668 10 3.3333 normal random 0.6 100 0.95 0.95 14
160668 160668 10 3.3333 normal random 0.6 100 1.4 0.05 14
160668 160668 10 3.3333 normal random 0.6 100 1.4 0.5 14
160668 160668 10 3.3333 normal random 0.6 100 1.4 0.95 14
160668 160668 10 3.3333 normal random 0.6 100 1.9 0.05 14
160668 160668 10 3.3333 normal random 0.6 100 1.9 0.5 14
160668 160668 10 3.3333 normal random 0.6 100 1.9 0.95 14
160668 160668 10 3.3333 normal random 0.6 1000 0.05 0.05 14
160668 160668 10 3.3333 normal random 0.6 1000 0.05 0.5 14
160668 160668 10 3.3333 normal random 0.6 1000 0.05 0.95 14
160668 160668 10 3.3333 normal random 0.6 1000 0.5 0.05 14
160668 160668 10 3.3333 normal random 0.6 1000 0.5 0.5 14
160668 160668 10 3.3333 normal random 0.6 1000 0.5 0.95 14
160668 160668 10 3.3333 normal random 0.6 1000 0.95 0.05 14
160668 160668 10 3.3333 normal random 0.6 1000 0.95 0.5 14
160668 160668 10 3.3333 normal random 0.6 1000 0.95 0.95 14
160668 160668 10 3.3333 normal random 0.6 1000 1.4 0.05 14
160668 160668 10 3.3333 normal random 0.6 1000 1.4 0.5 14
160668 160668 10 3.3333 normal random 0.6 1000 1.4 0.95 14
160668 160668 10 3.3333 normal random 0.6 1000 1.9 0.05 14
160668 160668 10 3.3333 normal random 0.6 1000 1.9 0.5 14
160668 160668 10 3.3333 normal random 0.6 1000 1.9 0.95 14
160668 160668 10 3.3333 normal random 0.6 10000 0.05 0.05 14
160668 160668 10 3.3333 normal random 0.6 10000 0.05 0.5 14
160668 160668 10 3.3333 normal random 0.6 10000 0.05 0.95 14
160668 160668 10 3.3333 normal random 0.6 10000 0.5 0.05 14
160668 160668 10 3.3333 normal random 0.6 10000 0.5 0.5 14
160668 160668 10 3.3333 normal random 0.6 10000 0.5 0.95 14
160668 160668 10 3.3333 normal random 0.6 10000 0.95 0.05 14
160668 160668 10 3.3333 normal random 0.6 10000 0.95 0.5 14
160668 160668 10 3.3333 normal random 0.6 10000 0.95 0.95 14
160668 160668 10 3.3333 normal random 0.6 10000 1.4 0.05 14
160668 160668 10 3.3333 normal random 0.6 10000 1.4 0.5 14
160668 160668 10 3.3333 normal random 0.6 10000 1.4 0.95 14
160668 160668 10 3.3333 normal random 0.6 10000 1.9 0.05 14
160668 160668 10 3.3333 normal random 0.6 10000 1.9 0.5 14
160668 160668 10 3.3333 normal random 0.6 10000 1.9 0.95 14
202950 202950 10 3.3333 normal random 0.05 0 0.05 0.05 14
202950 202950 10 3.3333 normal random 0.05 0 0.05 0.5 14
202950 202950 10 3.3333 normal random 0.05 0 0.05 0.95 14
202950 202950 10 3.3333 normal random 0.05 0 0.5 0.05 14
202950 202950 10 3.3333 normal random 0.05 0 0.5 0.5 14
202950 202950 10 3.3333 normal random 0.05 0 0.5 0.95 14
202950 202950 10 3.3333 normal random 0.05 0 0.95 0.05 14
202950 202950 10 3.3333 normal random 0.05 0 0.95 0.5 14
202950 202950 10 3.3333 normal random 0.05 0 0.95 0.95 14
202950 202950 10 3.3333 normal random 0.05 0 1.4 0.05 14
202950 202950 10 3.3333 normal random 0.05 0 1.4 0.5 14
202950 202950 10 3.3333 normal random 0.05 0 1.4 0.95 14
202950 202950 10 3.3333 normal random 0.05 0 1.9 0.05 14
202950 202950 10 3.3333 normal random 0.05 0 1.9 0.5 14
202950 202950 10 3.3333 normal random 0.05 0 1.9 0.95 14
202950 202950 10 3.3333 normal random 0.05 100 0.05 0.05 14
202950 202950 10 3.3333 normal random 0.05 100 0.05 0.5 14
202950 202950 10 3.3333 normal random 0.05 100 0.05 0.95 14
202950 202950 10 3.3333 normal random 0.05 100 0.5 0.05 14
202950 202950 10 3.3333 normal random 0.05 100 0.5 0.5 14
202950 202950 10 3.3333 normal random 0.05 100 0.5 0.95 14
202950 202950 10 3.3333 normal random 0.05 100 0.95 0.05 14
202950 202950 10 3.3333 normal random 0.05 100 0.95 0.5 14
202950 202950 10 3.3333 normal random 0.05 100 0.95 0.95 14
202950 202950 10 3.3333 normal random 0.05 100 1.4 0.05 14
202950 202950 10 3.3333 normal random 0.05 100 1.4 0.5 14
202950 202950 10 3.3333 normal random 0.05 100 1.4 0.95 14
202950 202950 10 3.3333 normal random 0.05 100 1.9 0.05 14
202950 202950 10 3.3333 normal random 0.05 100 1.9 0.5 14
202950 202950 10 3.3333 normal random 0.05 100 1.9 0.95 14
202950 202950 10 3.3333 normal random 0.05 1000 0.05 0.05 14
202950 202950 10 3.3333 normal random 0.05 1000 0.05 0.5 14
202950 202950 10 3.3333 normal random 0.05 1000 0.05 0.95 14
202950 202950 10 3.3333 normal random 0.05 1000 0.5 0.05 14
202950 202950 10 3.3333 normal random 0.05 1000 0.5 0.5 14
202950 202950 10 3.3333 normal random 0.05 1000 0.5 0.95 14
202950 202950 10 3.3333 normal random 0.05 1000 0.95 0.05 14
202950 202950 10 3.3333 normal random 0.05 1000 0.95 0.5 14
202950 202950 10 3.3333 normal random 0.05 1000 0.95 0.95 14
202950 202950 10 3.3333 normal random 0.05 1000 1.4 0.05 14
202950 202950 10 3.3333 normal random 0.05 1000 1.4 0.5 14
202950 202950 10 3.3333 normal random 0.05 1000 1.4 0.95 14
202950 202950 10 3.3333 normal random 0.05 1000 1.9 0.05 14
202950 202950 10 3.3333 normal random 0.05 1000 1.9 0.5 14
202950 202950 10 3.3333 normal random 0.05 1000 1.9 0.95 14
202950 202950 10 3.3333 normal random 0.05 10000 0.05 0.05 14
202950 202950 10 3.3333 normal random 0.05 10000 0.05 0.5 14
202950 202950 10 3.3333 normal random 0.05 10000 0.05 0.95 14
202950 202950 10 3.3333 normal random 0.05 10000 0.5 0.05 14
202950 202950 10 3.3333 normal random 0.05 10000 0.5 0.5 14
202950 202950 10 3.3333 normal random 0.05 10000 0.5 0.95 14
202950 202950 10 3.3333 normal random 0.05 10000 0.95 0.05 14
202950 202950 10 3.3333 normal random 0.05 10000 0.95 0.5 14
202950 202950 10 3.3333 normal random 0.05 10000 0.95 0.95 14
202950 202950 10 3.3333 normal random 0.05 10000 1.4 0.05 14
202950 202950 10 3.3333 normal random 0.05 10000 1.4 0.5 14
202950 202950 10 3.3333 normal random 0.05 10000 1.4 0.95 14
202950 202950 10 3.3333 normal random 0.05 10000 1.9 0.05 14
202950 202950 10 3.3333 normal random 0.05 10000 1.9 0.5 14
202950 202950 10 3.3333 normal random 0.05 10000 1.9 0.95 14
202950 202950 10 3.3333 normal random 0.3 0 0.05 0.05 14
202950 202950 10 3.3333 normal random 0.3 0 0.05 0.5 14
202950 202950 10 3.3333 normal random 0.3 0 0.05 0.95 14
202950 202950 10 3.3333 normal random 0.3 0 0.5 0.05 14
202950 202950 10 3.3333 normal random 0.3 0 0.5 0.5 14
202950 202950 10 3.3333 normal random 0.3 0 0.5 0.95 14
202950 202950 10 3.3333 normal random 0.3 0 0.95 0.05 14
202950 202950 10 3.3333 normal random 0.3 0 0.95 0.5 14
202950 202950 10 3.3333 normal random 0.3 0 0.95 0.95 14
202950 202950 10 3.3333 normal random 0.3 0 1.4 0.05 14
202950 202950 10 3.3333 normal random 0.3 0 1.4 0.5 14
202950 202950 10 3.3333 normal random 0.3 0 1.4 0.95 14
202950 202950 10 3.3333 normal random 0.3 0 1.9 0.05 14
202950 202950 10 3.3333 normal random 0.3 0 1.9 0.5 14
202950 202950 10 3.3333 normal random 0.3 0 1.9 0.95 14
202950 202950 10 3.3333 normal random 0.3 100 0.05 0.05 14
202950 202950 10 3.3333 normal random 0.3 100 0.05 0.5 14
202950 202950 10 3.3333 normal random 0.3 100 0.05 0.95 14
202950 202950 10 3.3333 normal random 0.3 100 0.5 0.05 14
202950 202950 10 3.3333 normal random 0.3 100 0.5 0.5 14
202950 202950 10 3.3333 normal random 0.3 100 0.5 0.95 14
202950 202950 10 3.3333 normal random 0.3 100 0.95 0.05 14
202950 202950 10 3.3333 normal random 0.3 100 0.95 0.5 14
202950 202950 10 3.3333 normal random 0.3 100 0.95 0.95 14
202950 202950 10 3.3333 normal random 0.3 100 1.4 0.05 14
202950 202950 10 3.3333 normal random 0.3 100 1.4 0.5 14
202950 202950 10 3.3333 normal random 0.3 100 1.4 0.95 14
202950 202950 10 3.3333 normal random 0.3 100 1.9 0.05 14
202950 202950 10 3.3333 normal random 0.3 100 1.9 0.5 14
202950 202950 10 3.3333 normal random 0.3 100 1.9 0.95 14
202950 202950 10 3.3333 normal random 0.3 1000 0.05 0.05 14
202950 202950 10 3.3333 normal random 0.3 1000 0.05 0.5 14
202950 202950 10 3.3333 normal random 0.3 1000 0.05 0.95 14
202950 202950 10 3.3333 normal random 0.3 1000 0.5 0.05 14
202950 202950 10 3.3333 normal random 0.3 1000 0.5 0.5 14
202950 202950 10 3.3333 normal random 0.3 1000 0.5 0.95 14
202950 202950 10 3.3333 normal random 0.3 1000 0.95 0.05 14
202950 202950 10 3.3333 normal random 0.3 1000 0.95 0.5 14
202950 202950 10 3.3333 normal random 0.3 1000 0.95 0.95 14
202950 202950 10 3.3333 normal random 0.3 1000 1.4 0.05 14
202950 202950 10 3.3333 normal random 0.3 1000 1.4 0.5 14
202950 202950 10 3.3333 normal random 0.3 1000 1.4 0.95 14
202950 202950 10 3.3333 normal random 0.3 1000 1.9 0.05 14
202950 202950 10 3.3333 normal random 0.3 1000 1.9 0.5 14
202950 202950 10 3.3333 normal random 0.3 1000 1.9 0.95 14
202950 202950 10 3.3333 normal random 0.3 10000 0.05 0.05 14
202950 202950 10 3.3333 normal random 0.3 10000 0.05 0.5 14
202950 202950 10 3.3333 normal random 0.3 10000 0.05 0.95 14
202950 202950 10 3.3333 normal random 0.3 10000 0.5 0.05 14
202950 202950 10 3.3333 normal random 0.3 10000 0.5 0.5 14
202950 202950 10 3.3333 normal random 0.3 10000 0.5 0.95 14
202950 202950 10 3.3333 normal random 0.3 10000 0.95 0.05 14
202950 202950 10 3.3333 normal random 0.3 10000 0.95 0.5 14
202950 202950 10 3.3333 normal random 0.3 10000 0.95 0.95 14
202950 202950 10 3.3333 normal random 0.3 10000 1.4 0.05 14
202950 202950 10 3.3333 normal random 0.3 10000 1.4 0.5 14
202950 202950 10 3.3333 normal random 0.3 10000 1.4 0.95 14
202950 202950 10 3.3333 normal random 0.3 10000 1.9 0.05 14
202950 202950 10 3.3333 normal random 0.3 10000 1.9 0.5 14
202950 202950 10 3.3333 normal random 0.3 10000 1.9 0.95 14
202950 202950 10 3.3333 normal random 0.6 0 0.05 0.05 14
202950 202950 10 3.3333 normal random 0.6 0 0.05 0.5 14
202950 202950 10 3.3333 normal random 0.6 0 0.05 0.95 14
202950 202950 10 3.3333 normal random 0.6 0 0.5 0.05 14
202950 202950 10 3.3333 normal random 0.6 0 0.5 0.5 14
202950 202950 10 3.3333 normal random 0.6 0 0.5 0.95 14
202950 202950 10 3.3333 normal random 0.6 0 0.95 0.05 14
202950 202950 10 3.3333 normal random 0.6 0 0.95 0.5 14
202950 202950 10 3.3333 normal random 0.6 0 0.95 0.95 14
202950 202950 10 3.3333 normal random 0.6 0 1.4 0.05 14
202950 202950 10 3.3333 normal random 0.6 0 1.4 0.5 14
202950 202950 10 3.3333 normal random 0.6 0 1.4 0.95 14
202950 202950 10 3.3333 normal random 0.6 0 1.9 0.05 14
202950 202950 10 3.3333 normal random 0.6 0 1.9 0.5 14
202950 202950 10 3.3333 normal random 0.6 0 1.9 0.95 14
202950 202950 10 3.3333 normal random 0.6 100 0.05 0.05 14
202950 202950 10 3.3333 normal random 0.6 100 0.05 0.5 14
202950 202950 10 3.3333 normal random 0.6 100 0.05 0.95 14
202950 202950 10 3.3333 normal random 0.6 100 0.5 0.05 14
202950 202950 10 3.3333 normal random 0.6 100 0.5 0.5 14
202950 202950 10 3.3333 normal random 0.6 100 0.5 0.95 14
202950 202950 10 3.3333 normal random 0.6 100 0.95 0.05 14
202950 202950 10 3.3333 normal random 0.6 100 0.95 0.5 14
202950 202950 10 3.3333 normal random 0.6 100 0.95 0.95 14
202950 202950 10 3.3333 normal random 0.6 100 1.4 0.05 14
202950 202950 10 3.3333 normal random 0.6 100 1.4 0.5 14
202950 202950 10 3.3333 normal random 0.6 100 1.4 0.95 14
202950 202950 10 3.3333 normal random 0.6 100 1.9 0.05 14
202950 202950 10 3.3333 normal random 0.6 100 1.9 0.5 14
202950 202950 10 3.3333 normal random 0.6 100 1.9 0.95 14
202950 202950 10 3.3333 normal random 0.6 1000 0.05 0.05 14
202950 202950 10 3.3333 normal random 0.6 1000 0.05 0.5 14
202950 202950 10 3.3333 normal random 0.6 1000 0.05 0.95 14
202950 202950 10 3.3333 normal random 0.6 1000 0.5 0.05 14
202950 202950 10 3.3333 normal random 0.6 1000 0.5 0.5 14
202950 202950 10 3.3333 normal random 0.6 1000 0.5 0.95 14
202950 202950 10 3.3333 normal random 0.6 1000 0.95 0.05 14
202950 202950 10 3.3333 normal random 0.6 1000 0.95 0.5 14
202950 202950 10 3.3333 normal random 0.6 1000 0.95 0.95 14
202950 202950 10 3.3333 normal random 0.6 1000 1.4 0.05 14
202950 202950 10 3.3333 normal random 0.6 1000 1.4 0.5 14
202950 202950 10 3.3333 normal random 0.6 1000 1.4 0.95 14
202950 202950 10 3.3333 normal random 0.6 1000 1.9 0.05 14
202950 202950 10 3.3333 normal random 0.6 1000 1.9 0.5 14
202950 202950 10 3.3333 normal random 0.6 1000 1.9 0.95 14
202950 202950 10 3.3333 normal random 0.6 10000 0.05 0.05 14
202950 202950 10 3.3333 normal random 0.6 10000 0.05 0.5 14
202950 202950 10 3.3333 normal random 0.6 10000 0.05 0.95 14
202950 202950 10 3.3333 normal random 0.6 10000 0.5 0.05 14
202950 202950 10 3.3333 normal random 0.6 10000 0.5 0.5 14
202950 202950 10 3.3333 normal random 0.6 10000 0.5 0.95 14
202950 202950 10 3.3333 normal random 0.6 10000 0.95 0.05 14
202950 202950 10 3.3333 normal random 0.6 10000 0.95 0.5 14
202950 202950 10 3.3333 normal random 0.6 10000 0.95 0.95 14
202950 202950 10 3.3333 normal random 0.6 10000 1.4 0.05 14
202950 202950 10 3.3333 normal random 0.6 10000 1.4 0.5 14
202950 202950 10 3.3333 normal random 0.6 10000 1.4 0.95 14
202950 202950 10 3.3333 normal random 0.6 10000 1.9 0.05 14
202950 202950 10 3.3333 normal random 0.6 10000 1.9 0.5 14
202950 202950 10 3.3333 normal random 0.6 10000 1.9 0.95 14
