2200290 2200290 20 6.6667 normal random 0.05 0 0.05 0.05 14
2200290 2200290 20 6.6667 normal random 0.05 0 0.05 0.5 14
2200290 2200290 20 6.6667 normal random 0.05 0 0.05 0.95 14
2200290 2200290 20 6.6667 normal random 0.05 0 0.5 0.05 14
2200290 2200290 20 6.6667 normal random 0.05 0 0.5 0.5 14
2200290 2200290 20 6.6667 normal random 0.05 0 0.5 0.95 14
2200290 2200290 20 6.6667 normal random 0.05 0 0.95 0.05 14
2200290 2200290 20 6.6667 normal random 0.05 0 0.95 0.5 14
2200290 2200290 20 6.6667 normal random 0.05 0 0.95 0.95 14
2200290 2200290 20 6.6667 normal random 0.05 0 1.4 0.05 14
2200290 2200290 20 6.6667 normal random 0.05 0 1.4 0.5 14
2200290 2200290 20 6.6667 normal random 0.05 0 1.4 0.95 14
2200290 2200290 20 6.6667 normal random 0.05 0 1.9 0.05 14
2200290 2200290 20 6.6667 normal random 0.05 0 1.9 0.5 14
2200290 2200290 20 6.6667 normal random 0.05 0 1.9 0.95 14
2200290 2200290 20 6.6667 normal random 0.05 100 0.05 0.05 14
2200290 2200290 20 6.6667 normal random 0.05 100 0.05 0.5 14
2200290 2200290 20 6.6667 normal random 0.05 100 0.05 0.95 14
2200290 2200290 20 6.6667 normal random 0.05 100 0.5 0.05 14
2200290 2200290 20 6.6667 normal random 0.05 100 0.5 0.5 14
2200290 2200290 20 6.6667 normal random 0.05 100 0.5 0.95 14
2200290 2200290 20 6.6667 normal random 0.05 100 0.95 0.05 14
2200290 2200290 20 6.6667 normal random 0.05 100 0.95 0.5 14
2200290 2200290 20 6.6667 normal random 0.05 100 0.95 0.95 14
2200290 2200290 20 6.6667 normal random 0.05 100 1.4 0.05 14
2200290 2200290 20 6.6667 normal random 0.05 100 1.4 0.5 14
2200290 2200290 20 6.6667 normal random 0.05 100 1.4 0.95 14
2200290 2200290 20 6.6667 normal random 0.05 100 1.9 0.05 14
2200290 2200290 20 6.6667 normal random 0.05 100 1.9 0.5 14
2200290 2200290 20 6.6667 normal random 0.05 100 1.9 0.95 14
2200290 2200290 20 6.6667 normal random 0.05 1000 0.05 0.05 14
2200290 2200290 20 6.6667 normal random 0.05 1000 0.05 0.5 14
2200290 2200290 20 6.6667 normal random 0.05 1000 0.05 0.95 14
2200290 2200290 20 6.6667 normal random 0.05 1000 0.5 0.05 14
2200290 2200290 20 6.6667 normal random 0.05 1000 0.5 0.5 14
2200290 2200290 20 6.6667 normal random 0.05 1000 0.5 0.95 14
2200290 2200290 20 6.6667 normal random 0.05 1000 0.95 0.05 14
2200290 2200290 20 6.6667 normal random 0.05 1000 0.95 0.5 14
2200290 2200290 20 6.6667 normal random 0.05 1000 0.95 0.95 14
2200290 2200290 20 6.6667 normal random 0.05 1000 1.4 0.05 14
2200290 2200290 20 6.6667 normal random 0.05 1000 1.4 0.5 14
2200290 2200290 20 6.6667 normal random 0.05 1000 1.4 0.95 14
2200290 2200290 20 6.6667 normal random 0.05 1000 1.9 0.05 14
2200290 2200290 20 6.6667 normal random 0.05 1000 1.9 0.5 14
2200290 2200290 20 6.6667 normal random 0.05 1000 1.9 0.95 14
2200290 2200290 20 6.6667 normal random 0.05 10000 0.05 0.05 14
2200290 2200290 20 6.6667 normal random 0.05 10000 0.05 0.5 14
2200290 2200290 20 6.6667 normal random 0.05 10000 0.05 0.95 14
2200290 2200290 20 6.6667 normal random 0.05 10000 0.5 0.05 14
2200290 2200290 20 6.6667 normal random 0.05 10000 0.5 0.5 14
2200290 2200290 20 6.6667 normal random 0.05 10000 0.5 0.95 14
2200290 2200290 20 6.6667 normal random 0.05 10000 0.95 0.05 14
2200290 2200290 20 6.6667 normal random 0.05 10000 0.95 0.5 14
2200290 2200290 20 6.6667 normal random 0.05 10000 0.95 0.95 14
2200290 2200290 20 6.6667 normal random 0.05 10000 1.4 0.05 14
2200290 2200290 20 6.6667 normal random 0.05 10000 1.4 0.5 14
2200290 2200290 20 6.6667 normal random 0.05 10000 1.4 0.95 14
2200290 2200290 20 6.6667 normal random 0.05 10000 1.9 0.05 14
2200290 2200290 20 6.6667 normal random 0.05 10000 1.9 0.5 14
2200290 2200290 20 6.6667 normal random 0.05 10000 1.9 0.95 14
2200290 2200290 20 6.6667 normal random 0.3 0 0.05 0.05 14
2200290 2200290 20 6.6667 normal random 0.3 0 0.05 0.5 14
2200290 2200290 20 6.6667 normal random 0.3 0 0.05 0.95 14
2200290 2200290 20 6.6667 normal random 0.3 0 0.5 0.05 14
2200290 2200290 20 6.6667 normal random 0.3 0 0.5 0.5 14
2200290 2200290 20 6.6667 normal random 0.3 0 0.5 0.95 14
2200290 2200290 20 6.6667 normal random 0.3 0 0.95 0.05 14
2200290 2200290 20 6.6667 normal random 0.3 0 0.95 0.5 14
2200290 2200290 20 6.6667 normal random 0.3 0 0.95 0.95 14
2200290 2200290 20 6.6667 normal random 0.3 0 1.4 0.05 14
2200290 2200290 20 6.6667 normal random 0.3 0 1.4 0.5 14
2200290 2200290 20 6.6667 normal random 0.3 0 1.4 0.95 14
2200290 2200290 20 6.6667 normal random 0.3 0 1.9 0.05 14
2200290 2200290 20 6.6667 normal random 0.3 0 1.9 0.5 14
2200290 2200290 20 6.6667 normal random 0.3 0 1.9 0.95 14
2200290 2200290 20 6.6667 normal random 0.3 100 0.05 0.05 14
2200290 2200290 20 6.6667 normal random 0.3 100 0.05 0.5 14
2200290 2200290 20 6.6667 normal random 0.3 100 0.05 0.95 14
2200290 2200290 20 6.6667 normal random 0.3 100 0.5 0.05 14
2200290 2200290 20 6.6667 normal random 0.3 100 0.5 0.5 14
2200290 2200290 20 6.6667 normal random 0.3 100 0.5 0.95 14
2200290 2200290 20 6.6667 normal random 0.3 100 0.95 0.05 14
2200290 2200290 20 6.6667 normal random 0.3 100 0.95 0.5 14
2200290 2200290 20 6.6667 normal random 0.3 100 0.95 0.95 14
2200290 2200290 20 6.6667 normal random 0.3 100 1.4 0.05 14
2200290 2200290 20 6.6667 normal random 0.3 100 1.4 0.5 14
2200290 2200290 20 6.6667 normal random 0.3 100 1.4 0.95 14
2200290 2200290 20 6.6667 normal random 0.3 100 1.9 0.05 14
2200290 2200290 20 6.6667 normal random 0.3 100 1.9 0.5 14
2200290 2200290 20 6.6667 normal random 0.3 100 1.9 0.95 14
2200290 2200290 20 6.6667 normal random 0.3 1000 0.05 0.05 14
2200290 2200290 20 6.6667 normal random 0.3 1000 0.05 0.5 14
2200290 2200290 20 6.6667 normal random 0.3 1000 0.05 0.95 14
2200290 2200290 20 6.6667 normal random 0.3 1000 0.5 0.05 14
2200290 2200290 20 6.6667 normal random 0.3 1000 0.5 0.5 14
2200290 2200290 20 6.6667 normal random 0.3 1000 0.5 0.95 14
2200290 2200290 20 6.6667 normal random 0.3 1000 0.95 0.05 14
2200290 2200290 20 6.6667 normal random 0.3 1000 0.95 0.5 14
2200290 2200290 20 6.6667 normal random 0.3 1000 0.95 0.95 14
2200290 2200290 20 6.6667 normal random 0.3 1000 1.4 0.05 14
2200290 2200290 20 6.6667 normal random 0.3 1000 1.4 0.5 14
2200290 2200290 20 6.6667 normal random 0.3 1000 1.4 0.95 14
2200290 2200290 20 6.6667 normal random 0.3 1000 1.9 0.05 14
2200290 2200290 20 6.6667 normal random 0.3 1000 1.9 0.5 14
2200290 2200290 20 6.6667 normal random 0.3 1000 1.9 0.95 14
2200290 2200290 20 6.6667 normal random 0.3 10000 0.05 0.05 14
2200290 2200290 20 6.6667 normal random 0.3 10000 0.05 0.5 14
2200290 2200290 20 6.6667 normal random 0.3 10000 0.05 0.95 14
2200290 2200290 20 6.6667 normal random 0.3 10000 0.5 0.05 14
2200290 2200290 20 6.6667 normal random 0.3 10000 0.5 0.5 14
2200290 2200290 20 6.6667 normal random 0.3 10000 0.5 0.95 14
2200290 2200290 20 6.6667 normal random 0.3 10000 0.95 0.05 14
2200290 2200290 20 6.6667 normal random 0.3 10000 0.95 0.5 14
2200290 2200290 20 6.6667 normal random 0.3 10000 0.95 0.95 14
2200290 2200290 20 6.6667 normal random 0.3 10000 1.4 0.05 14
2200290 2200290 20 6.6667 normal random 0.3 10000 1.4 0.5 14
2200290 2200290 20 6.6667 normal random 0.3 10000 1.4 0.95 14
2200290 2200290 20 6.6667 normal random 0.3 10000 1.9 0.05 14
2200290 2200290 20 6.6667 normal random 0.3 10000 1.9 0.5 14
2200290 2200290 20 6.6667 normal random 0.3 10000 1.9 0.95 14
2200290 2200290 20 6.6667 normal random 0.6 0 0.05 0.05 14
2200290 2200290 20 6.6667 normal random 0.6 0 0.05 0.5 14
2200290 2200290 20 6.6667 normal random 0.6 0 0.05 0.95 14
2200290 2200290 20 6.6667 normal random 0.6 0 0.5 0.05 14
2200290 2200290 20 6.6667 normal random 0.6 0 0.5 0.5 14
2200290 2200290 20 6.6667 normal random 0.6 0 0.5 0.95 14
2200290 2200290 20 6.6667 normal random 0.6 0 0.95 0.05 14
2200290 2200290 20 6.6667 normal random 0.6 0 0.95 0.5 14
2200290 2200290 20 6.6667 normal random 0.6 0 0.95 0.95 14
2200290 2200290 20 6.6667 normal random 0.6 0 1.4 0.05 14
2200290 2200290 20 6.6667 normal random 0.6 0 1.4 0.5 14
2200290 2200290 20 6.6667 normal random 0.6 0 1.4 0.95 14
2200290 2200290 20 6.6667 normal random 0.6 0 1.9 0.05 14
2200290 2200290 20 6.6667 normal random 0.6 0 1.9 0.5 14
2200290 2200290 20 6.6667 normal random 0.6 0 1.9 0.95 14
2200290 2200290 20 6.6667 normal random 0.6 100 0.05 0.05 14
2200290 2200290 20 6.6667 normal random 0.6 100 0.05 0.5 14
2200290 2200290 20 6.6667 normal random 0.6 100 0.05 0.95 14
2200290 2200290 20 6.6667 normal random 0.6 100 0.5 0.05 14
2200290 2200290 20 6.6667 normal random 0.6 100 0.5 0.5 14
2200290 2200290 20 6.6667 normal random 0.6 100 0.5 0.95 14
2200290 2200290 20 6.6667 normal random 0.6 100 0.95 0.05 14
2200290 2200290 20 6.6667 normal random 0.6 100 0.95 0.5 14
2200290 2200290 20 6.6667 normal random 0.6 100 0.95 0.95 14
2200290 2200290 20 6.6667 normal random 0.6 100 1.4 0.05 14
2200290 2200290 20 6.6667 normal random 0.6 100 1.4 0.5 14
2200290 2200290 20 6.6667 normal random 0.6 100 1.4 0.95 14
2200290 2200290 20 6.6667 normal random 0.6 100 1.9 0.05 14
2200290 2200290 20 6.6667 normal random 0.6 100 1.9 0.5 14
2200290 2200290 20 6.6667 normal random 0.6 100 1.9 0.95 14
2200290 2200290 20 6.6667 normal random 0.6 1000 0.05 0.05 14
2200290 2200290 20 6.6667 normal random 0.6 1000 0.05 0.5 14
2200290 2200290 20 6.6667 normal random 0.6 1000 0.05 0.95 14
2200290 2200290 20 6.6667 normal random 0.6 1000 0.5 0.05 14
2200290 2200290 20 6.6667 normal random 0.6 1000 0.5 0.5 14
2200290 2200290 20 6.6667 normal random 0.6 1000 0.5 0.95 14
2200290 2200290 20 6.6667 normal random 0.6 1000 0.95 0.05 14
2200290 2200290 20 6.6667 normal random 0.6 1000 0.95 0.5 14
2200290 2200290 20 6.6667 normal random 0.6 1000 0.95 0.95 14
2200290 2200290 20 6.6667 normal random 0.6 1000 1.4 0.05 14
2200290 2200290 20 6.6667 normal random 0.6 1000 1.4 0.5 14
2200290 2200290 20 6.6667 normal random 0.6 1000 1.4 0.95 14
2200290 2200290 20 6.6667 normal random 0.6 1000 1.9 0.05 14
2200290 2200290 20 6.6667 normal random 0.6 1000 1.9 0.5 14
2200290 2200290 20 6.6667 normal random 0.6 1000 1.9 0.95 14
2200290 2200290 20 6.6667 normal random 0.6 10000 0.05 0.05 14
2200290 2200290 20 6.6667 normal random 0.6 10000 0.05 0.5 14
2200290 2200290 20 6.6667 normal random 0.6 10000 0.05 0.95 14
2200290 2200290 20 6.6667 normal random 0.6 10000 0.5 0.05 14
2200290 2200290 20 6.6667 normal random 0.6 10000 0.5 0.5 14
2200290 2200290 20 6.6667 normal random 0.6 10000 0.5 0.95 14
2200290 2200290 20 6.6667 normal random 0.6 10000 0.95 0.05 14
2200290 2200290 20 6.6667 normal random 0.6 10000 0.95 0.5 14
2200290 2200290 20 6.6667 normal random 0.6 10000 0.95 0.95 14
2200290 2200290 20 6.6667 normal random 0.6 10000 1.4 0.05 14
2200290 2200290 20 6.6667 normal random 0.6 10000 1.4 0.5 14
2200290 2200290 20 6.6667 normal random 0.6 10000 1.4 0.95 14
2200290 2200290 20 6.6667 normal random 0.6 10000 1.9 0.05 14
2200290 2200290 20 6.6667 normal random 0.6 10000 1.9 0.5 14
2200290 2200290 20 6.6667 normal random 0.6 10000 1.9 0.95 14
3519605 3519605 20 6.6667 normal random 0.05 0 0.05 0.05 14
3519605 3519605 20 6.6667 normal random 0.05 0 0.05 0.5 14
3519605 3519605 20 6.6667 normal random 0.05 0 0.05 0.95 14
3519605 3519605 20 6.6667 normal random 0.05 0 0.5 0.05 14
3519605 3519605 20 6.6667 normal random 0.05 0 0.5 0.5 14
3519605 3519605 20 6.6667 normal random 0.05 0 0.5 0.95 14
3519605 3519605 20 6.6667 normal random 0.05 0 0.95 0.05 14
3519605 3519605 20 6.6667 normal random 0.05 0 0.95 0.5 14
3519605 3519605 20 6.6667 normal random 0.05 0 0.95 0.95 14
3519605 3519605 20 6.6667 normal random 0.05 0 1.4 0.05 14
3519605 3519605 20 6.6667 normal random 0.05 0 1.4 0.5 14
3519605 3519605 20 6.6667 normal random 0.05 0 1.4 0.95 14
3519605 3519605 20 6.6667 normal random 0.05 0 1.9 0.05 14
3519605 3519605 20 6.6667 normal random 0.05 0 1.9 0.5 14
3519605 3519605 20 6.6667 normal random 0.05 0 1.9 0.95 14
3519605 3519605 20 6.6667 normal random 0.05 100 0.05 0.05 14
3519605 3519605 20 6.6667 normal random 0.05 100 0.05 0.5 14
3519605 3519605 20 6.6667 normal random 0.05 100 0.05 0.95 14
3519605 3519605 20 6.6667 normal random 0.05 100 0.5 0.05 14
3519605 3519605 20 6.6667 normal random 0.05 100 0.5 0.5 14
3519605 3519605 20 6.6667 normal random 0.05 100 0.5 0.95 14
3519605 3519605 20 6.6667 normal random 0.05 100 0.95 0.05 14
3519605 3519605 20 6.6667 normal random 0.05 100 0.95 0.5 14
3519605 3519605 20 6.6667 normal random 0.05 100 0.95 0.95 14
3519605 3519605 20 6.6667 normal random 0.05 100 1.4 0.05 14
3519605 3519605 20 6.6667 normal random 0.05 100 1.4 0.5 14
3519605 3519605 20 6.6667 normal random 0.05 100 1.4 0.95 14
3519605 3519605 20 6.6667 normal random 0.05 100 1.9 0.05 14
3519605 3519605 20 6.6667 normal random 0.05 100 1.9 0.5 14
3519605 3519605 20 6.6667 normal random 0.05 100 1.9 0.95 14
3519605 3519605 20 6.6667 normal random 0.05 1000 0.05 0.05 14
3519605 3519605 20 6.6667 normal random 0.05 1000 0.05 0.5 14
3519605 3519605 20 6.6667 normal random 0.05 1000 0.05 0.95 14
3519605 3519605 20 6.6667 normal random 0.05 1000 0.5 0.05 14
3519605 3519605 20 6.6667 normal random 0.05 1000 0.5 0.5 14
3519605 3519605 20 6.6667 normal random 0.05 1000 0.5 0.95 14
3519605 3519605 20 6.6667 normal random 0.05 1000 0.95 0.05 14
3519605 3519605 20 6.6667 normal random 0.05 1000 0.95 0.5 14
3519605 3519605 20 6.6667 normal random 0.05 1000 0.95 0.95 14
3519605 3519605 20 6.6667 normal random 0.05 1000 1.4 0.05 14
3519605 3519605 20 6.6667 normal random 0.05 1000 1.4 0.5 14
3519605 3519605 20 6.6667 normal random 0.05 1000 1.4 0.95 14
3519605 3519605 20 6.6667 normal random 0.05 1000 1.9 0.05 14
3519605 3519605 20 6.6667 normal random 0.05 1000 1.9 0.5 14
3519605 3519605 20 6.6667 normal random 0.05 1000 1.9 0.95 14
3519605 3519605 20 6.6667 normal random 0.05 10000 0.05 0.05 14
3519605 3519605 20 6.6667 normal random 0.05 10000 0.05 0.5 14
3519605 3519605 20 6.6667 normal random 0.05 10000 0.05 0.95 14
3519605 3519605 20 6.6667 normal random 0.05 10000 0.5 0.05 14
3519605 3519605 20 6.6667 normal random 0.05 10000 0.5 0.5 14
3519605 3519605 20 6.6667 normal random 0.05 10000 0.5 0.95 14
3519605 3519605 20 6.6667 normal random 0.05 10000 0.95 0.05 14
3519605 3519605 20 6.6667 normal random 0.05 10000 0.95 0.5 14
3519605 3519605 20 6.6667 normal random 0.05 10000 0.95 0.95 14
3519605 3519605 20 6.6667 normal random 0.05 10000 1.4 0.05 14
3519605 3519605 20 6.6667 normal random 0.05 10000 1.4 0.5 14
3519605 3519605 20 6.6667 normal random 0.05 10000 1.4 0.95 14
3519605 3519605 20 6.6667 normal random 0.05 10000 1.9 0.05 14
3519605 3519605 20 6.6667 normal random 0.05 10000 1.9 0.5 14
3519605 3519605 20 6.6667 normal random 0.05 10000 1.9 0.95 14
3519605 3519605 20 6.6667 normal random 0.3 0 0.05 0.05 14
3519605 3519605 20 6.6667 normal random 0.3 0 0.05 0.5 14
3519605 3519605 20 6.6667 normal random 0.3 0 0.05 0.95 14
3519605 3519605 20 6.6667 normal random 0.3 0 0.5 0.05 14
3519605 3519605 20 6.6667 normal random 0.3 0 0.5 0.5 14
3519605 3519605 20 6.6667 normal random 0.3 0 0.5 0.95 14
3519605 3519605 20 6.6667 normal random 0.3 0 0.95 0.05 14
3519605 3519605 20 6.6667 normal random 0.3 0 0.95 0.5 14
3519605 3519605 20 6.6667 normal random 0.3 0 0.95 0.95 14
3519605 3519605 20 6.6667 normal random 0.3 0 1.4 0.05 14
3519605 3519605 20 6.6667 normal random 0.3 0 1.4 0.5 14
3519605 3519605 20 6.6667 normal random 0.3 0 1.4 0.95 14
3519605 3519605 20 6.6667 normal random 0.3 0 1.9 0.05 14
3519605 3519605 20 6.6667 normal random 0.3 0 1.9 0.5 14
3519605 3519605 20 6.6667 normal random 0.3 0 1.9 0.95 14
3519605 3519605 20 6.6667 normal random 0.3 100 0.05 0.05 14
3519605 3519605 20 6.6667 normal random 0.3 100 0.05 0.5 14
3519605 3519605 20 6.6667 normal random 0.3 100 0.05 0.95 14
3519605 3519605 20 6.6667 normal random 0.3 100 0.5 0.05 14
3519605 3519605 20 6.6667 normal random 0.3 100 0.5 0.5 14
3519605 3519605 20 6.6667 normal random 0.3 100 0.5 0.95 14
3519605 3519605 20 6.6667 normal random 0.3 100 0.95 0.05 14
3519605 3519605 20 6.6667 normal random 0.3 100 0.95 0.5 14
3519605 3519605 20 6.6667 normal random 0.3 100 0.95 0.95 14
3519605 3519605 20 6.6667 normal random 0.3 100 1.4 0.05 14
3519605 3519605 20 6.6667 normal random 0.3 100 1.4 0.5 14
3519605 3519605 20 6.6667 normal random 0.3 100 1.4 0.95 14
3519605 3519605 20 6.6667 normal random 0.3 100 1.9 0.05 14
3519605 3519605 20 6.6667 normal random 0.3 100 1.9 0.5 14
3519605 3519605 20 6.6667 normal random 0.3 100 1.9 0.95 14
3519605 3519605 20 6.6667 normal random 0.3 1000 0.05 0.05 14
3519605 3519605 20 6.6667 normal random 0.3 1000 0.05 0.5 14
3519605 3519605 20 6.6667 normal random 0.3 1000 0.05 0.95 14
3519605 3519605 20 6.6667 normal random 0.3 1000 0.5 0.05 14
3519605 3519605 20 6.6667 normal random 0.3 1000 0.5 0.5 14
3519605 3519605 20 6.6667 normal random 0.3 1000 0.5 0.95 14
3519605 3519605 20 6.6667 normal random 0.3 1000 0.95 0.05 14
3519605 3519605 20 6.6667 normal random 0.3 1000 0.95 0.5 14
3519605 3519605 20 6.6667 normal random 0.3 1000 0.95 0.95 14
3519605 3519605 20 6.6667 normal random 0.3 1000 1.4 0.05 14
3519605 3519605 20 6.6667 normal random 0.3 1000 1.4 0.5 14
3519605 3519605 20 6.6667 normal random 0.3 1000 1.4 0.95 14
3519605 3519605 20 6.6667 normal random 0.3 1000 1.9 0.05 14
3519605 3519605 20 6.6667 normal random 0.3 1000 1.9 0.5 14
3519605 3519605 20 6.6667 normal random 0.3 1000 1.9 0.95 14
3519605 3519605 20 6.6667 normal random 0.3 10000 0.05 0.05 14
3519605 3519605 20 6.6667 normal random 0.3 10000 0.05 0.5 14
3519605 3519605 20 6.6667 normal random 0.3 10000 0.05 0.95 14
3519605 3519605 20 6.6667 normal random 0.3 10000 0.5 0.05 14
3519605 3519605 20 6.6667 normal random 0.3 10000 0.5 0.5 14
3519605 3519605 20 6.6667 normal random 0.3 10000 0.5 0.95 14
3519605 3519605 20 6.6667 normal random 0.3 10000 0.95 0.05 14
3519605 3519605 20 6.6667 normal random 0.3 10000 0.95 0.5 14
3519605 3519605 20 6.6667 normal random 0.3 10000 0.95 0.95 14
3519605 3519605 20 6.6667 normal random 0.3 10000 1.4 0.05 14
3519605 3519605 20 6.6667 normal random 0.3 10000 1.4 0.5 14
3519605 3519605 20 6.6667 normal random 0.3 10000 1.4 0.95 14
3519605 3519605 20 6.6667 normal random 0.3 10000 1.9 0.05 14
3519605 3519605 20 6.6667 normal random 0.3 10000 1.9 0.5 14
3519605 3519605 20 6.6667 normal random 0.3 10000 1.9 0.95 14
3519605 3519605 20 6.6667 normal random 0.6 0 0.05 0.05 14
3519605 3519605 20 6.6667 normal random 0.6 0 0.05 0.5 14
3519605 3519605 20 6.6667 normal random 0.6 0 0.05 0.95 14
3519605 3519605 20 6.6667 normal random 0.6 0 0.5 0.05 14
3519605 3519605 20 6.6667 normal random 0.6 0 0.5 0.5 14
3519605 3519605 20 6.6667 normal random 0.6 0 0.5 0.95 14
3519605 3519605 20 6.6667 normal random 0.6 0 0.95 0.05 14
3519605 3519605 20 6.6667 normal random 0.6 0 0.95 0.5 14
3519605 3519605 20 6.6667 normal random 0.6 0 0.95 0.95 14
3519605 3519605 20 6.6667 normal random 0.6 0 1.4 0.05 14
3519605 3519605 20 6.6667 normal random 0.6 0 1.4 0.5 14
3519605 3519605 20 6.6667 normal random 0.6 0 1.4 0.95 14
3519605 3519605 20 6.6667 normal random 0.6 0 1.9 0.05 14
3519605 3519605 20 6.6667 normal random 0.6 0 1.9 0.5 14
3519605 3519605 20 6.6667 normal random 0.6 0 1.9 0.95 14
3519605 3519605 20 6.6667 normal random 0.6 100 0.05 0.05 14
3519605 3519605 20 6.6667 normal random 0.6 100 0.05 0.5 14
3519605 3519605 20 6.6667 normal random 0.6 100 0.05 0.95 14
3519605 3519605 20 6.6667 normal random 0.6 100 0.5 0.05 14
3519605 3519605 20 6.6667 normal random 0.6 100 0.5 0.5 14
3519605 3519605 20 6.6667 normal random 0.6 100 0.5 0.95 14
3519605 3519605 20 6.6667 normal random 0.6 100 0.95 0.05 14
3519605 3519605 20 6.6667 normal random 0.6 100 0.95 0.5 14
3519605 3519605 20 6.6667 normal random 0.6 100 0.95 0.95 14
3519605 3519605 20 6.6667 normal random 0.6 100 1.4 0.05 14
3519605 3519605 20 6.6667 normal random 0.6 100 1.4 0.5 14
3519605 3519605 20 6.6667 normal random 0.6 100 1.4 0.95 14
3519605 3519605 20 6.6667 normal random 0.6 100 1.9 0.05 14
3519605 3519605 20 6.6667 normal random 0.6 100 1.9 0.5 14
3519605 3519605 20 6.6667 normal random 0.6 100 1.9 0.95 14
3519605 3519605 20 6.6667 normal random 0.6 1000 0.05 0.05 14
3519605 3519605 20 6.6667 normal random 0.6 1000 0.05 0.5 14
3519605 3519605 20 6.6667 normal random 0.6 1000 0.05 0.95 14
3519605 3519605 20 6.6667 normal random 0.6 1000 0.5 0.05 14
3519605 3519605 20 6.6667 normal random 0.6 1000 0.5 0.5 14
3519605 3519605 20 6.6667 normal random 0.6 1000 0.5 0.95 14
3519605 3519605 20 6.6667 normal random 0.6 1000 0.95 0.05 14
3519605 3519605 20 6.6667 normal random 0.6 1000 0.95 0.5 14
3519605 3519605 20 6.6667 normal random 0.6 1000 0.95 0.95 14
3519605 3519605 20 6.6667 normal random 0.6 1000 1.4 0.05 14
3519605 3519605 20 6.6667 normal random 0.6 1000 1.4 0.5 14
3519605 3519605 20 6.6667 normal random 0.6 1000 1.4 0.95 14
3519605 3519605 20 6.6667 normal random 0.6 1000 1.9 0.05 14
3519605 3519605 20 6.6667 normal random 0.6 1000 1.9 0.5 14
3519605 3519605 20 6.6667 normal random 0.6 1000 1.9 0.95 14
3519605 3519605 20 6.6667 normal random 0.6 10000 0.05 0.05 14
3519605 3519605 20 6.6667 normal random 0.6 10000 0.05 0.5 14
3519605 3519605 20 6.6667 normal random 0.6 10000 0.05 0.95 14
3519605 3519605 20 6.6667 normal random 0.6 10000 0.5 0.05 14
3519605 3519605 20 6.6667 normal random 0.6 10000 0.5 0.5 14
3519605 3519605 20 6.6667 normal random 0.6 10000 0.5 0.95 14
3519605 3519605 20 6.6667 normal random 0.6 10000 0.95 0.05 14
3519605 3519605 20 6.6667 normal random 0.6 10000 0.95 0.5 14
3519605 3519605 20 6.6667 normal random 0.6 10000 0.95 0.95 14
3519605 3519605 20 6.6667 normal random 0.6 10000 1.4 0.05 14
3519605 3519605 20 6.6667 normal random 0.6 10000 1.4 0.5 14
3519605 3519605 20 6.6667 normal random 0.6 10000 1.4 0.95 14
3519605 3519605 20 6.6667 normal random 0.6 10000 1.9 0.05 14
3519605 3519605 20 6.6667 normal random 0.6 10000 1.9 0.5 14
3519605 3519605 20 6.6667 normal random 0.6 10000 1.9 0.95 14
4838920 4838920 20 6.6667 normal random 0.05 0 0.05 0.05 14
4838920 4838920 20 6.6667 normal random 0.05 0 0.05 0.5 14
4838920 4838920 20 6.6667 normal random 0.05 0 0.05 0.95 14
4838920 4838920 20 6.6667 normal random 0.05 0 0.5 0.05 14
4838920 4838920 20 6.6667 normal random 0.05 0 0.5 0.5 14
4838920 4838920 20 6.6667 normal random 0.05 0 0.5 0.95 14
4838920 4838920 20 6.6667 normal random 0.05 0 0.95 0.05 14
4838920 4838920 20 6.6667 normal random 0.05 0 0.95 0.5 14
4838920 4838920 20 6.6667 normal random 0.05 0 0.95 0.95 14
4838920 4838920 20 6.6667 normal random 0.05 0 1.4 0.05 14
4838920 4838920 20 6.6667 normal random 0.05 0 1.4 0.5 14
4838920 4838920 20 6.6667 normal random 0.05 0 1.4 0.95 14
4838920 4838920 20 6.6667 normal random 0.05 0 1.9 0.05 14
4838920 4838920 20 6.6667 normal random 0.05 0 1.9 0.5 14
4838920 4838920 20 6.6667 normal random 0.05 0 1.9 0.95 14
4838920 4838920 20 6.6667 normal random 0.05 100 0.05 0.05 14
4838920 4838920 20 6.6667 normal random 0.05 100 0.05 0.5 14
4838920 4838920 20 6.6667 normal random 0.05 100 0.05 0.95 14
4838920 4838920 20 6.6667 normal random 0.05 100 0.5 0.05 14
4838920 4838920 20 6.6667 normal random 0.05 100 0.5 0.5 14
4838920 4838920 20 6.6667 normal random 0.05 100 0.5 0.95 14
4838920 4838920 20 6.6667 normal random 0.05 100 0.95 0.05 14
4838920 4838920 20 6.6667 normal random 0.05 100 0.95 0.5 14
4838920 4838920 20 6.6667 normal random 0.05 100 0.95 0.95 14
4838920 4838920 20 6.6667 normal random 0.05 100 1.4 0.05 14
4838920 4838920 20 6.6667 normal random 0.05 100 1.4 0.5 14
4838920 4838920 20 6.6667 normal random 0.05 100 1.4 0.95 14
4838920 4838920 20 6.6667 normal random 0.05 100 1.9 0.05 14
4838920 4838920 20 6.6667 normal random 0.05 100 1.9 0.5 14
4838920 4838920 20 6.6667 normal random 0.05 100 1.9 0.95 14
4838920 4838920 20 6.6667 normal random 0.05 1000 0.05 0.05 14
4838920 4838920 20 6.6667 normal random 0.05 1000 0.05 0.5 14
4838920 4838920 20 6.6667 normal random 0.05 1000 0.05 0.95 14
4838920 4838920 20 6.6667 normal random 0.05 1000 0.5 0.05 14
4838920 4838920 20 6.6667 normal random 0.05 1000 0.5 0.5 14
4838920 4838920 20 6.6667 normal random 0.05 1000 0.5 0.95 14
4838920 4838920 20 6.6667 normal random 0.05 1000 0.95 0.05 14
4838920 4838920 20 6.6667 normal random 0.05 1000 0.95 0.5 14
4838920 4838920 20 6.6667 normal random 0.05 1000 0.95 0.95 14
4838920 4838920 20 6.6667 normal random 0.05 1000 1.4 0.05 14
4838920 4838920 20 6.6667 normal random 0.05 1000 1.4 0.5 14
4838920 4838920 20 6.6667 normal random 0.05 1000 1.4 0.95 14
4838920 4838920 20 6.6667 normal random 0.05 1000 1.9 0.05 14
4838920 4838920 20 6.6667 normal random 0.05 1000 1.9 0.5 14
4838920 4838920 20 6.6667 normal random 0.05 1000 1.9 0.95 14
4838920 4838920 20 6.6667 normal random 0.05 10000 0.05 0.05 14
4838920 4838920 20 6.6667 normal random 0.05 10000 0.05 0.5 14
4838920 4838920 20 6.6667 normal random 0.05 10000 0.05 0.95 14
4838920 4838920 20 6.6667 normal random 0.05 10000 0.5 0.05 14
4838920 4838920 20 6.6667 normal random 0.05 10000 0.5 0.5 14
4838920 4838920 20 6.6667 normal random 0.05 10000 0.5 0.95 14
4838920 4838920 20 6.6667 normal random 0.05 10000 0.95 0.05 14
4838920 4838920 20 6.6667 normal random 0.05 10000 0.95 0.5 14
4838920 4838920 20 6.6667 normal random 0.05 10000 0.95 0.95 14
4838920 4838920 20 6.6667 normal random 0.05 10000 1.4 0.05 14
4838920 4838920 20 6.6667 normal random 0.05 10000 1.4 0.5 14
4838920 4838920 20 6.6667 normal random 0.05 10000 1.4 0.95 14
4838920 4838920 20 6.6667 normal random 0.05 10000 1.9 0.05 14
4838920 4838920 20 6.6667 normal random 0.05 10000 1.9 0.5 14
4838920 4838920 20 6.6667 normal random 0.05 10000 1.9 0.95 14
4838920 4838920 20 6.6667 normal random 0.3 0 0.05 0.05 14
4838920 4838920 20 6.6667 normal random 0.3 0 0.05 0.5 14
4838920 4838920 20 6.6667 normal random 0.3 0 0.05 0.95 14
4838920 4838920 20 6.6667 normal random 0.3 0 0.5 0.05 14
4838920 4838920 20 6.6667 normal random 0.3 0 0.5 0.5 14
4838920 4838920 20 6.6667 normal random 0.3 0 0.5 0.95 14
4838920 4838920 20 6.6667 normal random 0.3 0 0.95 0.05 14
4838920 4838920 20 6.6667 normal random 0.3 0 0.95 0.5 14
4838920 4838920 20 6.6667 normal random 0.3 0 0.95 0.95 14
4838920 4838920 20 6.6667 normal random 0.3 0 1.4 0.05 14
4838920 4838920 20 6.6667 normal random 0.3 0 1.4 0.5 14
4838920 4838920 20 6.6667 normal random 0.3 0 1.4 0.95 14
4838920 4838920 20 6.6667 normal random 0.3 0 1.9 0.05 14
4838920 4838920 20 6.6667 normal random 0.3 0 1.9 0.5 14
4838920 4838920 20 6.6667 normal random 0.3 0 1.9 0.95 14
4838920 4838920 20 6.6667 normal random 0.3 100 0.05 0.05 14
4838920 4838920 20 6.6667 normal random 0.3 100 0.05 0.5 14
4838920 4838920 20 6.6667 normal random 0.3 100 0.05 0.95 14
4838920 4838920 20 6.6667 normal random 0.3 100 0.5 0.05 14
4838920 4838920 20 6.6667 normal random 0.3 100 0.5 0.5 14
4838920 4838920 20 6.6667 normal random 0.3 100 0.5 0.95 14
4838920 4838920 20 6.6667 normal random 0.3 100 0.95 0.05 14
4838920 4838920 20 6.6667 normal random 0.3 100 0.95 0.5 14
4838920 4838920 20 6.6667 normal random 0.3 100 0.95 0.95 14
4838920 4838920 20 6.6667 normal random 0.3 100 1.4 0.05 14
4838920 4838920 20 6.6667 normal random 0.3 100 1.4 0.5 14
4838920 4838920 20 6.6667 normal random 0.3 100 1.4 0.95 14
4838920 4838920 20 6.6667 normal random 0.3 100 1.9 0.05 14
4838920 4838920 20 6.6667 normal random 0.3 100 1.9 0.5 14
4838920 4838920 20 6.6667 normal random 0.3 100 1.9 0.95 14
4838920 4838920 20 6.6667 normal random 0.3 1000 0.05 0.05 14
4838920 4838920 20 6.6667 normal random 0.3 1000 0.05 0.5 14
4838920 4838920 20 6.6667 normal random 0.3 1000 0.05 0.95 14
4838920 4838920 20 6.6667 normal random 0.3 1000 0.5 0.05 14
4838920 4838920 20 6.6667 normal random 0.3 1000 0.5 0.5 14
4838920 4838920 20 6.6667 normal random 0.3 1000 0.5 0.95 14
4838920 4838920 20 6.6667 normal random 0.3 1000 0.95 0.05 14
4838920 4838920 20 6.6667 normal random 0.3 1000 0.95 0.5 14
4838920 4838920 20 6.6667 normal random 0.3 1000 0.95 0.95 14
4838920 4838920 20 6.6667 normal random 0.3 1000 1.4 0.05 14
4838920 4838920 20 6.6667 normal random 0.3 1000 1.4 0.5 14
4838920 4838920 20 6.6667 normal random 0.3 1000 1.4 0.95 14
4838920 4838920 20 6.6667 normal random 0.3 1000 1.9 0.05 14
4838920 4838920 20 6.6667 normal random 0.3 1000 1.9 0.5 14
4838920 4838920 20 6.6667 normal random 0.3 1000 1.9 0.95 14
4838920 4838920 20 6.6667 normal random 0.3 10000 0.05 0.05 14
4838920 4838920 20 6.6667 normal random 0.3 10000 0.05 0.5 14
4838920 4838920 20 6.6667 normal random 0.3 10000 0.05 0.95 14
4838920 4838920 20 6.6667 normal random 0.3 10000 0.5 0.05 14
4838920 4838920 20 6.6667 normal random 0.3 10000 0.5 0.5 14
4838920 4838920 20 6.6667 normal random 0.3 10000 0.5 0.95 14
4838920 4838920 20 6.6667 normal random 0.3 10000 0.95 0.05 14
4838920 4838920 20 6.6667 normal random 0.3 10000 0.95 0.5 14
4838920 4838920 20 6.6667 normal random 0.3 10000 0.95 0.95 14
4838920 4838920 20 6.6667 normal random 0.3 10000 1.4 0.05 14
4838920 4838920 20 6.6667 normal random 0.3 10000 1.4 0.5 14
4838920 4838920 20 6.6667 normal random 0.3 10000 1.4 0.95 14
4838920 4838920 20 6.6667 normal random 0.3 10000 1.9 0.05 14
4838920 4838920 20 6.6667 normal random 0.3 10000 1.9 0.5 14
4838920 4838920 20 6.6667 normal random 0.3 10000 1.9 0.95 14
4838920 4838920 20 6.6667 normal random 0.6 0 0.05 0.05 14
4838920 4838920 20 6.6667 normal random 0.6 0 0.05 0.5 14
4838920 4838920 20 6.6667 normal random 0.6 0 0.05 0.95 14
4838920 4838920 20 6.6667 normal random 0.6 0 0.5 0.05 14
4838920 4838920 20 6.6667 normal random 0.6 0 0.5 0.5 14
4838920 4838920 20 6.6667 normal random 0.6 0 0.5 0.95 14
4838920 4838920 20 6.6667 normal random 0.6 0 0.95 0.05 14
4838920 4838920 20 6.6667 normal random 0.6 0 0.95 0.5 14
4838920 4838920 20 6.6667 normal random 0.6 0 0.95 0.95 14
4838920 4838920 20 6.6667 normal random 0.6 0 1.4 0.05 14
4838920 4838920 20 6.6667 normal random 0.6 0 1.4 0.5 14
4838920 4838920 20 6.6667 normal random 0.6 0 1.4 0.95 14
4838920 4838920 20 6.6667 normal random 0.6 0 1.9 0.05 14
4838920 4838920 20 6.6667 normal random 0.6 0 1.9 0.5 14
4838920 4838920 20 6.6667 normal random 0.6 0 1.9 0.95 14
4838920 4838920 20 6.6667 normal random 0.6 100 0.05 0.05 14
4838920 4838920 20 6.6667 normal random 0.6 100 0.05 0.5 14
4838920 4838920 20 6.6667 normal random 0.6 100 0.05 0.95 14
4838920 4838920 20 6.6667 normal random 0.6 100 0.5 0.05 14
4838920 4838920 20 6.6667 normal random 0.6 100 0.5 0.5 14
4838920 4838920 20 6.6667 normal random 0.6 100 0.5 0.95 14
4838920 4838920 20 6.6667 normal random 0.6 100 0.95 0.05 14
4838920 4838920 20 6.6667 normal random 0.6 100 0.95 0.5 14
4838920 4838920 20 6.6667 normal random 0.6 100 0.95 0.95 14
4838920 4838920 20 6.6667 normal random 0.6 100 1.4 0.05 14
4838920 4838920 20 6.6667 normal random 0.6 100 1.4 0.5 14
4838920 4838920 20 6.6667 normal random 0.6 100 1.4 0.95 14
4838920 4838920 20 6.6667 normal random 0.6 100 1.9 0.05 14
4838920 4838920 20 6.6667 normal random 0.6 100 1.9 0.5 14
4838920 4838920 20 6.6667 normal random 0.6 100 1.9 0.95 14
4838920 4838920 20 6.6667 normal random 0.6 1000 0.05 0.05 14
4838920 4838920 20 6.6667 normal random 0.6 1000 0.05 0.5 14
4838920 4838920 20 6.6667 normal random 0.6 1000 0.05 0.95 14
4838920 4838920 20 6.6667 normal random 0.6 1000 0.5 0.05 14
4838920 4838920 20 6.6667 normal random 0.6 1000 0.5 0.5 14
4838920 4838920 20 6.6667 normal random 0.6 1000 0.5 0.95 14
4838920 4838920 20 6.6667 normal random 0.6 1000 0.95 0.05 14
4838920 4838920 20 6.6667 normal random 0.6 1000 0.95 0.5 14
4838920 4838920 20 6.6667 normal random 0.6 1000 0.95 0.95 14
4838920 4838920 20 6.6667 normal random 0.6 1000 1.4 0.05 14
4838920 4838920 20 6.6667 normal random 0.6 1000 1.4 0.5 14
4838920 4838920 20 6.6667 normal random 0.6 1000 1.4 0.95 14
4838920 4838920 20 6.6667 normal random 0.6 1000 1.9 0.05 14
4838920 4838920 20 6.6667 normal random 0.6 1000 1.9 0.5 14
4838920 4838920 20 6.6667 normal random 0.6 1000 1.9 0.95 14
4838920 4838920 20 6.6667 normal random 0.6 10000 0.05 0.05 14
4838920 4838920 20 6.6667 normal random 0.6 10000 0.05 0.5 14
4838920 4838920 20 6.6667 normal random 0.6 10000 0.05 0.95 14
4838920 4838920 20 6.6667 normal random 0.6 10000 0.5 0.05 14
4838920 4838920 20 6.6667 normal random 0.6 10000 0.5 0.5 14
4838920 4838920 20 6.6667 normal random 0.6 10000 0.5 0.95 14
4838920 4838920 20 6.6667 normal random 0.6 10000 0.95 0.05 14
4838920 4838920 20 6.6667 normal random 0.6 10000 0.95 0.5 14
4838920 4838920 20 6.6667 normal random 0.6 10000 0.95 0.95 14
4838920 4838920 20 6.6667 normal random 0.6 10000 1.4 0.05 14
4838920 4838920 20 6.6667 normal random 0.6 10000 1.4 0.5 14
4838920 4838920 20 6.6667 normal random 0.6 10000 1.4 0.95 14
4838920 4838920 20 6.6667 normal random 0.6 10000 1.9 0.05 14
4838920 4838920 20 6.6667 normal random 0.6 10000 1.9 0.5 14
4838920 4838920 20 6.6667 normal random 0.6 10000 1.9 0.95 14
6158235 6158235 20 6.6667 normal random 0.05 0 0.05 0.05 14
6158235 6158235 20 6.6667 normal random 0.05 0 0.05 0.5 14
6158235 6158235 20 6.6667 normal random 0.05 0 0.05 0.95 14
6158235 6158235 20 6.6667 normal random 0.05 0 0.5 0.05 14
6158235 6158235 20 6.6667 normal random 0.05 0 0.5 0.5 14
6158235 6158235 20 6.6667 normal random 0.05 0 0.5 0.95 14
6158235 6158235 20 6.6667 normal random 0.05 0 0.95 0.05 14
6158235 6158235 20 6.6667 normal random 0.05 0 0.95 0.5 14
6158235 6158235 20 6.6667 normal random 0.05 0 0.95 0.95 14
6158235 6158235 20 6.6667 normal random 0.05 0 1.4 0.05 14
6158235 6158235 20 6.6667 normal random 0.05 0 1.4 0.5 14
6158235 6158235 20 6.6667 normal random 0.05 0 1.4 0.95 14
6158235 6158235 20 6.6667 normal random 0.05 0 1.9 0.05 14
6158235 6158235 20 6.6667 normal random 0.05 0 1.9 0.5 14
6158235 6158235 20 6.6667 normal random 0.05 0 1.9 0.95 14
6158235 6158235 20 6.6667 normal random 0.05 100 0.05 0.05 14
6158235 6158235 20 6.6667 normal random 0.05 100 0.05 0.5 14
6158235 6158235 20 6.6667 normal random 0.05 100 0.05 0.95 14
6158235 6158235 20 6.6667 normal random 0.05 100 0.5 0.05 14
6158235 6158235 20 6.6667 normal random 0.05 100 0.5 0.5 14
6158235 6158235 20 6.6667 normal random 0.05 100 0.5 0.95 14
6158235 6158235 20 6.6667 normal random 0.05 100 0.95 0.05 14
6158235 6158235 20 6.6667 normal random 0.05 100 0.95 0.5 14
6158235 6158235 20 6.6667 normal random 0.05 100 0.95 0.95 14
6158235 6158235 20 6.6667 normal random 0.05 100 1.4 0.05 14
6158235 6158235 20 6.6667 normal random 0.05 100 1.4 0.5 14
6158235 6158235 20 6.6667 normal random 0.05 100 1.4 0.95 14
6158235 6158235 20 6.6667 normal random 0.05 100 1.9 0.05 14
6158235 6158235 20 6.6667 normal random 0.05 100 1.9 0.5 14
6158235 6158235 20 6.6667 normal random 0.05 100 1.9 0.95 14
6158235 6158235 20 6.6667 normal random 0.05 1000 0.05 0.05 14
6158235 6158235 20 6.6667 normal random 0.05 1000 0.05 0.5 14
6158235 6158235 20 6.6667 normal random 0.05 1000 0.05 0.95 14
6158235 6158235 20 6.6667 normal random 0.05 1000 0.5 0.05 14
6158235 6158235 20 6.6667 normal random 0.05 1000 0.5 0.5 14
6158235 6158235 20 6.6667 normal random 0.05 1000 0.5 0.95 14
6158235 6158235 20 6.6667 normal random 0.05 1000 0.95 0.05 14
6158235 6158235 20 6.6667 normal random 0.05 1000 0.95 0.5 14
6158235 6158235 20 6.6667 normal random 0.05 1000 0.95 0.95 14
6158235 6158235 20 6.6667 normal random 0.05 1000 1.4 0.05 14
6158235 6158235 20 6.6667 normal random 0.05 1000 1.4 0.5 14
6158235 6158235 20 6.6667 normal random 0.05 1000 1.4 0.95 14
6158235 6158235 20 6.6667 normal random 0.05 1000 1.9 0.05 14
6158235 6158235 20 6.6667 normal random 0.05 1000 1.9 0.5 14
6158235 6158235 20 6.6667 normal random 0.05 1000 1.9 0.95 14
6158235 6158235 20 6.6667 normal random 0.05 10000 0.05 0.05 14
6158235 6158235 20 6.6667 normal random 0.05 10000 0.05 0.5 14
6158235 6158235 20 6.6667 normal random 0.05 10000 0.05 0.95 14
6158235 6158235 20 6.6667 normal random 0.05 10000 0.5 0.05 14
6158235 6158235 20 6.6667 normal random 0.05 10000 0.5 0.5 14
6158235 6158235 20 6.6667 normal random 0.05 10000 0.5 0.95 14
6158235 6158235 20 6.6667 normal random 0.05 10000 0.95 0.05 14
6158235 6158235 20 6.6667 normal random 0.05 10000 0.95 0.5 14
6158235 6158235 20 6.6667 normal random 0.05 10000 0.95 0.95 14
6158235 6158235 20 6.6667 normal random 0.05 10000 1.4 0.05 14
6158235 6158235 20 6.6667 normal random 0.05 10000 1.4 0.5 14
6158235 6158235 20 6.6667 normal random 0.05 10000 1.4 0.95 14
6158235 6158235 20 6.6667 normal random 0.05 10000 1.9 0.05 14
6158235 6158235 20 6.6667 normal random 0.05 10000 1.9 0.5 14
6158235 6158235 20 6.6667 normal random 0.05 10000 1.9 0.95 14
6158235 6158235 20 6.6667 normal random 0.3 0 0.05 0.05 14
6158235 6158235 20 6.6667 normal random 0.3 0 0.05 0.5 14
6158235 6158235 20 6.6667 normal random 0.3 0 0.05 0.95 14
6158235 6158235 20 6.6667 normal random 0.3 0 0.5 0.05 14
6158235 6158235 20 6.6667 normal random 0.3 0 0.5 0.5 14
6158235 6158235 20 6.6667 normal random 0.3 0 0.5 0.95 14
6158235 6158235 20 6.6667 normal random 0.3 0 0.95 0.05 14
6158235 6158235 20 6.6667 normal random 0.3 0 0.95 0.5 14
6158235 6158235 20 6.6667 normal random 0.3 0 0.95 0.95 14
6158235 6158235 20 6.6667 normal random 0.3 0 1.4 0.05 14
6158235 6158235 20 6.6667 normal random 0.3 0 1.4 0.5 14
6158235 6158235 20 6.6667 normal random 0.3 0 1.4 0.95 14
6158235 6158235 20 6.6667 normal random 0.3 0 1.9 0.05 14
6158235 6158235 20 6.6667 normal random 0.3 0 1.9 0.5 14
6158235 6158235 20 6.6667 normal random 0.3 0 1.9 0.95 14
6158235 6158235 20 6.6667 normal random 0.3 100 0.05 0.05 14
6158235 6158235 20 6.6667 normal random 0.3 100 0.05 0.5 14
6158235 6158235 20 6.6667 normal random 0.3 100 0.05 0.95 14
6158235 6158235 20 6.6667 normal random 0.3 100 0.5 0.05 14
6158235 6158235 20 6.6667 normal random 0.3 100 0.5 0.5 14
6158235 6158235 20 6.6667 normal random 0.3 100 0.5 0.95 14
6158235 6158235 20 6.6667 normal random 0.3 100 0.95 0.05 14
6158235 6158235 20 6.6667 normal random 0.3 100 0.95 0.5 14
6158235 6158235 20 6.6667 normal random 0.3 100 0.95 0.95 14
6158235 6158235 20 6.6667 normal random 0.3 100 1.4 0.05 14
6158235 6158235 20 6.6667 normal random 0.3 100 1.4 0.5 14
6158235 6158235 20 6.6667 normal random 0.3 100 1.4 0.95 14
6158235 6158235 20 6.6667 normal random 0.3 100 1.9 0.05 14
6158235 6158235 20 6.6667 normal random 0.3 100 1.9 0.5 14
6158235 6158235 20 6.6667 normal random 0.3 100 1.9 0.95 14
6158235 6158235 20 6.6667 normal random 0.3 1000 0.05 0.05 14
6158235 6158235 20 6.6667 normal random 0.3 1000 0.05 0.5 14
6158235 6158235 20 6.6667 normal random 0.3 1000 0.05 0.95 14
6158235 6158235 20 6.6667 normal random 0.3 1000 0.5 0.05 14
6158235 6158235 20 6.6667 normal random 0.3 1000 0.5 0.5 14
6158235 6158235 20 6.6667 normal random 0.3 1000 0.5 0.95 14
6158235 6158235 20 6.6667 normal random 0.3 1000 0.95 0.05 14
6158235 6158235 20 6.6667 normal random 0.3 1000 0.95 0.5 14
6158235 6158235 20 6.6667 normal random 0.3 1000 0.95 0.95 14
6158235 6158235 20 6.6667 normal random 0.3 1000 1.4 0.05 14
6158235 6158235 20 6.6667 normal random 0.3 1000 1.4 0.5 14
6158235 6158235 20 6.6667 normal random 0.3 1000 1.4 0.95 14
6158235 6158235 20 6.6667 normal random 0.3 1000 1.9 0.05 14
6158235 6158235 20 6.6667 normal random 0.3 1000 1.9 0.5 14
6158235 6158235 20 6.6667 normal random 0.3 1000 1.9 0.95 14
6158235 6158235 20 6.6667 normal random 0.3 10000 0.05 0.05 14
6158235 6158235 20 6.6667 normal random 0.3 10000 0.05 0.5 14
6158235 6158235 20 6.6667 normal random 0.3 10000 0.05 0.95 14
6158235 6158235 20 6.6667 normal random 0.3 10000 0.5 0.05 14
6158235 6158235 20 6.6667 normal random 0.3 10000 0.5 0.5 14
6158235 6158235 20 6.6667 normal random 0.3 10000 0.5 0.95 14
6158235 6158235 20 6.6667 normal random 0.3 10000 0.95 0.05 14
6158235 6158235 20 6.6667 normal random 0.3 10000 0.95 0.5 14
6158235 6158235 20 6.6667 normal random 0.3 10000 0.95 0.95 14
6158235 6158235 20 6.6667 normal random 0.3 10000 1.4 0.05 14
6158235 6158235 20 6.6667 normal random 0.3 10000 1.4 0.5 14
6158235 6158235 20 6.6667 normal random 0.3 10000 1.4 0.95 14
6158235 6158235 20 6.6667 normal random 0.3 10000 1.9 0.05 14
6158235 6158235 20 6.6667 normal random 0.3 10000 1.9 0.5 14
6158235 6158235 20 6.6667 normal random 0.3 10000 1.9 0.95 14
6158235 6158235 20 6.6667 normal random 0.6 0 0.05 0.05 14
6158235 6158235 20 6.6667 normal random 0.6 0 0.05 0.5 14
6158235 6158235 20 6.6667 normal random 0.6 0 0.05 0.95 14
6158235 6158235 20 6.6667 normal random 0.6 0 0.5 0.05 14
6158235 6158235 20 6.6667 normal random 0.6 0 0.5 0.5 14
6158235 6158235 20 6.6667 normal random 0.6 0 0.5 0.95 14
6158235 6158235 20 6.6667 normal random 0.6 0 0.95 0.05 14
6158235 6158235 20 6.6667 normal random 0.6 0 0.95 0.5 14
6158235 6158235 20 6.6667 normal random 0.6 0 0.95 0.95 14
6158235 6158235 20 6.6667 normal random 0.6 0 1.4 0.05 14
6158235 6158235 20 6.6667 normal random 0.6 0 1.4 0.5 14
6158235 6158235 20 6.6667 normal random 0.6 0 1.4 0.95 14
6158235 6158235 20 6.6667 normal random 0.6 0 1.9 0.05 14
6158235 6158235 20 6.6667 normal random 0.6 0 1.9 0.5 14
6158235 6158235 20 6.6667 normal random 0.6 0 1.9 0.95 14
6158235 6158235 20 6.6667 normal random 0.6 100 0.05 0.05 14
6158235 6158235 20 6.6667 normal random 0.6 100 0.05 0.5 14
6158235 6158235 20 6.6667 normal random 0.6 100 0.05 0.95 14
6158235 6158235 20 6.6667 normal random 0.6 100 0.5 0.05 14
6158235 6158235 20 6.6667 normal random 0.6 100 0.5 0.5 14
6158235 6158235 20 6.6667 normal random 0.6 100 0.5 0.95 14
6158235 6158235 20 6.6667 normal random 0.6 100 0.95 0.05 14
6158235 6158235 20 6.6667 normal random 0.6 100 0.95 0.5 14
6158235 6158235 20 6.6667 normal random 0.6 100 0.95 0.95 14
6158235 6158235 20 6.6667 normal random 0.6 100 1.4 0.05 14
6158235 6158235 20 6.6667 normal random 0.6 100 1.4 0.5 14
6158235 6158235 20 6.6667 normal random 0.6 100 1.4 0.95 14
6158235 6158235 20 6.6667 normal random 0.6 100 1.9 0.05 14
6158235 6158235 20 6.6667 normal random 0.6 100 1.9 0.5 14
6158235 6158235 20 6.6667 normal random 0.6 100 1.9 0.95 14
6158235 6158235 20 6.6667 normal random 0.6 1000 0.05 0.05 14
6158235 6158235 20 6.6667 normal random 0.6 1000 0.05 0.5 14
6158235 6158235 20 6.6667 normal random 0.6 1000 0.05 0.95 14
6158235 6158235 20 6.6667 normal random 0.6 1000 0.5 0.05 14
6158235 6158235 20 6.6667 normal random 0.6 1000 0.5 0.5 14
6158235 6158235 20 6.6667 normal random 0.6 1000 0.5 0.95 14
6158235 6158235 20 6.6667 normal random 0.6 1000 0.95 0.05 14
6158235 6158235 20 6.6667 normal random 0.6 1000 0.95 0.5 14
6158235 6158235 20 6.6667 normal random 0.6 1000 0.95 0.95 14
6158235 6158235 20 6.6667 normal random 0.6 1000 1.4 0.05 14
6158235 6158235 20 6.6667 normal random 0.6 1000 1.4 0.5 14
6158235 6158235 20 6.6667 normal random 0.6 1000 1.4 0.95 14
6158235 6158235 20 6.6667 normal random 0.6 1000 1.9 0.05 14
6158235 6158235 20 6.6667 normal random 0.6 1000 1.9 0.5 14
6158235 6158235 20 6.6667 normal random 0.6 1000 1.9 0.95 14
6158235 6158235 20 6.6667 normal random 0.6 10000 0.05 0.05 14
6158235 6158235 20 6.6667 normal random 0.6 10000 0.05 0.5 14
6158235 6158235 20 6.6667 normal random 0.6 10000 0.05 0.95 14
6158235 6158235 20 6.6667 normal random 0.6 10000 0.5 0.05 14
6158235 6158235 20 6.6667 normal random 0.6 10000 0.5 0.5 14
6158235 6158235 20 6.6667 normal random 0.6 10000 0.5 0.95 14
6158235 6158235 20 6.6667 normal random 0.6 10000 0.95 0.05 14
6158235 6158235 20 6.6667 normal random 0.6 10000 0.95 0.5 14
6158235 6158235 20 6.6667 normal random 0.6 10000 0.95 0.95 14
6158235 6158235 20 6.6667 normal random 0.6 10000 1.4 0.05 14
6158235 6158235 20 6.6667 normal random 0.6 10000 1.4 0.5 14
6158235 6158235 20 6.6667 normal random 0.6 10000 1.4 0.95 14
6158235 6158235 20 6.6667 normal random 0.6 10000 1.9 0.05 14
6158235 6158235 20 6.6667 normal random 0.6 10000 1.9 0.5 14
6158235 6158235 20 6.6667 normal random 0.6 10000 1.9 0.95 14
7477550 7477550 20 6.6667 normal random 0.05 0 0.05 0.05 14
7477550 7477550 20 6.6667 normal random 0.05 0 0.05 0.5 14
7477550 7477550 20 6.6667 normal random 0.05 0 0.05 0.95 14
7477550 7477550 20 6.6667 normal random 0.05 0 0.5 0.05 14
7477550 7477550 20 6.6667 normal random 0.05 0 0.5 0.5 14
7477550 7477550 20 6.6667 normal random 0.05 0 0.5 0.95 14
7477550 7477550 20 6.6667 normal random 0.05 0 0.95 0.05 14
7477550 7477550 20 6.6667 normal random 0.05 0 0.95 0.5 14
7477550 7477550 20 6.6667 normal random 0.05 0 0.95 0.95 14
7477550 7477550 20 6.6667 normal random 0.05 0 1.4 0.05 14
7477550 7477550 20 6.6667 normal random 0.05 0 1.4 0.5 14
7477550 7477550 20 6.6667 normal random 0.05 0 1.4 0.95 14
7477550 7477550 20 6.6667 normal random 0.05 0 1.9 0.05 14
7477550 7477550 20 6.6667 normal random 0.05 0 1.9 0.5 14
7477550 7477550 20 6.6667 normal random 0.05 0 1.9 0.95 14
7477550 7477550 20 6.6667 normal random 0.05 100 0.05 0.05 14
7477550 7477550 20 6.6667 normal random 0.05 100 0.05 0.5 14
7477550 7477550 20 6.6667 normal random 0.05 100 0.05 0.95 14
7477550 7477550 20 6.6667 normal random 0.05 100 0.5 0.05 14
7477550 7477550 20 6.6667 normal random 0.05 100 0.5 0.5 14
7477550 7477550 20 6.6667 normal random 0.05 100 0.5 0.95 14
7477550 7477550 20 6.6667 normal random 0.05 100 0.95 0.05 14
7477550 7477550 20 6.6667 normal random 0.05 100 0.95 0.5 14
7477550 7477550 20 6.6667 normal random 0.05 100 0.95 0.95 14
7477550 7477550 20 6.6667 normal random 0.05 100 1.4 0.05 14
7477550 7477550 20 6.6667 normal random 0.05 100 1.4 0.5 14
7477550 7477550 20 6.6667 normal random 0.05 100 1.4 0.95 14
7477550 7477550 20 6.6667 normal random 0.05 100 1.9 0.05 14
7477550 7477550 20 6.6667 normal random 0.05 100 1.9 0.5 14
7477550 7477550 20 6.6667 normal random 0.05 100 1.9 0.95 14
7477550 7477550 20 6.6667 normal random 0.05 1000 0.05 0.05 14
7477550 7477550 20 6.6667 normal random 0.05 1000 0.05 0.5 14
7477550 7477550 20 6.6667 normal random 0.05 1000 0.05 0.95 14
7477550 7477550 20 6.6667 normal random 0.05 1000 0.5 0.05 14
7477550 7477550 20 6.6667 normal random 0.05 1000 0.5 0.5 14
7477550 7477550 20 6.6667 normal random 0.05 1000 0.5 0.95 14
7477550 7477550 20 6.6667 normal random 0.05 1000 0.95 0.05 14
7477550 7477550 20 6.6667 normal random 0.05 1000 0.95 0.5 14
7477550 7477550 20 6.6667 normal random 0.05 1000 0.95 0.95 14
7477550 7477550 20 6.6667 normal random 0.05 1000 1.4 0.05 14
7477550 7477550 20 6.6667 normal random 0.05 1000 1.4 0.5 14
7477550 7477550 20 6.6667 normal random 0.05 1000 1.4 0.95 14
7477550 7477550 20 6.6667 normal random 0.05 1000 1.9 0.05 14
7477550 7477550 20 6.6667 normal random 0.05 1000 1.9 0.5 14
7477550 7477550 20 6.6667 normal random 0.05 1000 1.9 0.95 14
7477550 7477550 20 6.6667 normal random 0.05 10000 0.05 0.05 14
7477550 7477550 20 6.6667 normal random 0.05 10000 0.05 0.5 14
7477550 7477550 20 6.6667 normal random 0.05 10000 0.05 0.95 14
7477550 7477550 20 6.6667 normal random 0.05 10000 0.5 0.05 14
7477550 7477550 20 6.6667 normal random 0.05 10000 0.5 0.5 14
7477550 7477550 20 6.6667 normal random 0.05 10000 0.5 0.95 14
7477550 7477550 20 6.6667 normal random 0.05 10000 0.95 0.05 14
7477550 7477550 20 6.6667 normal random 0.05 10000 0.95 0.5 14
7477550 7477550 20 6.6667 normal random 0.05 10000 0.95 0.95 14
7477550 7477550 20 6.6667 normal random 0.05 10000 1.4 0.05 14
7477550 7477550 20 6.6667 normal random 0.05 10000 1.4 0.5 14
7477550 7477550 20 6.6667 normal random 0.05 10000 1.4 0.95 14
7477550 7477550 20 6.6667 normal random 0.05 10000 1.9 0.05 14
7477550 7477550 20 6.6667 normal random 0.05 10000 1.9 0.5 14
7477550 7477550 20 6.6667 normal random 0.05 10000 1.9 0.95 14
7477550 7477550 20 6.6667 normal random 0.3 0 0.05 0.05 14
7477550 7477550 20 6.6667 normal random 0.3 0 0.05 0.5 14
7477550 7477550 20 6.6667 normal random 0.3 0 0.05 0.95 14
7477550 7477550 20 6.6667 normal random 0.3 0 0.5 0.05 14
7477550 7477550 20 6.6667 normal random 0.3 0 0.5 0.5 14
7477550 7477550 20 6.6667 normal random 0.3 0 0.5 0.95 14
7477550 7477550 20 6.6667 normal random 0.3 0 0.95 0.05 14
7477550 7477550 20 6.6667 normal random 0.3 0 0.95 0.5 14
7477550 7477550 20 6.6667 normal random 0.3 0 0.95 0.95 14
7477550 7477550 20 6.6667 normal random 0.3 0 1.4 0.05 14
7477550 7477550 20 6.6667 normal random 0.3 0 1.4 0.5 14
7477550 7477550 20 6.6667 normal random 0.3 0 1.4 0.95 14
7477550 7477550 20 6.6667 normal random 0.3 0 1.9 0.05 14
7477550 7477550 20 6.6667 normal random 0.3 0 1.9 0.5 14
7477550 7477550 20 6.6667 normal random 0.3 0 1.9 0.95 14
7477550 7477550 20 6.6667 normal random 0.3 100 0.05 0.05 14
7477550 7477550 20 6.6667 normal random 0.3 100 0.05 0.5 14
7477550 7477550 20 6.6667 normal random 0.3 100 0.05 0.95 14
7477550 7477550 20 6.6667 normal random 0.3 100 0.5 0.05 14
7477550 7477550 20 6.6667 normal random 0.3 100 0.5 0.5 14
7477550 7477550 20 6.6667 normal random 0.3 100 0.5 0.95 14
7477550 7477550 20 6.6667 normal random 0.3 100 0.95 0.05 14
7477550 7477550 20 6.6667 normal random 0.3 100 0.95 0.5 14
7477550 7477550 20 6.6667 normal random 0.3 100 0.95 0.95 14
7477550 7477550 20 6.6667 normal random 0.3 100 1.4 0.05 14
7477550 7477550 20 6.6667 normal random 0.3 100 1.4 0.5 14
7477550 7477550 20 6.6667 normal random 0.3 100 1.4 0.95 14
7477550 7477550 20 6.6667 normal random 0.3 100 1.9 0.05 14
7477550 7477550 20 6.6667 normal random 0.3 100 1.9 0.5 14
7477550 7477550 20 6.6667 normal random 0.3 100 1.9 0.95 14
7477550 7477550 20 6.6667 normal random 0.3 1000 0.05 0.05 14
7477550 7477550 20 6.6667 normal random 0.3 1000 0.05 0.5 14
7477550 7477550 20 6.6667 normal random 0.3 1000 0.05 0.95 14
7477550 7477550 20 6.6667 normal random 0.3 1000 0.5 0.05 14
7477550 7477550 20 6.6667 normal random 0.3 1000 0.5 0.5 14
7477550 7477550 20 6.6667 normal random 0.3 1000 0.5 0.95 14
7477550 7477550 20 6.6667 normal random 0.3 1000 0.95 0.05 14
7477550 7477550 20 6.6667 normal random 0.3 1000 0.95 0.5 14
7477550 7477550 20 6.6667 normal random 0.3 1000 0.95 0.95 14
7477550 7477550 20 6.6667 normal random 0.3 1000 1.4 0.05 14
7477550 7477550 20 6.6667 normal random 0.3 1000 1.4 0.5 14
7477550 7477550 20 6.6667 normal random 0.3 1000 1.4 0.95 14
7477550 7477550 20 6.6667 normal random 0.3 1000 1.9 0.05 14
7477550 7477550 20 6.6667 normal random 0.3 1000 1.9 0.5 14
7477550 7477550 20 6.6667 normal random 0.3 1000 1.9 0.95 14
7477550 7477550 20 6.6667 normal random 0.3 10000 0.05 0.05 14
7477550 7477550 20 6.6667 normal random 0.3 10000 0.05 0.5 14
7477550 7477550 20 6.6667 normal random 0.3 10000 0.05 0.95 14
7477550 7477550 20 6.6667 normal random 0.3 10000 0.5 0.05 14
7477550 7477550 20 6.6667 normal random 0.3 10000 0.5 0.5 14
7477550 7477550 20 6.6667 normal random 0.3 10000 0.5 0.95 14
7477550 7477550 20 6.6667 normal random 0.3 10000 0.95 0.05 14
7477550 7477550 20 6.6667 normal random 0.3 10000 0.95 0.5 14
7477550 7477550 20 6.6667 normal random 0.3 10000 0.95 0.95 14
7477550 7477550 20 6.6667 normal random 0.3 10000 1.4 0.05 14
7477550 7477550 20 6.6667 normal random 0.3 10000 1.4 0.5 14
7477550 7477550 20 6.6667 normal random 0.3 10000 1.4 0.95 14
7477550 7477550 20 6.6667 normal random 0.3 10000 1.9 0.05 14
7477550 7477550 20 6.6667 normal random 0.3 10000 1.9 0.5 14
7477550 7477550 20 6.6667 normal random 0.3 10000 1.9 0.95 14
7477550 7477550 20 6.6667 normal random 0.6 0 0.05 0.05 14
7477550 7477550 20 6.6667 normal random 0.6 0 0.05 0.5 14
7477550 7477550 20 6.6667 normal random 0.6 0 0.05 0.95 14
7477550 7477550 20 6.6667 normal random 0.6 0 0.5 0.05 14
7477550 7477550 20 6.6667 normal random 0.6 0 0.5 0.5 14
7477550 7477550 20 6.6667 normal random 0.6 0 0.5 0.95 14
7477550 7477550 20 6.6667 normal random 0.6 0 0.95 0.05 14
7477550 7477550 20 6.6667 normal random 0.6 0 0.95 0.5 14
7477550 7477550 20 6.6667 normal random 0.6 0 0.95 0.95 14
7477550 7477550 20 6.6667 normal random 0.6 0 1.4 0.05 14
7477550 7477550 20 6.6667 normal random 0.6 0 1.4 0.5 14
7477550 7477550 20 6.6667 normal random 0.6 0 1.4 0.95 14
7477550 7477550 20 6.6667 normal random 0.6 0 1.9 0.05 14
7477550 7477550 20 6.6667 normal random 0.6 0 1.9 0.5 14
7477550 7477550 20 6.6667 normal random 0.6 0 1.9 0.95 14
7477550 7477550 20 6.6667 normal random 0.6 100 0.05 0.05 14
7477550 7477550 20 6.6667 normal random 0.6 100 0.05 0.5 14
7477550 7477550 20 6.6667 normal random 0.6 100 0.05 0.95 14
7477550 7477550 20 6.6667 normal random 0.6 100 0.5 0.05 14
7477550 7477550 20 6.6667 normal random 0.6 100 0.5 0.5 14
7477550 7477550 20 6.6667 normal random 0.6 100 0.5 0.95 14
7477550 7477550 20 6.6667 normal random 0.6 100 0.95 0.05 14
7477550 7477550 20 6.6667 normal random 0.6 100 0.95 0.5 14
7477550 7477550 20 6.6667 normal random 0.6 100 0.95 0.95 14
7477550 7477550 20 6.6667 normal random 0.6 100 1.4 0.05 14
7477550 7477550 20 6.6667 normal random 0.6 100 1.4 0.5 14
7477550 7477550 20 6.6667 normal random 0.6 100 1.4 0.95 14
7477550 7477550 20 6.6667 normal random 0.6 100 1.9 0.05 14
7477550 7477550 20 6.6667 normal random 0.6 100 1.9 0.5 14
7477550 7477550 20 6.6667 normal random 0.6 100 1.9 0.95 14
7477550 7477550 20 6.6667 normal random 0.6 1000 0.05 0.05 14
7477550 7477550 20 6.6667 normal random 0.6 1000 0.05 0.5 14
7477550 7477550 20 6.6667 normal random 0.6 1000 0.05 0.95 14
7477550 7477550 20 6.6667 normal random 0.6 1000 0.5 0.05 14
7477550 7477550 20 6.6667 normal random 0.6 1000 0.5 0.5 14
7477550 7477550 20 6.6667 normal random 0.6 1000 0.5 0.95 14
7477550 7477550 20 6.6667 normal random 0.6 1000 0.95 0.05 14
7477550 7477550 20 6.6667 normal random 0.6 1000 0.95 0.5 14
7477550 7477550 20 6.6667 normal random 0.6 1000 0.95 0.95 14
7477550 7477550 20 6.6667 normal random 0.6 1000 1.4 0.05 14
7477550 7477550 20 6.6667 normal random 0.6 1000 1.4 0.5 14
7477550 7477550 20 6.6667 normal random 0.6 1000 1.4 0.95 14
7477550 7477550 20 6.6667 normal random 0.6 1000 1.9 0.05 14
7477550 7477550 20 6.6667 normal random 0.6 1000 1.9 0.5 14
7477550 7477550 20 6.6667 normal random 0.6 1000 1.9 0.95 14
7477550 7477550 20 6.6667 normal random 0.6 10000 0.05 0.05 14
7477550 7477550 20 6.6667 normal random 0.6 10000 0.05 0.5 14
7477550 7477550 20 6.6667 normal random 0.6 10000 0.05 0.95 14
7477550 7477550 20 6.6667 normal random 0.6 10000 0.5 0.05 14
7477550 7477550 20 6.6667 normal random 0.6 10000 0.5 0.5 14
7477550 7477550 20 6.6667 normal random 0.6 10000 0.5 0.95 14
7477550 7477550 20 6.6667 normal random 0.6 10000 0.95 0.05 14
7477550 7477550 20 6.6667 normal random 0.6 10000 0.95 0.5 14
7477550 7477550 20 6.6667 normal random 0.6 10000 0.95 0.95 14
7477550 7477550 20 6.6667 normal random 0.6 10000 1.4 0.05 14
7477550 7477550 20 6.6667 normal random 0.6 10000 1.4 0.5 14
7477550 7477550 20 6.6667 normal random 0.6 10000 1.4 0.95 14
7477550 7477550 20 6.6667 normal random 0.6 10000 1.9 0.05 14
7477550 7477550 20 6.6667 normal random 0.6 10000 1.9 0.5 14
7477550 7477550 20 6.6667 normal random 0.6 10000 1.9 0.95 14
