cage15.sorted	5154859	1092607.234342588	31015.97546450834	150926.30467273694	29713.04405784911	158676.3597619256	1626.809759297005	3517.987863295582	22926.873196531662	443856.0195809429	9.662443725424886	6.328832466610629	12.219241108243699	38.663638326479926	159.7251209004941	624.4682436512812	1361.241760443884	6437.0023507917485
circuit5M.sorted	5558326	2793149.8803168437	166502.69053956174	2459267.2730001803	4.8793406504044565	18.33663264803108	0.5500677722033577	0.329416806426971	0.3203137059611113	27.99755340007045	16155.544622787509	150344.85955465728	2.5853017617174667	2.347427804702351	2.3546898832490215	2.3407612291902273	2.5752669058993662	17.452493790396606
bone010.sorted	986703	17931.371403553047	3.448849349804348	87.87835245256171	10.53497557015637	85.3429816266901	215.9151933256512	6462.201537848775	403.92848911982634	86.1618420132502	5.909258409065342	68.29513136171674	6498.090699024934	170.32196618435336	229.88264857814357	406.4914913606222	85.6765075205001	79.29887412929726
ldoor.sorted	952203	194446.24546131445	1.5679618736760963	580.7315834963763	48074.20433247952	32340.8577120635	13760.378058040145	30.194688527551374	1.5679618736760963	1.5900380486093826	37.5555212491454	16040.885978095008	15912.960110396627	6435.530885746001	22.48988818560748	1.564111854299976	1.564111854299976	16343.189975246874
rajat31.sorted	4690002	4557.086543033457	3213.75484189559	1332.3716055984623	0.0005053302749124627	0.0005053302749124627	0.0004626863698565587	0.0005053302749124627	0.0005053302749124627	0.0005053302749124627	0.0005053302749124627	0.0004626863698565587	0.0005053302749124627	0.0005053302749124627	0.0005053302749124627	0.0005053302749124627	0.0004626863698565587	0.9922724979648196
TSOPF_RS_b2383.sorted	38120	18422.078646379854	422.09278593913956	234.72875131164744	52.69627492130115	39.029695697796434	26.868494228751313	3462.5121720881425	25.834470094438615	26.010309548793284	25.734522560335783	25.734522560335783	25.734522560335783	25.734522560335783	25.734522560335783	25.734522560335783	25.734522560335783	6970.624344176285
Ga41As41H72.sorted	268096	46185.56930353306	5176.409345905944	3928.009354857961	3276.535871478873	259.5372441215087	205.73992898066365	267.6507519694438	256.8356073943662	2483.81370852232	144.25946302816902	178.62876730723323	200.64663404153737	144.05555472666506	293.1088602590117	324.62557815111006	781.086711476486	17346.49746359513
wikipedia-20051105.sorted	1634989	555995.1358706389	46230.35320359954	68751.83543192034	22279.109841105965	87704.30253903849	7349.846913954772	13288.778095143147	15214.160779063346	86522.17748865589	1983.0001498481029	2516.326342256737	3177.301696830988	4035.119674811268	5127.550268533917	6610.040683454139	8868.025096193307	64540.74539217084
eu-2005.sorted	862664	214717.95645813434	73466.09535346323	15607.545292257471	5325.8130940899355	20905.461445012195	2400.4321937625773	2831.6529471497593	3785.8918767909636	26350.654756660762	460.85198640490387	381.9550902784862	501.3187451893205	556.9135248486085	656.009090445411	922.5251975276585	1477.9736977548616	27769.88803520258
PR02R.sorted	161070	6376.070044080214	676.1298690010555	195.6131185198982	10.346333892096604	226.2021543428323	106.84089526292917	333.1709132675234	21.964661327373193	15.164922083566152	27.96032159930465	408.7665300800894	217.35893710808966	641.0365989942261	6.331489414540262	12.121444092630533	11.479791395045632	1688.5057863040913
Si41Ge41H72.sorted	185639	35928.14900963698	4352.90853215111	2925.487596895049	2538.855590689456	210.33168138160624	315.26884975678604	103.34512144538594	374.07607776383196	2255.6015276962275	60.69754739036517	283.0268747407603	139.6465236291943	151.79714391911182	275.16624739413595	340.40325578138214	647.9144037621405	12775.445283588038
in-2004.sorted	1382908	29733.208270542942	12445.020846650681	5619.0402188721155	468.2426264075412	4273.23869556037	66.57321672880626	84.34514515788469	607.7487208115074	2331.2079277869534	19.324660064154667	20.654904013860648	16.158620096203073	16.480140399795214	15.789413323229022	47.541246416970615	29.432565289954212	1033.344670072051
Chebyshev4.sorted	68121	3089.793103448276	69.01956812143098	552.1135919907224	72.85292347440584	561.7296281616535	68.94514173309258	68.97588115265484	550.0977965678719	78.50360388132881	65.18653572319843	69.04073633681244	65.21727514276067	65.17121005270035	69.05606200731052	65.17121005270035	65.17121005270035	67.54263736586368
rail4284.real	1096894	1048128.0728291316	227936.32376283847	56171.23319327731	53409.031279178336	53662.44794584501	54439.39309056956	53739.7966853408	50592.48436041083	51922.73482726424	48835.4593837535	47188.19374416433	44978.977824463116	44663.18790849673	45431.89705882353	47245.01190476191	47172.69421101774	91744.43954248365
pwtk.sorted	217918	12927.048720160794	81.35958479795153	42.26689855817326	2.1543103369157204	298.30510559017614	650.0878312025625	3.8800374452775817	2.071884837415909	35.087803669270095	3.171867399664094	2.0950954028579556	23.81722482768748	4.261056911315265	2.4853614662395946	75.09843610899513	3.290613900641526	31.43838508062666
crankseg_2.sorted	63838	55268.92969704565	302.18109903192453	557.1026504589743	6445.636486105454	6911.614336288731	1495.019142203703	655.3517967354867	966.0268962060215	616.0047463892979	377.3793195275541	736.4930762241925	1040.951282934929	802.865252670823	3667.9269087377425	9241.9454243554	5825.347645602932	5229.950531031674
TSOPF_RS_b300_c3.sorted	42138	25564.968959134272	177.76344392235038	40.702952204660875	6.476054867340642	6.101001471356021	5.922848735108453	5039.42486591675	5.899069723290142	5.906023067065357	5.8949167022639894	5.8949167022639894	39.79068774028193	5.8949167022639894	5.8949167022639894	5.8949167022639894	5.8949167022639894	10157.432721059376
shipsec1.sorted	140874	6462.671536266451	2.08105115209336	13.31517526300098	11.04642446441501	12.908343626219175	62.92282465181652	2.08105115209336	2.08105115209336	74.17125942331445	13.969973167511393	11.983346820563057	62.18667745645045	2.0785808594914603	2.0785808594914603	197.51262830614593	41.64985731930661	444.4015077303122
consph.sorted	83334	5817.65803873569	5.09344325245398	112.39264885880912	16.677298581611346	151.87886096911225	12.250857993136055	1939.8208174334604	24.834269325845394	280.06175150598796	6.696474428204574	7.044555643554852	1951.3068495452037	6.104543163654691	110.57673938608491	17.698826409388726	82.44955240358077	37.4358605131159
webbase-1M.sorted	1000005	152463.6624206879	144619.69683351583	4050.872274638627	185.75944320278398	668.9525272373638	33.618043909780454	32.569891150544244	40.376610116949415	256.28645356773217	9.483902580487097	13.59480002599987	18.047792761036195	19.477824610876947	21.53438632806836	38.044127779361105	49.114982425087874	370.3526322368388
mip1.sorted	66463	39232.10559258535	16962.44238147541	10414.341739012683	418.6975911409356	402.8750432571506	495.7721589455787	121.20871763236688	90.4504310669094	300.08783834614746	62.877315197929676	84.60484781005974	47.560176338714776	60.52867008711614	53.348314099574196	38.69262597234552	50.25388562057084	609.41110091329
rma10.sorted	46835	8794.267171986761	6.748457350272233	17.430660830575423	60.32149033842212	23.563211273620155	31.628568378349524	44.80768655919718	35.4708231023807	1196.6265186292303	1703.5167929966906	337.4378349524928	950.2960179353048	115.22254724031173	126.66142841891748	155.90477207216824	87.79327426070246	179.7983986335006
cant.sorted	62451	537.3345022497638	2.7140157883780884	2.5454356215272775	7.393572560887736	7.704168067765128	9.798722198203391	30.868152631663225	76.1183487854478	8.060575491185089	12.492994507694032	5.361979792157051	16.878512753999136	33.40936093897616	109.52934300491586	5.34141967302365	20.48538854461898	23.991865622648156
conf5_4-8x8-15.real	49152	12027.03125	1.0	4742.734375	1.0	1.0	523.09375	1.0	1.0	89.640625	1.0	1.0	32.3125	1.0	1.0	89.640625	1.0	5271.828125
pdb1HYS.sorted	36417	4731.9413460746355	453.95334596479665	366.18785182744324	244.13507427849632	181.29244583573606	226.56242963451135	136.0133454156026	90.75950792212429	103.48370266633715	81.03251228821703	112.77886701265892	127.38471043743307	143.824862014993	189.45706675453772	183.68846967075817	202.9855012768762	928.7506109783892
bbmat.sorted	38744	1158.2192339459014	335.20867747264094	44.979429072888706	49.24540574024365	123.22855151765435	3.3833109642783397	2.9653365682428245	36.98157134007846	249.86779888498864	2.20514144125542	2.2730745405740245	2.1682841214123476	2.1981468098286188	2.322966136692133	2.6285102209374354	3.2893609333058023	145.89268015692753
raefsky3.sorted	21200	1403.44679245283	2.926037735849057	2.926037735849057	3.0679245283018868	2.926037735849057	3.0679245283018868	17.97811320754717	2.980377358490566	2.926037735849057	2.926037735849057	2.926037735849057	17.890566037735848	3.0679245283018868	2.926037735849057	2.926037735849057	2.926037735849057	10.33433962264151
mc2depi.real	525825	705.7462235534636	471.2084476774592	0.9941577521038368	0.0	0.0	0.0	0.0	0.0	0.0	0.0	0.0	0.0	0.0	0.0	0.0	0.0	0.0
mac_econ_fwd500.sorted	206500	393.99302179176755	126.81441646489104	109.26900726392252	20.206285714285713	32.118537530266345	1.171912832929782	1.0217917675544794	1.5811138014527846	2.276029055690073	0.026634382566585957	0.0387409200968523	0.012106537530266344	0.007263922518159807	0.01694915254237288	0.004842615012106538	0.01937046004842615	0.30024213075060535
scircuit.sorted	170998	50829.58826419023	26515.14168001965	9203.17120668078	1780.3545304623447	1556.0404858536358	96.26581597445585	103.86154224026012	74.82565877963485	660.4340284681692	8.745190002222248	7.448087112129967	12.923227172247628	8.243108106527561	8.165592580030175	24.89905729891578	7.021468087346051	110.50535678779869
cop20k_A.sorted	121192	75509.27906957555	1389.3949848174798	2690.8644712522278	1213.121641692521	1558.4439566968117	21307.58444451779	3696.8591491187535	4422.3930127401145	10317.45007921315	239.34677206416265	230.55358439500958	260.5062132814047	269.43373324971947	246.11738398574164	254.00559442867515	272.65598389332627	2425.153508482408
