synthetic_27869_27869_2814669_avg100.9964_std166.3381_random_bw1397.3552_skew274.9405_neigh0.2002_cross0.2316_n14.mtx
	27869 27869 100 33.3333 normal random 0.05 1000 0.05 0.05 14
	27869 27869 100 33.3333 normal random 0.05 10000 0.05 0.05 14
synthetic_27869_27869_2814669_avg100.9964_std166.3381_random_bw1397.3618_skew274.9405_neigh0.2004_cross0.5912_n14.mtx
	27869 27869 100 33.3333 normal random 0.05 1000 0.05 0.5 14
	27869 27869 100 33.3333 normal random 0.05 10000 0.05 0.5 14
synthetic_27869_27869_2814669_avg100.9964_std166.3381_random_bw1395.6942_skew274.9405_neigh0.2044_cross0.9532_n14.mtx
	27869 27869 100 33.3333 normal random 0.05 1000 0.05 0.95 14
	27869 27869 100 33.3333 normal random 0.05 10000 0.05 0.95 14
synthetic_27869_27869_2814669_avg100.9964_std166.3381_random_bw1396.5474_skew274.9405_neigh0.5902_cross0.2083_n14.mtx
	27869 27869 100 33.3333 normal random 0.05 1000 0.5 0.05 14
	27869 27869 100 33.3333 normal random 0.05 10000 0.5 0.05 14
synthetic_27869_27869_2814669_avg100.9964_std166.3381_random_bw1396.625_skew274.9405_neigh0.5897_cross0.5759_n14.mtx
	27869 27869 100 33.3333 normal random 0.05 1000 0.5 0.5 14
	27869 27869 100 33.3333 normal random 0.05 10000 0.5 0.5 14
synthetic_27869_27869_2814669_avg100.9964_std166.3381_random_bw1396.1041_skew274.9405_neigh0.5915_cross0.9512_n14.mtx
	27869 27869 100 33.3333 normal random 0.05 1000 0.5 0.95 14
	27869 27869 100 33.3333 normal random 0.05 10000 0.5 0.95 14
synthetic_27869_27869_2814669_avg100.9964_std166.3381_random_bw1398.1948_skew274.9405_neigh0.9949_cross0.1797_n14.mtx
	27869 27869 100 33.3333 normal random 0.05 1000 0.95 0.05 14
	27869 27869 100 33.3333 normal random 0.05 10000 0.95 0.05 14
synthetic_27869_27869_2814669_avg100.9964_std166.3381_random_bw1398.0689_skew274.9405_neigh0.9951_cross0.5674_n14.mtx
	27869 27869 100 33.3333 normal random 0.05 1000 0.95 0.5 14
	27869 27869 100 33.3333 normal random 0.05 10000 0.95 0.5 14
synthetic_27869_27869_2814669_avg100.9964_std166.3381_random_bw1398.0299_skew274.9405_neigh0.995_cross0.9474_n14.mtx
	27869 27869 100 33.3333 normal random 0.05 1000 0.95 0.95 14
	27869 27869 100 33.3333 normal random 0.05 10000 0.95 0.95 14
synthetic_27869_27869_2814669_avg100.9964_std166.3381_random_bw8362.2384_skew274.9405_neigh0.091_cross0.084_n14.mtx
	27869 27869 100 33.3333 normal random 0.3 1000 0.05 0.05 14
	27869 27869 100 33.3333 normal random 0.3 10000 0.05 0.05 14
synthetic_27869_27869_2814669_avg100.9964_std166.3381_random_bw8362.505_skew274.9405_neigh0.0904_cross0.5156_n14.mtx
	27869 27869 100 33.3333 normal random 0.3 1000 0.05 0.5 14
	27869 27869 100 33.3333 normal random 0.3 10000 0.05 0.5 14
synthetic_27869_27869_2814669_avg100.9964_std166.3381_random_bw8359.4612_skew274.9405_neigh0.0931_cross0.9427_n14.mtx
	27869 27869 100 33.3333 normal random 0.3 1000 0.05 0.95 14
	27869 27869 100 33.3333 normal random 0.3 10000 0.05 0.95 14
synthetic_27869_27869_2814669_avg100.9964_std166.3381_random_bw8358.4339_skew274.9405_neigh0.5224_cross0.0773_n14.mtx
	27869 27869 100 33.3333 normal random 0.3 1000 0.5 0.05 14
	27869 27869 100 33.3333 normal random 0.3 10000 0.5 0.05 14
synthetic_27869_27869_2814669_avg100.9964_std166.3381_random_bw8357.7357_skew274.9405_neigh0.5234_cross0.5098_n14.mtx
	27869 27869 100 33.3333 normal random 0.3 1000 0.5 0.5 14
	27869 27869 100 33.3333 normal random 0.3 10000 0.5 0.5 14
synthetic_27869_27869_2814669_avg100.9964_std166.3381_random_bw8364.4612_skew274.9405_neigh0.518_cross0.9408_n14.mtx
	27869 27869 100 33.3333 normal random 0.3 1000 0.5 0.95 14
	27869 27869 100 33.3333 normal random 0.3 10000 0.5 0.95 14
synthetic_27869_27869_2814669_avg100.9964_std166.3381_random_bw8360.5825_skew274.9405_neigh0.9588_cross0.0721_n14.mtx
	27869 27869 100 33.3333 normal random 0.3 1000 0.95 0.05 14
	27869 27869 100 33.3333 normal random 0.3 10000 0.95 0.05 14
synthetic_27869_27869_2814669_avg100.9964_std166.3381_random_bw8359.6124_skew274.9405_neigh0.958_cross0.5032_n14.mtx
	27869 27869 100 33.3333 normal random 0.3 1000 0.95 0.5 14
	27869 27869 100 33.3333 normal random 0.3 10000 0.95 0.5 14
synthetic_27869_27869_2814669_avg100.9964_std166.3381_random_bw8332.9724_skew274.9405_neigh0.9596_cross0.9402_n14.mtx
	27869 27869 100 33.3333 normal random 0.3 1000 0.95 0.95 14
	27869 27869 100 33.3333 normal random 0.3 10000 0.95 0.95 14
synthetic_27869_27869_2814669_avg100.9964_std166.3381_random_bw16721.3466_skew274.9405_neigh0.0799_cross0.0655_n14.mtx
	27869 27869 100 33.3333 normal random 0.6 1000 0.05 0.05 14
	27869 27869 100 33.3333 normal random 0.6 10000 0.05 0.05 14
synthetic_27869_27869_2814669_avg100.9964_std166.3381_random_bw16718.1004_skew274.9405_neigh0.0799_cross0.5074_n14.mtx
	27869 27869 100 33.3333 normal random 0.6 1000 0.05 0.5 14
	27869 27869 100 33.3333 normal random 0.6 10000 0.05 0.5 14
synthetic_27869_27869_2814669_avg100.9964_std166.3381_random_bw16704.4471_skew274.9405_neigh0.082_cross0.9423_n14.mtx
	27869 27869 100 33.3333 normal random 0.6 1000 0.05 0.95 14
	27869 27869 100 33.3333 normal random 0.6 10000 0.05 0.95 14
synthetic_27869_27869_2814669_avg100.9964_std166.3381_random_bw16718.3551_skew274.9405_neigh0.516_cross0.0634_n14.mtx
	27869 27869 100 33.3333 normal random 0.6 1000 0.5 0.05 14
	27869 27869 100 33.3333 normal random 0.6 10000 0.5 0.05 14
synthetic_27869_27869_2814669_avg100.9964_std166.3381_random_bw16719.4331_skew274.9405_neigh0.5145_cross0.4973_n14.mtx
	27869 27869 100 33.3333 normal random 0.6 1000 0.5 0.5 14
	27869 27869 100 33.3333 normal random 0.6 10000 0.5 0.5 14
synthetic_27869_27869_2814669_avg100.9964_std166.3381_random_bw16705.7396_skew274.9405_neigh0.5204_cross0.942_n14.mtx
	27869 27869 100 33.3333 normal random 0.6 1000 0.5 0.95 14
	27869 27869 100 33.3333 normal random 0.6 10000 0.5 0.95 14
synthetic_27869_27869_2814669_avg100.9964_std166.3381_random_bw16717.5509_skew274.9405_neigh0.9553_cross0.0614_n14.mtx
	27869 27869 100 33.3333 normal random 0.6 1000 0.95 0.05 14
	27869 27869 100 33.3333 normal random 0.6 10000 0.95 0.05 14
synthetic_27869_27869_2814669_avg100.9964_std166.3381_random_bw16706.3917_skew274.9405_neigh0.9561_cross0.4998_n14.mtx
	27869 27869 100 33.3333 normal random 0.6 1000 0.95 0.5 14
	27869 27869 100 33.3333 normal random 0.6 10000 0.95 0.5 14
synthetic_27869_27869_2814669_avg100.9964_std166.3381_random_bw16714.604_skew274.9405_neigh0.9552_cross0.9411_n14.mtx
	27869 27869 100 33.3333 normal random 0.6 1000 0.95 0.95 14
	27869 27869 100 33.3333 normal random 0.6 10000 0.95 0.95 14
synthetic_5588_5588_2792885_avg499.8005_std68.0828_random_bw499.8005_skew10.1805_neigh1.996_cross0.9995_n14.mtx
	5588 5588 500 166.6667 normal random 0.05 100 0.05 0.05 14
	5588 5588 500 166.6667 normal random 0.05 100 0.5 0.05 14
synthetic_5588_5588_2799088_avg500.9105_std68.0581_random_bw628.3871_skew10.1557_neigh1.6636_cross0.9762_n14.mtx
	5588 5588 500 166.6667 normal random 0.05 1000 0.95 0.05 14
	5588 5588 500 166.6667 normal random 0.05 10000 0.95 0.05 14
synthetic_5588_5588_2799088_avg500.9105_std68.0581_random_bw628.2996_skew10.1557_neigh1.6638_cross0.9871_n14.mtx
	5588 5588 500 166.6667 normal random 0.05 1000 0.95 0.5 14
	5588 5588 500 166.6667 normal random 0.05 10000 0.95 0.5 14
synthetic_5588_5588_2799088_avg500.9105_std68.0581_random_bw627.1348_skew10.1557_neigh1.6678_cross0.9981_n14.mtx
	5588 5588 500 166.6667 normal random 0.05 1000 0.95 0.95 14
	5588 5588 500 166.6667 normal random 0.05 10000 0.95 0.95 14
synthetic_5588_5588_2799088_avg500.9105_std68.0581_random_bw1723.6378_skew10.1557_neigh0.6059_cross0.6545_n14.mtx
	5588 5588 500 166.6667 normal random 0.3 1000 0.05 0.05 14
	5588 5588 500 166.6667 normal random 0.3 10000 0.05 0.05 14
synthetic_5588_5588_2799088_avg500.9105_std68.0581_random_bw1723.6108_skew10.1557_neigh0.6071_cross0.8158_n14.mtx
	5588 5588 500 166.6667 normal random 0.3 1000 0.05 0.5 14
	5588 5588 500 166.6667 normal random 0.3 10000 0.05 0.5 14
synthetic_5588_5588_2799088_avg500.9105_std68.0581_random_bw1723.997_skew10.1557_neigh0.6042_cross0.9787_n14.mtx
	5588 5588 500 166.6667 normal random 0.3 1000 0.05 0.95 14
	5588 5588 500 166.6667 normal random 0.3 10000 0.05 0.95 14
synthetic_5588_5588_2799088_avg500.9105_std68.0581_random_bw1704.68_skew10.1557_neigh0.8632_cross0.605_n14.mtx
	5588 5588 500 166.6667 normal random 0.3 1000 0.5 0.05 14
	5588 5588 500 166.6667 normal random 0.3 10000 0.5 0.05 14
synthetic_5588_5588_2799088_avg500.9105_std68.0581_random_bw1704.3772_skew10.1557_neigh0.8644_cross0.793_n14.mtx
	5588 5588 500 166.6667 normal random 0.3 1000 0.5 0.5 14
	5588 5588 500 166.6667 normal random 0.3 10000 0.5 0.5 14
synthetic_5588_5588_2799088_avg500.9105_std68.0581_random_bw1703.1317_skew10.1557_neigh0.8644_cross0.975_n14.mtx
	5588 5588 500 166.6667 normal random 0.3 1000 0.5 0.95 14
	5588 5588 500 166.6667 normal random 0.3 10000 0.5 0.95 14
synthetic_5588_5588_2799088_avg500.9105_std68.0581_random_bw1692.7631_skew10.1557_neigh1.1552_cross0.5439_n14.mtx
	5588 5588 500 166.6667 normal random 0.3 1000 0.95 0.05 14
	5588 5588 500 166.6667 normal random 0.3 10000 0.95 0.05 14
synthetic_5588_5588_2799088_avg500.9105_std68.0581_random_bw1692.1965_skew10.1557_neigh1.1551_cross0.7545_n14.mtx
	5588 5588 500 166.6667 normal random 0.3 1000 0.95 0.5 14
	5588 5588 500 166.6667 normal random 0.3 10000 0.95 0.5 14
synthetic_5588_5588_2799088_avg500.9105_std68.0581_random_bw1680.9943_skew10.1557_neigh1.1642_cross0.9722_n14.mtx
	5588 5588 500 166.6667 normal random 0.3 1000 0.95 0.95 14
	5588 5588 500 166.6667 normal random 0.3 10000 0.95 0.95 14
synthetic_5588_5588_2799088_avg500.9105_std68.0581_random_bw3406.4477_skew10.1557_neigh0.3318_cross0.4028_n14.mtx
	5588 5588 500 166.6667 normal random 0.6 1000 0.05 0.05 14
	5588 5588 500 166.6667 normal random 0.6 10000 0.05 0.05 14
synthetic_5588_5588_2799088_avg500.9105_std68.0581_random_bw3406.5655_skew10.1557_neigh0.3332_cross0.6875_n14.mtx
	5588 5588 500 166.6667 normal random 0.6 1000 0.05 0.5 14
	5588 5588 500 166.6667 normal random 0.6 10000 0.05 0.5 14
synthetic_5588_5588_2799088_avg500.9105_std68.0581_random_bw3406.2663_skew10.1557_neigh0.3322_cross0.9615_n14.mtx
	5588 5588 500 166.6667 normal random 0.6 1000 0.05 0.95 14
	5588 5588 500 166.6667 normal random 0.6 10000 0.05 0.95 14
synthetic_5588_5588_2799088_avg500.9105_std68.0581_random_bw3385.6602_skew10.1557_neigh0.6774_cross0.3651_n14.mtx
	5588 5588 500 166.6667 normal random 0.6 1000 0.5 0.05 14
	5588 5588 500 166.6667 normal random 0.6 10000 0.5 0.05 14
synthetic_5588_5588_2799088_avg500.9105_std68.0581_random_bw3385.0911_skew10.1557_neigh0.6772_cross0.6613_n14.mtx
	5588 5588 500 166.6667 normal random 0.6 1000 0.5 0.5 14
	5588 5588 500 166.6667 normal random 0.6 10000 0.5 0.5 14
synthetic_5588_5588_2799088_avg500.9105_std68.0581_random_bw3383.9503_skew10.1557_neigh0.6863_cross0.9588_n14.mtx
	5588 5588 500 166.6667 normal random 0.6 1000 0.5 0.95 14
	5588 5588 500 166.6667 normal random 0.6 10000 0.5 0.95 14
synthetic_5588_5588_2799088_avg500.9105_std68.0581_random_bw3371.7913_skew10.1557_neigh1.047_cross0.3177_n14.mtx
	5588 5588 500 166.6667 normal random 0.6 1000 0.95 0.05 14
	5588 5588 500 166.6667 normal random 0.6 10000 0.95 0.05 14
synthetic_5588_5588_2799088_avg500.9105_std68.0581_random_bw3370.5628_skew10.1557_neigh1.0469_cross0.6374_n14.mtx
	5588 5588 500 166.6667 normal random 0.6 1000 0.95 0.5 14
	5588 5588 500 166.6667 normal random 0.6 10000 0.95 0.5 14
synthetic_5588_5588_2799088_avg500.9105_std68.0581_random_bw3339.6271_skew10.1557_neigh1.0511_cross0.9563_n14.mtx
	5588 5588 500 166.6667 normal random 0.6 1000 0.95 0.95 14
	5588 5588 500 166.6667 normal random 0.6 10000 0.95 0.95 14
synthetic_5588_5588_2799088_avg500.9105_std68.0581_random_bw500.9105_skew10.1557_neigh1.996_cross0.9995_n14.mtx
	5588 5588 500 166.6667 normal random 0.05 1000 0.5 0.5 14
	5588 5588 500 166.6667 normal random 0.05 1000 0.5 0.95 14
	5588 5588 500 166.6667 normal random 0.05 10000 0.5 0.5 14
	5588 5588 500 166.6667 normal random 0.05 10000 0.5 0.95 14
synthetic_5588_5588_2799088_avg500.9105_std68.0581_random_bw500.9105_skew10.1557_neigh1.996_cross0.9997_n14.mtx
	5588 5588 500 166.6667 normal random 0.05 1000 0.05 0.05 14
	5588 5588 500 166.6667 normal random 0.05 1000 0.05 0.5 14
	5588 5588 500 166.6667 normal random 0.05 1000 0.05 0.95 14
	5588 5588 500 166.6667 normal random 0.05 1000 0.5 0.05 14
	5588 5588 500 166.6667 normal random 0.05 10000 0.05 0.05 14
	5588 5588 500 166.6667 normal random 0.05 10000 0.05 0.5 14
	5588 5588 500 166.6667 normal random 0.05 10000 0.05 0.95 14
	5588 5588 500 166.6667 normal random 0.05 10000 0.5 0.05 14
