synthetic_3483_3483_351683_avg100.9713_std57.3143_random_bw182.2834_skew33.495_neigh1.1035_cross0.908_n14.mtx
	3483 3483 100 33.3333 normal random 0.05 1000 0.05 0.05 14
	3483 3483 100 33.3333 normal random 0.05 10000 0.05 0.05 14
synthetic_3483_3483_351683_avg100.9713_std57.3143_random_bw182.3244_skew33.495_neigh1.1019_cross0.9511_n14.mtx
	3483 3483 100 33.3333 normal random 0.05 1000 0.05 0.5 14
	3483 3483 100 33.3333 normal random 0.05 10000 0.05 0.5 14
synthetic_3483_3483_351683_avg100.9713_std57.3143_random_bw181.9885_skew33.495_neigh1.1099_cross0.9927_n14.mtx
	3483 3483 100 33.3333 normal random 0.05 1000 0.05 0.95 14
	3483 3483 100 33.3333 normal random 0.05 10000 0.05 0.95 14
synthetic_3483_3483_351683_avg100.9713_std57.3143_random_bw180.1413_skew33.495_neigh1.2231_cross0.8834_n14.mtx
	3483 3483 100 33.3333 normal random 0.05 1000 0.5 0.05 14
	3483 3483 100 33.3333 normal random 0.05 10000 0.5 0.05 14
synthetic_3483_3483_351683_avg100.9713_std57.3143_random_bw180.1688_skew33.495_neigh1.2222_cross0.9382_n14.mtx
	3483 3483 100 33.3333 normal random 0.05 1000 0.5 0.5 14
	3483 3483 100 33.3333 normal random 0.05 10000 0.5 0.5 14
synthetic_3483_3483_351683_avg100.9713_std57.3143_random_bw179.1944_skew33.495_neigh1.241_cross0.9912_n14.mtx
	3483 3483 100 33.3333 normal random 0.05 1000 0.5 0.95 14
	3483 3483 100 33.3333 normal random 0.05 10000 0.5 0.95 14
synthetic_3483_3483_351683_avg100.9713_std57.3143_random_bw179.6836_skew33.495_neigh1.3754_cross0.8373_n14.mtx
	3483 3483 100 33.3333 normal random 0.05 1000 0.95 0.05 14
	3483 3483 100 33.3333 normal random 0.05 10000 0.95 0.05 14
synthetic_3483_3483_351683_avg100.9713_std57.3143_random_bw179.76_skew33.495_neigh1.3754_cross0.909_n14.mtx
	3483 3483 100 33.3333 normal random 0.05 1000 0.95 0.5 14
	3483 3483 100 33.3333 normal random 0.05 10000 0.95 0.5 14
synthetic_3483_3483_351683_avg100.9713_std57.3143_random_bw179.2682_skew33.495_neigh1.374_cross0.9886_n14.mtx
	3483 3483 100 33.3333 normal random 0.05 1000 0.95 0.95 14
	3483 3483 100 33.3333 normal random 0.05 10000 0.95 0.95 14
synthetic_3483_3483_351683_avg100.9713_std57.3143_random_bw1053.8585_skew33.495_neigh0.2436_cross0.2843_n14.mtx
	3483 3483 100 33.3333 normal random 0.3 1000 0.05 0.05 14
	3483 3483 100 33.3333 normal random 0.3 10000 0.05 0.05 14
synthetic_3483_3483_351683_avg100.9713_std57.3143_random_bw1054.01_skew33.495_neigh0.2401_cross0.6203_n14.mtx
	3483 3483 100 33.3333 normal random 0.3 1000 0.05 0.5 14
	3483 3483 100 33.3333 normal random 0.3 10000 0.05 0.5 14
synthetic_3483_3483_351683_avg100.9713_std57.3143_random_bw1051.857_skew33.495_neigh0.2512_cross0.9611_n14.mtx
	3483 3483 100 33.3333 normal random 0.3 1000 0.05 0.95 14
	3483 3483 100 33.3333 normal random 0.3 10000 0.05 0.95 14
synthetic_3483_3483_351683_avg100.9713_std57.3143_random_bw1051.0904_skew33.495_neigh0.6193_cross0.2522_n14.mtx
	3483 3483 100 33.3333 normal random 0.3 1000 0.5 0.05 14
	3483 3483 100 33.3333 normal random 0.3 10000 0.5 0.05 14
synthetic_3483_3483_351683_avg100.9713_std57.3143_random_bw1052.2145_skew33.495_neigh0.6207_cross0.6034_n14.mtx
	3483 3483 100 33.3333 normal random 0.3 1000 0.5 0.5 14
	3483 3483 100 33.3333 normal random 0.3 10000 0.5 0.5 14
synthetic_3483_3483_351683_avg100.9713_std57.3143_random_bw1040.9854_skew33.495_neigh0.6264_cross0.9548_n14.mtx
	3483 3483 100 33.3333 normal random 0.3 1000 0.5 0.95 14
	3483 3483 100 33.3333 normal random 0.3 10000 0.5 0.95 14
synthetic_3483_3483_351683_avg100.9713_std57.3143_random_bw1049.9541_skew33.495_neigh1.0099_cross0.2233_n14.mtx
	3483 3483 100 33.3333 normal random 0.3 1000 0.95 0.05 14
	3483 3483 100 33.3333 normal random 0.3 10000 0.95 0.05 14
synthetic_3483_3483_351683_avg100.9713_std57.3143_random_bw1050.3006_skew33.495_neigh1.0109_cross0.5852_n14.mtx
	3483 3483 100 33.3333 normal random 0.3 1000 0.95 0.5 14
	3483 3483 100 33.3333 normal random 0.3 10000 0.95 0.5 14
synthetic_3483_3483_351683_avg100.9713_std57.3143_random_bw1045.3494_skew33.495_neigh1.0096_cross0.9515_n14.mtx
	3483 3483 100 33.3333 normal random 0.3 1000 0.95 0.95 14
	3483 3483 100 33.3333 normal random 0.3 10000 0.95 0.95 14
synthetic_3483_3483_351683_avg100.9713_std57.3143_random_bw2092.8783_skew33.495_neigh0.1562_cross0.1747_n14.mtx
	3483 3483 100 33.3333 normal random 0.6 1000 0.05 0.05 14
	3483 3483 100 33.3333 normal random 0.6 10000 0.05 0.05 14
synthetic_3483_3483_351683_avg100.9713_std57.3143_random_bw2092.7178_skew33.495_neigh0.1575_cross0.5362_n14.mtx
	3483 3483 100 33.3333 normal random 0.6 1000 0.05 0.5 14
	3483 3483 100 33.3333 normal random 0.6 10000 0.05 0.5 14
synthetic_3483_3483_351683_avg100.9713_std57.3143_random_bw2091.8668_skew33.495_neigh0.1658_cross0.9465_n14.mtx
	3483 3483 100 33.3333 normal random 0.6 1000 0.05 0.95 14
	3483 3483 100 33.3333 normal random 0.6 10000 0.05 0.95 14
synthetic_3483_3483_351683_avg100.9713_std57.3143_random_bw2092.4499_skew33.495_neigh0.566_cross0.1577_n14.mtx
	3483 3483 100 33.3333 normal random 0.6 1000 0.5 0.05 14
	3483 3483 100 33.3333 normal random 0.6 10000 0.5 0.05 14
synthetic_3483_3483_351683_avg100.9713_std57.3143_random_bw2094.271_skew33.495_neigh0.5635_cross0.5489_n14.mtx
	3483 3483 100 33.3333 normal random 0.6 1000 0.5 0.5 14
	3483 3483 100 33.3333 normal random 0.6 10000 0.5 0.5 14
synthetic_3483_3483_351683_avg100.9713_std57.3143_random_bw2075.679_skew33.495_neigh0.5806_cross0.9449_n14.mtx
	3483 3483 100 33.3333 normal random 0.6 1000 0.5 0.95 14
	3483 3483 100 33.3333 normal random 0.6 10000 0.5 0.95 14
synthetic_3483_3483_351683_avg100.9713_std57.3143_random_bw2093.1421_skew33.495_neigh0.98_cross0.1343_n14.mtx
	3483 3483 100 33.3333 normal random 0.6 1000 0.95 0.05 14
	3483 3483 100 33.3333 normal random 0.6 10000 0.95 0.05 14
synthetic_3483_3483_351683_avg100.9713_std57.3143_random_bw2092.269_skew33.495_neigh0.9786_cross0.5431_n14.mtx
	3483 3483 100 33.3333 normal random 0.6 1000 0.95 0.5 14
	3483 3483 100 33.3333 normal random 0.6 10000 0.95 0.5 14
synthetic_3483_3483_351683_avg100.9713_std57.3143_random_bw2087.8662_skew33.495_neigh0.982_cross0.9472_n14.mtx
	3483 3483 100 33.3333 normal random 0.6 1000 0.95 0.95 14
	3483 3483 100 33.3333 normal random 0.6 10000 0.95 0.95 14
synthetic_698_698_340181_avg487.3653_std148.2854_random_bw506.6318_skew0.4322_neigh1.9526_cross0.8767_n14.mtx
	698 698 500 166.6667 normal random 0.05 0 0.5 0.05 14
	698 698 500 166.6667 normal random 0.3 0 0.5 0.05 14
synthetic_698_698_340181_avg487.3653_std148.2854_random_bw502.6834_skew0.4322_neigh1.9608_cross0.8516_n14.mtx
	698 698 500 166.6667 normal random 0.05 0 0.5 0.5 14
	698 698 500 166.6667 normal random 0.3 0 0.5 0.5 14
synthetic_698_698_340181_avg487.3653_std148.2854_random_bw515.8854_skew0.4322_neigh1.9354_cross0.8516_n14.mtx
	698 698 500 166.6667 normal random 0.05 0 0.5 0.95 14
	698 698 500 166.6667 normal random 0.3 0 0.5 0.95 14
synthetic_698_698_340181_avg487.3653_std148.2854_random_bw491.7135_skew0.4322_neigh1.9873_cross0.8601_n14.mtx
	698 698 500 166.6667 normal random 0.05 0 0.95 0.05 14
	698 698 500 166.6667 normal random 0.3 0 0.95 0.05 14
synthetic_698_698_340181_avg487.3653_std148.2854_random_bw494.8338_skew0.4322_neigh1.9843_cross0.8428_n14.mtx
	698 698 500 166.6667 normal random 0.05 0 0.95 0.5 14
	698 698 500 166.6667 normal random 0.3 0 0.95 0.5 14
synthetic_698_698_340181_avg487.3653_std148.2854_random_bw512.9083_skew0.4322_neigh1.9488_cross0.8479_n14.mtx
	698 698 500 166.6667 normal random 0.05 0 0.95 0.95 14
	698 698 500 166.6667 normal random 0.3 0 0.95 0.95 14
synthetic_698_698_348428_avg499.1805_std7.6163_random_bw499.1991_skew0.3983_neigh1.9959_cross0.9976_n14.mtx
	698 698 500 166.6667 normal random 0.05 100 0.5 0.5 14
	698 698 500 166.6667 normal random 0.3 100 0.5 0.5 14
synthetic_698_698_348428_avg499.1805_std7.6163_random_bw503.5817_skew0.3983_neigh1.9942_cross0.9973_n14.mtx
	698 698 500 166.6667 normal random 0.05 100 0.5 0.95 14
	698 698 500 166.6667 normal random 0.3 100 0.5 0.95 14
synthetic_698_698_348428_avg499.1805_std7.6163_random_bw499.1805_skew0.3983_neigh1.996_cross0.9977_n14.mtx
	698 698 500 166.6667 normal random 0.05 100 0.95 0.05 14
	698 698 500 166.6667 normal random 0.3 100 0.95 0.05 14
synthetic_698_698_348428_avg499.1805_std7.6163_random_bw499.2049_skew0.3983_neigh1.9959_cross0.9975_n14.mtx
	698 698 500 166.6667 normal random 0.05 100 0.95 0.5 14
	698 698 500 166.6667 normal random 0.3 100 0.95 0.5 14
synthetic_698_698_348428_avg499.1805_std7.6163_random_bw499.4169_skew0.3983_neigh1.9951_cross0.9973_n14.mtx
	698 698 500 166.6667 normal random 0.05 100 0.95 0.95 14
	698 698 500 166.6667 normal random 0.3 100 0.95 0.95 14
synthetic_698_698_349198_avg500.2837_std7.489_random_bw698_skew0.3952_neigh1.4862_cross0.9644_n14.mtx
	698 698 500 166.6667 normal random 0.6 1000 0.5 0.05 14
	698 698 500 166.6667 normal random 0.6 10000 0.5 0.05 14
synthetic_698_698_349198_avg500.2837_std7.489_random_bw698_skew0.3952_neigh1.4868_cross0.9808_n14.mtx
	698 698 500 166.6667 normal random 0.6 1000 0.5 0.5 14
	698 698 500 166.6667 normal random 0.6 10000 0.5 0.5 14
synthetic_698_698_349198_avg500.2837_std7.489_random_bw696.0143_skew0.3952_neigh1.4894_cross0.9962_n14.mtx
	698 698 500 166.6667 normal random 0.6 1000 0.5 0.95 14
	698 698 500 166.6667 normal random 0.6 10000 0.5 0.95 14
synthetic_698_698_349198_avg500.2837_std7.489_random_bw616.5215_skew0.3952_neigh1.684_cross0.9785_n14.mtx
	698 698 500 166.6667 normal random 0.6 1000 0.95 0.05 14
	698 698 500 166.6667 normal random 0.6 10000 0.95 0.05 14
synthetic_698_698_349198_avg500.2837_std7.489_random_bw616.3954_skew0.3952_neigh1.6848_cross0.9873_n14.mtx
	698 698 500 166.6667 normal random 0.6 1000 0.95 0.5 14
	698 698 500 166.6667 normal random 0.6 10000 0.95 0.5 14
synthetic_698_698_349198_avg500.2837_std7.489_random_bw611.6175_skew0.3952_neigh1.6964_cross0.9966_n14.mtx
	698 698 500 166.6667 normal random 0.6 1000 0.95 0.95 14
	698 698 500 166.6667 normal random 0.6 10000 0.95 0.95 14
synthetic_15624_15624_796774_avg50.9968_std124.592_random_bw780.9572_skew305.3722_neigh0.2011_cross0.2156_n14.mtx
	15624 15624 50 16.6667 normal random 0.05 1000 0.05 0.05 14
	15624 15624 50 16.6667 normal random 0.05 10000 0.05 0.05 14
synthetic_15624_15624_796774_avg50.9968_std124.592_random_bw780.8746_skew305.3722_neigh0.1994_cross0.578_n14.mtx
	15624 15624 50 16.6667 normal random 0.05 1000 0.05 0.5 14
	15624 15624 50 16.6667 normal random 0.05 10000 0.05 0.5 14
synthetic_15624_15624_796774_avg50.9968_std124.592_random_bw780.9501_skew305.3722_neigh0.2008_cross0.9508_n14.mtx
	15624 15624 50 16.6667 normal random 0.05 1000 0.05 0.95 14
	15624 15624 50 16.6667 normal random 0.05 10000 0.05 0.95 14
synthetic_15624_15624_796774_avg50.9968_std124.592_random_bw783.2437_skew305.3722_neigh0.588_cross0.1916_n14.mtx
	15624 15624 50 16.6667 normal random 0.05 1000 0.5 0.05 14
	15624 15624 50 16.6667 normal random 0.05 10000 0.5 0.05 14
synthetic_15624_15624_796774_avg50.9968_std124.592_random_bw782.9285_skew305.3722_neigh0.5882_cross0.5653_n14.mtx
	15624 15624 50 16.6667 normal random 0.05 1000 0.5 0.5 14
	15624 15624 50 16.6667 normal random 0.05 10000 0.5 0.5 14
synthetic_15624_15624_796774_avg50.9968_std124.592_random_bw778.3016_skew305.3722_neigh0.5997_cross0.9489_n14.mtx
	15624 15624 50 16.6667 normal random 0.05 1000 0.5 0.95 14
	15624 15624 50 16.6667 normal random 0.05 10000 0.5 0.95 14
synthetic_15624_15624_796774_avg50.9968_std124.592_random_bw783.1815_skew305.3722_neigh0.9906_cross0.1638_n14.mtx
	15624 15624 50 16.6667 normal random 0.05 1000 0.95 0.05 14
	15624 15624 50 16.6667 normal random 0.05 10000 0.95 0.05 14
synthetic_15624_15624_796774_avg50.9968_std124.592_random_bw783.0778_skew305.3722_neigh0.9904_cross0.5627_n14.mtx
	15624 15624 50 16.6667 normal random 0.05 1000 0.95 0.5 14
	15624 15624 50 16.6667 normal random 0.05 10000 0.95 0.5 14
synthetic_15624_15624_796774_avg50.9968_std124.592_random_bw784.2263_skew305.3722_neigh0.9794_cross0.949_n14.mtx
	15624 15624 50 16.6667 normal random 0.05 1000 0.95 0.95 14
	15624 15624 50 16.6667 normal random 0.05 10000 0.95 0.95 14
synthetic_15624_15624_796774_avg50.9968_std124.592_random_bw4683.3617_skew305.3722_neigh0.1058_cross0.0786_n14.mtx
	15624 15624 50 16.6667 normal random 0.3 1000 0.05 0.05 14
	15624 15624 50 16.6667 normal random 0.3 10000 0.05 0.05 14
synthetic_15624_15624_796774_avg50.9968_std124.592_random_bw4684.2265_skew305.3722_neigh0.1061_cross0.5099_n14.mtx
	15624 15624 50 16.6667 normal random 0.3 1000 0.05 0.5 14
	15624 15624 50 16.6667 normal random 0.3 10000 0.05 0.5 14
synthetic_15624_15624_796774_avg50.9968_std124.592_random_bw4678.0369_skew305.3722_neigh0.1093_cross0.9419_n14.mtx
	15624 15624 50 16.6667 normal random 0.3 1000 0.05 0.95 14
	15624 15624 50 16.6667 normal random 0.3 10000 0.05 0.95 14
synthetic_15624_15624_796774_avg50.9968_std124.592_random_bw4684.9562_skew305.3722_neigh0.5312_cross0.073_n14.mtx
	15624 15624 50 16.6667 normal random 0.3 1000 0.5 0.05 14
	15624 15624 50 16.6667 normal random 0.3 10000 0.5 0.05 14
synthetic_15624_15624_796774_avg50.9968_std124.592_random_bw4687.8054_skew305.3722_neigh0.5316_cross0.5006_n14.mtx
	15624 15624 50 16.6667 normal random 0.3 1000 0.5 0.5 14
	15624 15624 50 16.6667 normal random 0.3 10000 0.5 0.5 14
synthetic_15624_15624_796774_avg50.9968_std124.592_random_bw4660.5479_skew305.3722_neigh0.5342_cross0.9418_n14.mtx
	15624 15624 50 16.6667 normal random 0.3 1000 0.5 0.95 14
	15624 15624 50 16.6667 normal random 0.3 10000 0.5 0.95 14
synthetic_15624_15624_796774_avg50.9968_std124.592_random_bw4683.0242_skew305.3722_neigh0.9584_cross0.0665_n14.mtx
	15624 15624 50 16.6667 normal random 0.3 1000 0.95 0.05 14
	15624 15624 50 16.6667 normal random 0.3 10000 0.95 0.05 14
synthetic_15624_15624_796774_avg50.9968_std124.592_random_bw4682.0877_skew305.3722_neigh0.9548_cross0.5059_n14.mtx
	15624 15624 50 16.6667 normal random 0.3 1000 0.95 0.5 14
	15624 15624 50 16.6667 normal random 0.3 10000 0.95 0.5 14
synthetic_15624_15624_796774_avg50.9968_std124.592_random_bw4681.4537_skew305.3722_neigh0.9569_cross0.9404_n14.mtx
	15624 15624 50 16.6667 normal random 0.3 1000 0.95 0.95 14
	15624 15624 50 16.6667 normal random 0.3 10000 0.95 0.95 14
synthetic_15624_15624_796774_avg50.9968_std124.592_random_bw9361.8978_skew305.3722_neigh0.0965_cross0.0643_n14.mtx
	15624 15624 50 16.6667 normal random 0.6 1000 0.05 0.05 14
	15624 15624 50 16.6667 normal random 0.6 10000 0.05 0.05 14
synthetic_15624_15624_796774_avg50.9968_std124.592_random_bw9365.6526_skew305.3722_neigh0.097_cross0.5047_n14.mtx
	15624 15624 50 16.6667 normal random 0.6 1000 0.05 0.5 14
	15624 15624 50 16.6667 normal random 0.6 10000 0.05 0.5 14
synthetic_15624_15624_796774_avg50.9968_std124.592_random_bw9362.8272_skew305.3722_neigh0.0977_cross0.9406_n14.mtx
	15624 15624 50 16.6667 normal random 0.6 1000 0.05 0.95 14
	15624 15624 50 16.6667 normal random 0.6 10000 0.05 0.95 14
synthetic_15624_15624_796774_avg50.9968_std124.592_random_bw9367.7778_skew305.3722_neigh0.5239_cross0.0643_n14.mtx
	15624 15624 50 16.6667 normal random 0.6 1000 0.5 0.05 14
	15624 15624 50 16.6667 normal random 0.6 10000 0.5 0.05 14
synthetic_15624_15624_796774_avg50.9968_std124.592_random_bw9367.6311_skew305.3722_neigh0.526_cross0.5055_n14.mtx
	15624 15624 50 16.6667 normal random 0.6 1000 0.5 0.5 14
	15624 15624 50 16.6667 normal random 0.6 10000 0.5 0.5 14
synthetic_15624_15624_796774_avg50.9968_std124.592_random_bw9290.5136_skew305.3722_neigh0.5334_cross0.9416_n14.mtx
	15624 15624 50 16.6667 normal random 0.6 1000 0.5 0.95 14
	15624 15624 50 16.6667 normal random 0.6 10000 0.5 0.95 14
synthetic_15624_15624_796774_avg50.9968_std124.592_random_bw9362.6333_skew305.3722_neigh0.9557_cross0.0621_n14.mtx
	15624 15624 50 16.6667 normal random 0.6 1000 0.95 0.05 14
	15624 15624 50 16.6667 normal random 0.6 10000 0.95 0.05 14
synthetic_15624_15624_796774_avg50.9968_std124.592_random_bw9357.675_skew305.3722_neigh0.9548_cross0.5004_n14.mtx
	15624 15624 50 16.6667 normal random 0.6 1000 0.95 0.5 14
	15624 15624 50 16.6667 normal random 0.6 10000 0.95 0.5 14
synthetic_15624_15624_796774_avg50.9968_std124.592_random_bw9361.7083_skew305.3722_neigh0.9487_cross0.941_n14.mtx
	15624 15624 50 16.6667 normal random 0.6 1000 0.95 0.95 14
	15624 15624 50 16.6667 normal random 0.6 10000 0.95 0.95 14
synthetic_7838_7838_791538_avg100.9872_std87.3974_random_bw415.4247_skew76.6138_neigh0.5142_cross0.5742_n14.mtx
	7838 7838 100 33.3333 normal random 0.05 1000 0.05 0.05 14
	7838 7838 100 33.3333 normal random 0.05 10000 0.05 0.05 14
synthetic_7838_7838_791538_avg100.9872_std87.3974_random_bw415.5278_skew76.6138_neigh0.5149_cross0.772_n14.mtx
	7838 7838 100 33.3333 normal random 0.05 1000 0.05 0.5 14
	7838 7838 100 33.3333 normal random 0.05 10000 0.05 0.5 14
synthetic_7838_7838_791538_avg100.9872_std87.3974_random_bw415.5718_skew76.6138_neigh0.5311_cross0.9735_n14.mtx
	7838 7838 100 33.3333 normal random 0.05 1000 0.05 0.95 14
	7838 7838 100 33.3333 normal random 0.05 10000 0.05 0.95 14
synthetic_7838_7838_791538_avg100.9872_std87.3974_random_bw407.1662_skew76.6138_neigh0.8007_cross0.5309_n14.mtx
	7838 7838 100 33.3333 normal random 0.05 1000 0.5 0.05 14
	7838 7838 100 33.3333 normal random 0.05 10000 0.5 0.05 14
synthetic_7838_7838_791538_avg100.9872_std87.3974_random_bw407.1384_skew76.6138_neigh0.7995_cross0.7503_n14.mtx
	7838 7838 100 33.3333 normal random 0.05 1000 0.5 0.5 14
	7838 7838 100 33.3333 normal random 0.05 10000 0.5 0.5 14
synthetic_7838_7838_791538_avg100.9872_std87.3974_random_bw406.078_skew76.6138_neigh0.8119_cross0.9705_n14.mtx
	7838 7838 100 33.3333 normal random 0.05 1000 0.5 0.95 14
	7838 7838 100 33.3333 normal random 0.05 10000 0.5 0.95 14
synthetic_7838_7838_791538_avg100.9872_std87.3974_random_bw401.2846_skew76.6138_neigh1.1154_cross0.471_n14.mtx
	7838 7838 100 33.3333 normal random 0.05 1000 0.95 0.05 14
	7838 7838 100 33.3333 normal random 0.05 10000 0.95 0.05 14
synthetic_7838_7838_791538_avg100.9872_std87.3974_random_bw401.7018_skew76.6138_neigh1.1134_cross0.7144_n14.mtx
	7838 7838 100 33.3333 normal random 0.05 1000 0.95 0.5 14
	7838 7838 100 33.3333 normal random 0.05 10000 0.95 0.5 14
synthetic_7838_7838_791538_avg100.9872_std87.3974_random_bw401.4002_skew76.6138_neigh1.1069_cross0.9689_n14.mtx
	7838 7838 100 33.3333 normal random 0.05 1000 0.95 0.95 14
	7838 7838 100 33.3333 normal random 0.05 10000 0.95 0.95 14
synthetic_7838_7838_791538_avg100.9872_std87.3974_random_bw2352.5001_skew76.6138_neigh0.1472_cross0.1637_n14.mtx
	7838 7838 100 33.3333 normal random 0.3 1000 0.05 0.05 14
	7838 7838 100 33.3333 normal random 0.3 10000 0.05 0.05 14
synthetic_7838_7838_791538_avg100.9872_std87.3974_random_bw2352.8575_skew76.6138_neigh0.1466_cross0.5568_n14.mtx
	7838 7838 100 33.3333 normal random 0.3 1000 0.05 0.5 14
	7838 7838 100 33.3333 normal random 0.3 10000 0.05 0.5 14
synthetic_7838_7838_791538_avg100.9872_std87.3974_random_bw2348.959_skew76.6138_neigh0.1512_cross0.948_n14.mtx
	7838 7838 100 33.3333 normal random 0.3 1000 0.05 0.95 14
	7838 7838 100 33.3333 normal random 0.3 10000 0.05 0.95 14
synthetic_7838_7838_791538_avg100.9872_std87.3974_random_bw2353.3187_skew76.6138_neigh0.5584_cross0.1419_n14.mtx
	7838 7838 100 33.3333 normal random 0.3 1000 0.5 0.05 14
	7838 7838 100 33.3333 normal random 0.3 10000 0.5 0.05 14
synthetic_7838_7838_791538_avg100.9872_std87.3974_random_bw2353.8039_skew76.6138_neigh0.5594_cross0.536_n14.mtx
	7838 7838 100 33.3333 normal random 0.3 1000 0.5 0.5 14
	7838 7838 100 33.3333 normal random 0.3 10000 0.5 0.5 14
synthetic_7838_7838_791538_avg100.9872_std87.3974_random_bw2350.3435_skew76.6138_neigh0.5652_cross0.9481_n14.mtx
	7838 7838 100 33.3333 normal random 0.3 1000 0.5 0.95 14
	7838 7838 100 33.3333 normal random 0.3 10000 0.5 0.95 14
synthetic_7838_7838_791538_avg100.9872_std87.3974_random_bw2354.21_skew76.6138_neigh0.978_cross0.1283_n14.mtx
	7838 7838 100 33.3333 normal random 0.3 1000 0.95 0.05 14
	7838 7838 100 33.3333 normal random 0.3 10000 0.95 0.05 14
synthetic_7838_7838_791538_avg100.9872_std87.3974_random_bw2355.2177_skew76.6138_neigh0.9774_cross0.5302_n14.mtx
	7838 7838 100 33.3333 normal random 0.3 1000 0.95 0.5 14
	7838 7838 100 33.3333 normal random 0.3 10000 0.95 0.5 14
synthetic_7838_7838_791538_avg100.9872_std87.3974_random_bw2360.675_skew76.6138_neigh0.9776_cross0.9467_n14.mtx
	7838 7838 100 33.3333 normal random 0.3 1000 0.95 0.95 14
	7838 7838 100 33.3333 normal random 0.3 10000 0.95 0.95 14
synthetic_7838_7838_791538_avg100.9872_std87.3974_random_bw4703.4542_skew76.6138_neigh0.1079_cross0.107_n14.mtx
	7838 7838 100 33.3333 normal random 0.6 1000 0.05 0.05 14
	7838 7838 100 33.3333 normal random 0.6 10000 0.05 0.05 14
synthetic_7838_7838_791538_avg100.9872_std87.3974_random_bw4702.9514_skew76.6138_neigh0.1089_cross0.5197_n14.mtx
	7838 7838 100 33.3333 normal random 0.6 1000 0.05 0.5 14
	7838 7838 100 33.3333 normal random 0.6 10000 0.05 0.5 14
synthetic_7838_7838_791538_avg100.9872_std87.3974_random_bw4692.2837_skew76.6138_neigh0.1102_cross0.9422_n14.mtx
	7838 7838 100 33.3333 normal random 0.6 1000 0.05 0.95 14
	7838 7838 100 33.3333 normal random 0.6 10000 0.05 0.95 14
synthetic_7838_7838_791538_avg100.9872_std87.3974_random_bw4702.7748_skew76.6138_neigh0.5337_cross0.0987_n14.mtx
	7838 7838 100 33.3333 normal random 0.6 1000 0.5 0.05 14
	7838 7838 100 33.3333 normal random 0.6 10000 0.5 0.05 14
synthetic_7838_7838_791538_avg100.9872_std87.3974_random_bw4702.8449_skew76.6138_neigh0.5325_cross0.5214_n14.mtx
	7838 7838 100 33.3333 normal random 0.6 1000 0.5 0.5 14
	7838 7838 100 33.3333 normal random 0.6 10000 0.5 0.5 14
synthetic_7838_7838_791538_avg100.9872_std87.3974_random_bw4684.8548_skew76.6138_neigh0.5366_cross0.9457_n14.mtx
	7838 7838 100 33.3333 normal random 0.6 1000 0.5 0.95 14
	7838 7838 100 33.3333 normal random 0.6 10000 0.5 0.95 14
synthetic_7838_7838_791538_avg100.9872_std87.3974_random_bw4706.0162_skew76.6138_neigh0.9649_cross0.0905_n14.mtx
	7838 7838 100 33.3333 normal random 0.6 1000 0.95 0.05 14
	7838 7838 100 33.3333 normal random 0.6 10000 0.95 0.05 14
synthetic_7838_7838_791538_avg100.9872_std87.3974_random_bw4707.1033_skew76.6138_neigh0.964_cross0.5203_n14.mtx
	7838 7838 100 33.3333 normal random 0.6 1000 0.95 0.5 14
	7838 7838 100 33.3333 normal random 0.6 10000 0.95 0.5 14
synthetic_7838_7838_791538_avg100.9872_std87.3974_random_bw4695.3121_skew76.6138_neigh0.9581_cross0.9386_n14.mtx
	7838 7838 100 33.3333 normal random 0.6 1000 0.95 0.95 14
	7838 7838 100 33.3333 normal random 0.6 10000 0.95 0.95 14
synthetic_1571_1571_789959_avg502.8383_std164.2156_random_bw559.2603_skew0.9827_neigh1.8662_cross0.9001_n14.mtx
	1571 1571 500 166.6667 normal random 0.05 0 0.05 0.05 14
	1571 1571 500 166.6667 normal random 0.3 0 0.05 0.05 14
synthetic_1571_1571_789959_avg502.8383_std164.2156_random_bw542.0509_skew0.9827_neigh1.906_cross0.8629_n14.mtx
	1571 1571 500 166.6667 normal random 0.05 0 0.05 0.5 14
	1571 1571 500 166.6667 normal random 0.3 0 0.05 0.5 14
synthetic_1571_1571_789959_avg502.8383_std164.2156_random_bw557.268_skew0.9827_neigh1.8886_cross0.8449_n14.mtx
	1571 1571 500 166.6667 normal random 0.05 0 0.05 0.95 14
	1571 1571 500 166.6667 normal random 0.3 0 0.05 0.95 14
synthetic_1571_1571_784870_avg499.599_std27.0627_random_bw499.599_skew2.1445_neigh1.996_cross0.9988_n14.mtx
	1571 1571 500 166.6667 normal random 0.05 100 0.05 0.05 14
	1571 1571 500 166.6667 normal random 0.3 100 0.05 0.05 14
synthetic_1571_1571_784870_avg499.599_std27.0627_random_bw499.6206_skew2.1445_neigh1.9959_cross0.998_n14.mtx
	1571 1571 500 166.6667 normal random 0.05 100 0.05 0.5 14
	1571 1571 500 166.6667 normal random 0.3 100 0.05 0.5 14
synthetic_1571_1571_784870_avg499.599_std27.0627_random_bw499.8396_skew2.1445_neigh1.9951_cross0.9978_n14.mtx
	1571 1571 500 166.6667 normal random 0.05 100 0.05 0.95 14
	1571 1571 500 166.6667 normal random 0.3 100 0.05 0.95 14
synthetic_1571_1571_786571_avg500.6817_std27.0124_random_bw615.1604_skew2.1377_neigh1.6477_cross0.9882_n14.mtx
	1571 1571 500 166.6667 normal random 0.3 1000 0.5 0.05 14
	1571 1571 500 166.6667 normal random 0.3 10000 0.5 0.05 14
synthetic_1571_1571_786571_avg500.6817_std27.0124_random_bw615.2393_skew2.1377_neigh1.6473_cross0.9932_n14.mtx
	1571 1571 500 166.6667 normal random 0.3 1000 0.5 0.5 14
	1571 1571 500 166.6667 normal random 0.3 10000 0.5 0.5 14
synthetic_1571_1571_786571_avg500.6817_std27.0124_random_bw614.7963_skew2.1377_neigh1.6496_cross0.9977_n14.mtx
	1571 1571 500 166.6667 normal random 0.3 1000 0.5 0.95 14
	1571 1571 500 166.6667 normal random 0.3 10000 0.5 0.95 14
synthetic_1571_1571_786571_avg500.6817_std27.0124_random_bw518.6703_skew2.1377_neigh1.9311_cross0.9987_n14.mtx
	1571 1571 500 166.6667 normal random 0.3 1000 0.95 0.05 14
	1571 1571 500 166.6667 normal random 0.3 10000 0.95 0.05 14
synthetic_1571_1571_786571_avg500.6817_std27.0124_random_bw518.6703_skew2.1377_neigh1.9312_cross0.9988_n14.mtx
	1571 1571 500 166.6667 normal random 0.3 1000 0.95 0.5 14
	1571 1571 500 166.6667 normal random 0.3 10000 0.95 0.5 14
synthetic_1571_1571_786571_avg500.6817_std27.0124_random_bw518.3953_skew2.1377_neigh1.9318_cross0.9983_n14.mtx
	1571 1571 500 166.6667 normal random 0.3 1000 0.95 0.95 14
	1571 1571 500 166.6667 normal random 0.3 10000 0.95 0.95 14
synthetic_1571_1571_786571_avg500.6817_std27.0124_random_bw1113.8059_skew2.1377_neigh0.9123_cross0.836_n14.mtx
	1571 1571 500 166.6667 normal random 0.6 1000 0.05 0.05 14
	1571 1571 500 166.6667 normal random 0.6 10000 0.05 0.05 14
synthetic_1571_1571_786571_avg500.6817_std27.0124_random_bw1113.4418_skew2.1377_neigh0.913_cross0.9122_n14.mtx
	1571 1571 500 166.6667 normal random 0.6 1000 0.05 0.5 14
	1571 1571 500 166.6667 normal random 0.6 10000 0.05 0.5 14
synthetic_1571_1571_786571_avg500.6817_std27.0124_random_bw1105.6735_skew2.1377_neigh0.9225_cross0.989_n14.mtx
	1571 1571 500 166.6667 normal random 0.6 1000 0.05 0.95 14
	1571 1571 500 166.6667 normal random 0.6 10000 0.05 0.95 14
synthetic_1571_1571_786571_avg500.6817_std27.0124_random_bw1033.4284_skew2.1377_neigh1.1235_cross0.8288_n14.mtx
	1571 1571 500 166.6667 normal random 0.6 1000 0.5 0.05 14
	1571 1571 500 166.6667 normal random 0.6 10000 0.5 0.05 14
synthetic_1571_1571_786571_avg500.6817_std27.0124_random_bw1033.1795_skew2.1377_neigh1.122_cross0.9133_n14.mtx
	1571 1571 500 166.6667 normal random 0.6 1000 0.5 0.5 14
	1571 1571 500 166.6667 normal random 0.6 10000 0.5 0.5 14
synthetic_1571_1571_786571_avg500.6817_std27.0124_random_bw1030.9675_skew2.1377_neigh1.129_cross0.9873_n14.mtx
	1571 1571 500 166.6667 normal random 0.6 1000 0.5 0.95 14
	1571 1571 500 166.6667 normal random 0.6 10000 0.5 0.95 14
synthetic_1571_1571_786571_avg500.6817_std27.0124_random_bw985.6429_skew2.1377_neigh1.3371_cross0.7934_n14.mtx
	1571 1571 500 166.6667 normal random 0.6 1000 0.95 0.05 14
	1571 1571 500 166.6667 normal random 0.6 10000 0.95 0.05 14
synthetic_1571_1571_786571_avg500.6817_std27.0124_random_bw985.3297_skew2.1377_neigh1.3373_cross0.8892_n14.mtx
	1571 1571 500 166.6667 normal random 0.6 1000 0.95 0.5 14
	1571 1571 500 166.6667 normal random 0.6 10000 0.95 0.5 14
synthetic_1571_1571_786571_avg500.6817_std27.0124_random_bw978.6365_skew2.1377_neigh1.3465_cross0.9857_n14.mtx
	1571 1571 500 166.6667 normal random 0.6 1000 0.95 0.95 14
	1571 1571 500 166.6667 normal random 0.6 10000 0.95 0.95 14
synthetic_24304_24304_1239454_avg50.9979_std155.5735_random_bw1215.1771_skew475.5682_neigh0.16_cross0.156_n14.mtx
	24304 24304 50 16.6667 normal random 0.05 1000 0.05 0.05 14
	24304 24304 50 16.6667 normal random 0.05 10000 0.05 0.05 14
synthetic_24304_24304_1239454_avg50.9979_std155.5735_random_bw1214.9436_skew475.5682_neigh0.1599_cross0.5532_n14.mtx
	24304 24304 50 16.6667 normal random 0.05 1000 0.05 0.5 14
	24304 24304 50 16.6667 normal random 0.05 10000 0.05 0.5 14
synthetic_24304_24304_1239454_avg50.9979_std155.5735_random_bw1213.6758_skew475.5682_neigh0.1631_cross0.947_n14.mtx
	24304 24304 50 16.6667 normal random 0.05 1000 0.05 0.95 14
	24304 24304 50 16.6667 normal random 0.05 10000 0.05 0.95 14
synthetic_24304_24304_1239454_avg50.9979_std155.5735_random_bw1216.415_skew475.5682_neigh0.5632_cross0.1406_n14.mtx
	24304 24304 50 16.6667 normal random 0.05 1000 0.5 0.05 14
	24304 24304 50 16.6667 normal random 0.05 10000 0.5 0.05 14
synthetic_24304_24304_1239454_avg50.9979_std155.5735_random_bw1217.0577_skew475.5682_neigh0.5648_cross0.5429_n14.mtx
	24304 24304 50 16.6667 normal random 0.05 1000 0.5 0.5 14
	24304 24304 50 16.6667 normal random 0.05 10000 0.5 0.5 14
synthetic_24304_24304_1239454_avg50.9979_std155.5735_random_bw1215.8206_skew475.5682_neigh0.5631_cross0.9463_n14.mtx
	24304 24304 50 16.6667 normal random 0.05 1000 0.5 0.95 14
	24304 24304 50 16.6667 normal random 0.05 10000 0.5 0.95 14
synthetic_24304_24304_1239454_avg50.9979_std155.5735_random_bw1216.4604_skew475.5682_neigh0.9762_cross0.124_n14.mtx
	24304 24304 50 16.6667 normal random 0.05 1000 0.95 0.05 14
	24304 24304 50 16.6667 normal random 0.05 10000 0.95 0.05 14
synthetic_24304_24304_1239454_avg50.9979_std155.5735_random_bw1217.391_skew475.5682_neigh0.9746_cross0.5326_n14.mtx
	24304 24304 50 16.6667 normal random 0.05 1000 0.95 0.5 14
	24304 24304 50 16.6667 normal random 0.05 10000 0.95 0.5 14
synthetic_24304_24304_1239454_avg50.9979_std155.5735_random_bw1216.4046_skew475.5682_neigh0.9721_cross0.9446_n14.mtx
	24304 24304 50 16.6667 normal random 0.05 1000 0.95 0.95 14
	24304 24304 50 16.6667 normal random 0.05 10000 0.95 0.95 14
synthetic_24304_24304_1239454_avg50.9979_std155.5735_random_bw7288.4704_skew475.5682_neigh0.0991_cross0.0678_n14.mtx
	24304 24304 50 16.6667 normal random 0.3 1000 0.05 0.05 14
	24304 24304 50 16.6667 normal random 0.3 10000 0.05 0.05 14
synthetic_24304_24304_1239454_avg50.9979_std155.5735_random_bw7286.4142_skew475.5682_neigh0.0997_cross0.507_n14.mtx
	24304 24304 50 16.6667 normal random 0.3 1000 0.05 0.5 14
	24304 24304 50 16.6667 normal random 0.3 10000 0.05 0.5 14
synthetic_24304_24304_1239454_avg50.9979_std155.5735_random_bw7278.5158_skew475.5682_neigh0.1019_cross0.9414_n14.mtx
	24304 24304 50 16.6667 normal random 0.3 1000 0.05 0.95 14
	24304 24304 50 16.6667 normal random 0.3 10000 0.05 0.95 14
synthetic_24304_24304_1239454_avg50.9979_std155.5735_random_bw7289.8965_skew475.5682_neigh0.5254_cross0.0641_n14.mtx
	24304 24304 50 16.6667 normal random 0.3 1000 0.5 0.05 14
	24304 24304 50 16.6667 normal random 0.3 10000 0.5 0.05 14
synthetic_24304_24304_1239454_avg50.9979_std155.5735_random_bw7284.1942_skew475.5682_neigh0.5276_cross0.5055_n14.mtx
	24304 24304 50 16.6667 normal random 0.3 1000 0.5 0.5 14
	24304 24304 50 16.6667 normal random 0.3 10000 0.5 0.5 14
synthetic_24304_24304_1239454_avg50.9979_std155.5735_random_bw7288.9732_skew475.5682_neigh0.5302_cross0.9424_n14.mtx
	24304 24304 50 16.6667 normal random 0.3 1000 0.5 0.95 14
	24304 24304 50 16.6667 normal random 0.3 10000 0.5 0.95 14
synthetic_24304_24304_1239454_avg50.9979_std155.5735_random_bw7274.6657_skew475.5682_neigh0.9563_cross0.0623_n14.mtx
	24304 24304 50 16.6667 normal random 0.3 1000 0.95 0.05 14
	24304 24304 50 16.6667 normal random 0.3 10000 0.95 0.05 14
synthetic_24304_24304_1239454_avg50.9979_std155.5735_random_bw7276.9972_skew475.5682_neigh0.9553_cross0.5015_n14.mtx
	24304 24304 50 16.6667 normal random 0.3 1000 0.95 0.5 14
	24304 24304 50 16.6667 normal random 0.3 10000 0.95 0.5 14
synthetic_24304_24304_1239454_avg50.9979_std155.5735_random_bw7266.2595_skew475.5682_neigh0.955_cross0.941_n14.mtx
	24304 24304 50 16.6667 normal random 0.3 1000 0.95 0.95 14
	24304 24304 50 16.6667 normal random 0.3 10000 0.95 0.95 14
synthetic_24304_24304_1239454_avg50.9979_std155.5735_random_bw14568.8906_skew475.5682_neigh0.0933_cross0.0579_n14.mtx
	24304 24304 50 16.6667 normal random 0.6 1000 0.05 0.05 14
	24304 24304 50 16.6667 normal random 0.6 10000 0.05 0.05 14
synthetic_24304_24304_1239454_avg50.9979_std155.5735_random_bw14565.8425_skew475.5682_neigh0.0939_cross0.5_n14.mtx
	24304 24304 50 16.6667 normal random 0.6 1000 0.05 0.5 14
	24304 24304 50 16.6667 normal random 0.6 10000 0.05 0.5 14
synthetic_24304_24304_1239454_avg50.9979_std155.5735_random_bw14561.2056_skew475.5682_neigh0.0956_cross0.9397_n14.mtx
	24304 24304 50 16.6667 normal random 0.6 1000 0.05 0.95 14
	24304 24304 50 16.6667 normal random 0.6 10000 0.05 0.95 14
synthetic_24304_24304_1239454_avg50.9979_std155.5735_random_bw14577.1995_skew475.5682_neigh0.5219_cross0.0565_n14.mtx
	24304 24304 50 16.6667 normal random 0.6 1000 0.5 0.05 14
	24304 24304 50 16.6667 normal random 0.6 10000 0.5 0.05 14
synthetic_24304_24304_1239454_avg50.9979_std155.5735_random_bw14575.1453_skew475.5682_neigh0.5226_cross0.5031_n14.mtx
	24304 24304 50 16.6667 normal random 0.6 1000 0.5 0.5 14
	24304 24304 50 16.6667 normal random 0.6 10000 0.5 0.5 14
synthetic_24304_24304_1239454_avg50.9979_std155.5735_random_bw14573.9433_skew475.5682_neigh0.5239_cross0.9401_n14.mtx
	24304 24304 50 16.6667 normal random 0.6 1000 0.5 0.95 14
	24304 24304 50 16.6667 normal random 0.6 10000 0.5 0.95 14
synthetic_24304_24304_1239454_avg50.9979_std155.5735_random_bw14546.2022_skew475.5682_neigh0.9538_cross0.055_n14.mtx
	24304 24304 50 16.6667 normal random 0.6 1000 0.95 0.05 14
	24304 24304 50 16.6667 normal random 0.6 10000 0.95 0.05 14
synthetic_24304_24304_1239454_avg50.9979_std155.5735_random_bw14560.9856_skew475.5682_neigh0.9545_cross0.499_n14.mtx
	24304 24304 50 16.6667 normal random 0.6 1000 0.95 0.5 14
	24304 24304 50 16.6667 normal random 0.6 10000 0.95 0.5 14
synthetic_24304_24304_1239454_avg50.9979_std155.5735_random_bw14480.7356_skew475.5682_neigh0.953_cross0.9416_n14.mtx
	24304 24304 50 16.6667 normal random 0.6 1000 0.95 0.95 14
	24304 24304 50 16.6667 normal random 0.6 10000 0.95 0.95 14
synthetic_20901_20901_2110901_avg100.9952_std143.8766_random_bw1046.4932_skew205.9504_neigh0.2444_cross0.2904_n14.mtx
	20901 20901 100 33.3333 normal random 0.05 1000 0.05 0.05 14
	20901 20901 100 33.3333 normal random 0.05 10000 0.05 0.05 14
synthetic_20901_20901_2110901_avg100.9952_std143.8766_random_bw1046.5499_skew205.9504_neigh0.2433_cross0.6239_n14.mtx
	20901 20901 100 33.3333 normal random 0.05 1000 0.05 0.5 14
	20901 20901 100 33.3333 normal random 0.05 10000 0.05 0.5 14
synthetic_20901_20901_2110901_avg100.9952_std143.8766_random_bw1044.9778_skew205.9504_neigh0.2458_cross0.9555_n14.mtx
	20901 20901 100 33.3333 normal random 0.05 1000 0.05 0.95 14
	20901 20901 100 33.3333 normal random 0.05 10000 0.05 0.95 14
synthetic_20901_20901_2110901_avg100.9952_std143.8766_random_bw1047.1469_skew205.9504_neigh0.6169_cross0.2578_n14.mtx
	20901 20901 100 33.3333 normal random 0.05 1000 0.5 0.05 14
	20901 20901 100 33.3333 normal random 0.05 10000 0.5 0.05 14
synthetic_20901_20901_2110901_avg100.9952_std143.8766_random_bw1046.7075_skew205.9504_neigh0.6187_cross0.6054_n14.mtx
	20901 20901 100 33.3333 normal random 0.05 1000 0.5 0.5 14
	20901 20901 100 33.3333 normal random 0.05 10000 0.5 0.5 14
synthetic_20901_20901_2110901_avg100.9952_std143.8766_random_bw1047.1142_skew205.9504_neigh0.6194_cross0.9543_n14.mtx
	20901 20901 100 33.3333 normal random 0.05 1000 0.5 0.95 14
	20901 20901 100 33.3333 normal random 0.05 10000 0.5 0.95 14
synthetic_20901_20901_2110901_avg100.9952_std143.8766_random_bw1048.4879_skew205.9504_neigh1.0103_cross0.2215_n14.mtx
	20901 20901 100 33.3333 normal random 0.05 1000 0.95 0.05 14
	20901 20901 100 33.3333 normal random 0.05 10000 0.95 0.05 14
synthetic_20901_20901_2110901_avg100.9952_std143.8766_random_bw1048.222_skew205.9504_neigh1.0086_cross0.5863_n14.mtx
	20901 20901 100 33.3333 normal random 0.05 1000 0.95 0.5 14
	20901 20901 100 33.3333 normal random 0.05 10000 0.95 0.5 14
synthetic_20901_20901_2110901_avg100.9952_std143.8766_random_bw1047.0846_skew205.9504_neigh1.0123_cross0.9513_n14.mtx
	20901 20901 100 33.3333 normal random 0.05 1000 0.95 0.95 14
	20901 20901 100 33.3333 normal random 0.05 10000 0.95 0.95 14
synthetic_20901_20901_2110901_avg100.9952_std143.8766_random_bw6270.355_skew205.9504_neigh0.0986_cross0.0917_n14.mtx
	20901 20901 100 33.3333 normal random 0.3 1000 0.05 0.05 14
	20901 20901 100 33.3333 normal random 0.3 10000 0.05 0.05 14
synthetic_20901_20901_2110901_avg100.9952_std143.8766_random_bw6270.1385_skew205.9504_neigh0.0982_cross0.5196_n14.mtx
	20901 20901 100 33.3333 normal random 0.3 1000 0.05 0.5 14
	20901 20901 100 33.3333 normal random 0.3 10000 0.05 0.5 14
synthetic_20901_20901_2110901_avg100.9952_std143.8766_random_bw6261.7053_skew205.9504_neigh0.101_cross0.9436_n14.mtx
	20901 20901 100 33.3333 normal random 0.3 1000 0.05 0.95 14
	20901 20901 100 33.3333 normal random 0.3 10000 0.05 0.95 14
synthetic_20901_20901_2110901_avg100.9952_std143.8766_random_bw6270.5778_skew205.9504_neigh0.5269_cross0.0858_n14.mtx
	20901 20901 100 33.3333 normal random 0.3 1000 0.5 0.05 14
	20901 20901 100 33.3333 normal random 0.3 10000 0.5 0.05 14
synthetic_20901_20901_2110901_avg100.9952_std143.8766_random_bw6268.3912_skew205.9504_neigh0.5282_cross0.5098_n14.mtx
	20901 20901 100 33.3333 normal random 0.3 1000 0.5 0.5 14
	20901 20901 100 33.3333 normal random 0.3 10000 0.5 0.5 14
synthetic_20901_20901_2110901_avg100.9952_std143.8766_random_bw6266.0778_skew205.9504_neigh0.5264_cross0.9439_n14.mtx
	20901 20901 100 33.3333 normal random 0.3 1000 0.5 0.95 14
	20901 20901 100 33.3333 normal random 0.3 10000 0.5 0.95 14
synthetic_20901_20901_2110901_avg100.9952_std143.8766_random_bw6270.3494_skew205.9504_neigh0.961_cross0.0791_n14.mtx
	20901 20901 100 33.3333 normal random 0.3 1000 0.95 0.05 14
	20901 20901 100 33.3333 normal random 0.3 10000 0.95 0.05 14
synthetic_20901_20901_2110901_avg100.9952_std143.8766_random_bw6270.6429_skew205.9504_neigh0.9588_cross0.5122_n14.mtx
	20901 20901 100 33.3333 normal random 0.3 1000 0.95 0.5 14
	20901 20901 100 33.3333 normal random 0.3 10000 0.95 0.5 14
synthetic_20901_20901_2110901_avg100.9952_std143.8766_random_bw6260.5577_skew205.9504_neigh0.9683_cross0.9425_n14.mtx
	20901 20901 100 33.3333 normal random 0.3 1000 0.95 0.95 14
	20901 20901 100 33.3333 normal random 0.3 10000 0.95 0.95 14
synthetic_20901_20901_2110901_avg100.9952_std143.8766_random_bw12542.6913_skew205.9504_neigh0.0831_cross0.0722_n14.mtx
	20901 20901 100 33.3333 normal random 0.6 1000 0.05 0.05 14
	20901 20901 100 33.3333 normal random 0.6 10000 0.05 0.05 14
synthetic_20901_20901_2110901_avg100.9952_std143.8766_random_bw12543.3308_skew205.9504_neigh0.083_cross0.505_n14.mtx
	20901 20901 100 33.3333 normal random 0.6 1000 0.05 0.5 14
	20901 20901 100 33.3333 normal random 0.6 10000 0.05 0.5 14
synthetic_20901_20901_2110901_avg100.9952_std143.8766_random_bw12531.6738_skew205.9504_neigh0.0882_cross0.9388_n14.mtx
	20901 20901 100 33.3333 normal random 0.6 1000 0.05 0.95 14
	20901 20901 100 33.3333 normal random 0.6 10000 0.05 0.95 14
synthetic_20901_20901_2110901_avg100.9952_std143.8766_random_bw12538.4695_skew205.9504_neigh0.5179_cross0.0651_n14.mtx
	20901 20901 100 33.3333 normal random 0.6 1000 0.5 0.05 14
	20901 20901 100 33.3333 normal random 0.6 10000 0.5 0.05 14
synthetic_20901_20901_2110901_avg100.9952_std143.8766_random_bw12540.3605_skew205.9504_neigh0.5175_cross0.5102_n14.mtx
	20901 20901 100 33.3333 normal random 0.6 1000 0.5 0.5 14
	20901 20901 100 33.3333 normal random 0.6 10000 0.5 0.5 14
synthetic_20901_20901_2110901_avg100.9952_std143.8766_random_bw12527.8567_skew205.9504_neigh0.5168_cross0.9411_n14.mtx
	20901 20901 100 33.3333 normal random 0.6 1000 0.5 0.95 14
	20901 20901 100 33.3333 normal random 0.6 10000 0.5 0.95 14
synthetic_20901_20901_2110901_avg100.9952_std143.8766_random_bw12540.0527_skew205.9504_neigh0.9562_cross0.0641_n14.mtx
	20901 20901 100 33.3333 normal random 0.6 1000 0.95 0.05 14
	20901 20901 100 33.3333 normal random 0.6 10000 0.95 0.05 14
synthetic_20901_20901_2110901_avg100.9952_std143.8766_random_bw12540.0268_skew205.9504_neigh0.9547_cross0.5041_n14.mtx
	20901 20901 100 33.3333 normal random 0.6 1000 0.95 0.5 14
	20901 20901 100 33.3333 normal random 0.6 10000 0.95 0.5 14
synthetic_20901_20901_2110901_avg100.9952_std143.8766_random_bw12499.6427_skew205.9504_neigh0.9588_cross0.9435_n14.mtx
	20901 20901 100 33.3333 normal random 0.6 1000 0.95 0.95 14
	20901 20901 100 33.3333 normal random 0.6 10000 0.95 0.95 14
synthetic_4191_4191_2094566_avg499.7771_std57.0358_random_bw499.7771_skew7.3857_neigh1.996_cross0.9994_n14.mtx
	4191 4191 500 166.6667 normal random 0.05 100 0.05 0.05 14
	4191 4191 500 166.6667 normal random 0.05 100 0.95 0.05 14
synthetic_41665_41665_2124865_avg50.9988_std203.8727_random_bw2081.8561_skew815.98_neigh0.1297_cross0.1112_n14.mtx
	41665 41665 50 16.6667 normal random 0.05 1000 0.05 0.05 14
	41665 41665 50 16.6667 normal random 0.05 10000 0.05 0.05 14
synthetic_41665_41665_2124865_avg50.9988_std203.8727_random_bw2081.7954_skew815.98_neigh0.1293_cross0.5292_n14.mtx
	41665 41665 50 16.6667 normal random 0.05 1000 0.05 0.5 14
	41665 41665 50 16.6667 normal random 0.05 10000 0.05 0.5 14
synthetic_41665_41665_2124865_avg50.9988_std203.8727_random_bw2082.0745_skew815.98_neigh0.1308_cross0.9429_n14.mtx
	41665 41665 50 16.6667 normal random 0.05 1000 0.05 0.95 14
	41665 41665 50 16.6667 normal random 0.05 10000 0.05 0.95 14
synthetic_41665_41665_2124865_avg50.9988_std203.8727_random_bw2084.1773_skew815.98_neigh0.5452_cross0.1014_n14.mtx
	41665 41665 50 16.6667 normal random 0.05 1000 0.5 0.05 14
	41665 41665 50 16.6667 normal random 0.05 10000 0.5 0.05 14
synthetic_41665_41665_2124865_avg50.9988_std203.8727_random_bw2084.3869_skew815.98_neigh0.545_cross0.5272_n14.mtx
	41665 41665 50 16.6667 normal random 0.05 1000 0.5 0.5 14
	41665 41665 50 16.6667 normal random 0.05 10000 0.5 0.5 14
synthetic_41665_41665_2124865_avg50.9988_std203.8727_random_bw2081.4659_skew815.98_neigh0.5472_cross0.9428_n14.mtx
	41665 41665 50 16.6667 normal random 0.05 1000 0.5 0.95 14
	41665 41665 50 16.6667 normal random 0.05 10000 0.5 0.95 14
synthetic_41665_41665_2124865_avg50.9988_std203.8727_random_bw2083.1486_skew815.98_neigh0.9656_cross0.0936_n14.mtx
	41665 41665 50 16.6667 normal random 0.05 1000 0.95 0.05 14
	41665 41665 50 16.6667 normal random 0.05 10000 0.95 0.05 14
synthetic_41665_41665_2124865_avg50.9988_std203.8727_random_bw2084.3141_skew815.98_neigh0.9656_cross0.5176_n14.mtx
	41665 41665 50 16.6667 normal random 0.05 1000 0.95 0.5 14
	41665 41665 50 16.6667 normal random 0.05 10000 0.95 0.5 14
synthetic_41665_41665_2124865_avg50.9988_std203.8727_random_bw2083.8563_skew815.98_neigh0.9689_cross0.9433_n14.mtx
	41665 41665 50 16.6667 normal random 0.05 1000 0.95 0.95 14
	41665 41665 50 16.6667 normal random 0.05 10000 0.95 0.95 14
synthetic_3318_3318_1658161_avg499.7471_std48.9465_random_bw499.7471_skew5.6394_neigh1.996_cross0.9993_n14.mtx
	3318 3318 500 166.6667 normal random 0.05 100 0.05 0.05 14
	3318 3318 500 166.6667 normal random 0.05 100 0.5 0.05 14
synthetic_3318_3318_1661818_avg500.8493_std48.9145_random_bw1090.2294_skew5.6247_neigh0.9314_cross0.844_n14.mtx
	3318 3318 500 166.6667 normal random 0.3 1000 0.05 0.05 14
	3318 3318 500 166.6667 normal random 0.3 10000 0.05 0.05 14
synthetic_3318_3318_1661818_avg500.8493_std48.9145_random_bw1090.2366_skew5.6247_neigh0.9313_cross0.9162_n14.mtx
	3318 3318 500 166.6667 normal random 0.3 1000 0.05 0.5 14
	3318 3318 500 166.6667 normal random 0.3 10000 0.05 0.5 14
synthetic_3318_3318_1661818_avg500.8493_std48.9145_random_bw1088.4584_skew5.6247_neigh0.9366_cross0.9899_n14.mtx
	3318 3318 500 166.6667 normal random 0.3 1000 0.05 0.95 14
	3318 3318 500 166.6667 normal random 0.3 10000 0.05 0.95 14
synthetic_3318_3318_1661818_avg500.8493_std48.9145_random_bw1047.0775_skew5.6247_neigh1.1146_cross0.8226_n14.mtx
	3318 3318 500 166.6667 normal random 0.3 1000 0.5 0.05 14
	3318 3318 500 166.6667 normal random 0.3 10000 0.5 0.05 14
synthetic_3318_3318_1661818_avg500.8493_std48.9145_random_bw1046.8044_skew5.6247_neigh1.1146_cross0.9051_n14.mtx
	3318 3318 500 166.6667 normal random 0.3 1000 0.5 0.5 14
	3318 3318 500 166.6667 normal random 0.3 10000 0.5 0.5 14
synthetic_3318_3318_1661818_avg500.8493_std48.9145_random_bw1045.962_skew5.6247_neigh1.1194_cross0.9871_n14.mtx
	3318 3318 500 166.6667 normal random 0.3 1000 0.5 0.95 14
	3318 3318 500 166.6667 normal random 0.3 10000 0.5 0.95 14
synthetic_3318_3318_1661818_avg500.8493_std48.9145_random_bw1021.5401_skew5.6247_neigh1.3205_cross0.7777_n14.mtx
	3318 3318 500 166.6667 normal random 0.3 1000 0.95 0.05 14
	3318 3318 500 166.6667 normal random 0.3 10000 0.95 0.05 14
synthetic_3318_3318_1661818_avg500.8493_std48.9145_random_bw1021.4361_skew5.6247_neigh1.3202_cross0.8837_n14.mtx
	3318 3318 500 166.6667 normal random 0.3 1000 0.95 0.5 14
	3318 3318 500 166.6667 normal random 0.3 10000 0.95 0.5 14
synthetic_3318_3318_1661818_avg500.8493_std48.9145_random_bw1020.038_skew5.6247_neigh1.3198_cross0.9846_n14.mtx
	3318 3318 500 166.6667 normal random 0.3 1000 0.95 0.95 14
	3318 3318 500 166.6667 normal random 0.3 10000 0.95 0.95 14
synthetic_3318_3318_1661818_avg500.8493_std48.9145_random_bw2084.9943_skew5.6247_neigh0.5092_cross0.5772_n14.mtx
	3318 3318 500 166.6667 normal random 0.6 1000 0.05 0.05 14
	3318 3318 500 166.6667 normal random 0.6 10000 0.05 0.05 14
synthetic_3318_3318_1661818_avg500.8493_std48.9145_random_bw2084.9762_skew5.6247_neigh0.5098_cross0.7748_n14.mtx
	3318 3318 500 166.6667 normal random 0.6 1000 0.05 0.5 14
	3318 3318 500 166.6667 normal random 0.6 10000 0.05 0.5 14
synthetic_3318_3318_1661818_avg500.8493_std48.9145_random_bw2080.0835_skew5.6247_neigh0.5164_cross0.9721_n14.mtx
	3318 3318 500 166.6667 normal random 0.6 1000 0.05 0.95 14
	3318 3318 500 166.6667 normal random 0.6 10000 0.05 0.95 14
synthetic_3318_3318_1661818_avg500.8493_std48.9145_random_bw2046.632_skew5.6247_neigh0.7987_cross0.5335_n14.mtx
	3318 3318 500 166.6667 normal random 0.6 1000 0.5 0.05 14
	3318 3318 500 166.6667 normal random 0.6 10000 0.5 0.05 14
synthetic_3318_3318_1661818_avg500.8493_std48.9145_random_bw2045.4364_skew5.6247_neigh0.8015_cross0.748_n14.mtx
	3318 3318 500 166.6667 normal random 0.6 1000 0.5 0.5 14
	3318 3318 500 166.6667 normal random 0.6 10000 0.5 0.5 14
synthetic_3318_3318_1661818_avg500.8493_std48.9145_random_bw2042.9147_skew5.6247_neigh0.8064_cross0.9702_n14.mtx
	3318 3318 500 166.6667 normal random 0.6 1000 0.5 0.95 14
	3318 3318 500 166.6667 normal random 0.6 10000 0.5 0.95 14
synthetic_3318_3318_1661818_avg500.8493_std48.9145_random_bw2019.7125_skew5.6247_neigh1.1188_cross0.4773_n14.mtx
	3318 3318 500 166.6667 normal random 0.6 1000 0.95 0.05 14
	3318 3318 500 166.6667 normal random 0.6 10000 0.95 0.05 14
synthetic_3318_3318_1661818_avg500.8493_std48.9145_random_bw2019.8665_skew5.6247_neigh1.12_cross0.7258_n14.mtx
	3318 3318 500 166.6667 normal random 0.6 1000 0.95 0.5 14
	3318 3318 500 166.6667 normal random 0.6 10000 0.95 0.5 14
synthetic_3318_3318_1661818_avg500.8493_std48.9145_random_bw2016.4623_skew5.6247_neigh1.1221_cross0.9642_n14.mtx
	3318 3318 500 166.6667 normal random 0.6 1000 0.95 0.95 14
	3318 3318 500 166.6667 normal random 0.6 10000 0.95 0.95 14
synthetic_6944_6944_354094_avg50.9928_std82.7247_random_bw348.657_skew135.1761_neigh0.3423_cross0.3896_n14.mtx
	6944 6944 50 16.6667 normal random 0.05 1000 0.05 0.05 14
	6944 6944 50 16.6667 normal random 0.05 10000 0.05 0.05 14
synthetic_6944_6944_354094_avg50.9928_std82.7247_random_bw348.3226_skew135.1761_neigh0.3455_cross0.6763_n14.mtx
	6944 6944 50 16.6667 normal random 0.05 1000 0.05 0.5 14
	6944 6944 50 16.6667 normal random 0.05 10000 0.05 0.5 14
synthetic_6944_6944_354094_avg50.9928_std82.7247_random_bw348.4264_skew135.1761_neigh0.3431_cross0.9619_n14.mtx
	6944 6944 50 16.6667 normal random 0.05 1000 0.05 0.95 14
	6944 6944 50 16.6667 normal random 0.05 10000 0.05 0.95 14
synthetic_6944_6944_354094_avg50.9928_std82.7247_random_bw349.3131_skew135.1761_neigh0.6782_cross0.3477_n14.mtx
	6944 6944 50 16.6667 normal random 0.05 1000 0.5 0.05 14
	6944 6944 50 16.6667 normal random 0.05 10000 0.5 0.05 14
synthetic_16547_16547_1671147_avg100.994_std127.8539_random_bw831.0563_skew162.8415_neigh0.2906_cross0.3457_n14.mtx
	16547 16547 100 33.3333 normal random 0.05 1000 0.05 0.05 14
	16547 16547 100 33.3333 normal random 0.05 10000 0.05 0.05 14
synthetic_16547_16547_1671147_avg100.994_std127.8539_random_bw830.6429_skew162.8415_neigh0.2916_cross0.652_n14.mtx
	16547 16547 100 33.3333 normal random 0.05 1000 0.05 0.5 14
	16547 16547 100 33.3333 normal random 0.05 10000 0.05 0.5 14
synthetic_16547_16547_1671147_avg100.994_std127.8539_random_bw830.1023_skew162.8415_neigh0.2865_cross0.9599_n14.mtx
	16547 16547 100 33.3333 normal random 0.05 1000 0.05 0.95 14
	16547 16547 100 33.3333 normal random 0.05 10000 0.05 0.95 14
synthetic_16547_16547_1671147_avg100.994_std127.8539_random_bw830.5942_skew162.8415_neigh0.6474_cross0.3085_n14.mtx
	16547 16547 100 33.3333 normal random 0.05 1000 0.5 0.05 14
	16547 16547 100 33.3333 normal random 0.05 10000 0.5 0.05 14
synthetic_16547_16547_1671147_avg100.994_std127.8539_random_bw830.826_skew162.8415_neigh0.6492_cross0.6342_n14.mtx
	16547 16547 100 33.3333 normal random 0.05 1000 0.5 0.5 14
	16547 16547 100 33.3333 normal random 0.05 10000 0.5 0.5 14
synthetic_16547_16547_1671147_avg100.994_std127.8539_random_bw828.9918_skew162.8415_neigh0.6556_cross0.9538_n14.mtx
	16547 16547 100 33.3333 normal random 0.05 1000 0.5 0.95 14
	16547 16547 100 33.3333 normal random 0.05 10000 0.5 0.95 14
synthetic_16547_16547_1671147_avg100.994_std127.8539_random_bw831.9678_skew162.8415_neigh1.0262_cross0.2657_n14.mtx
	16547 16547 100 33.3333 normal random 0.05 1000 0.95 0.05 14
	16547 16547 100 33.3333 normal random 0.05 10000 0.95 0.05 14
synthetic_16547_16547_1671147_avg100.994_std127.8539_random_bw832.4418_skew162.8415_neigh1.0256_cross0.6125_n14.mtx
	16547 16547 100 33.3333 normal random 0.05 1000 0.95 0.5 14
	16547 16547 100 33.3333 normal random 0.05 10000 0.95 0.5 14
synthetic_16547_16547_1671147_avg100.994_std127.8539_random_bw829.8274_skew162.8415_neigh1.0203_cross0.9531_n14.mtx
	16547 16547 100 33.3333 normal random 0.05 1000 0.95 0.95 14
	16547 16547 100 33.3333 normal random 0.05 10000 0.95 0.95 14
synthetic_16547_16547_1671147_avg100.994_std127.8539_random_bw4965.1632_skew162.8415_neigh0.1049_cross0.1046_n14.mtx
	16547 16547 100 33.3333 normal random 0.3 1000 0.05 0.05 14
	16547 16547 100 33.3333 normal random 0.3 10000 0.05 0.05 14
synthetic_16547_16547_1671147_avg100.994_std127.8539_random_bw4963.7675_skew162.8415_neigh0.1061_cross0.5306_n14.mtx
	16547 16547 100 33.3333 normal random 0.3 1000 0.05 0.5 14
	16547 16547 100 33.3333 normal random 0.3 10000 0.05 0.5 14
synthetic_16547_16547_1671147_avg100.994_std127.8539_random_bw4963.8939_skew162.8415_neigh0.1052_cross0.9449_n14.mtx
	16547 16547 100 33.3333 normal random 0.3 1000 0.05 0.95 14
	16547 16547 100 33.3333 normal random 0.3 10000 0.05 0.95 14
synthetic_16547_16547_1671147_avg100.994_std127.8539_random_bw4963.3642_skew162.8415_neigh0.5315_cross0.0948_n14.mtx
	16547 16547 100 33.3333 normal random 0.3 1000 0.5 0.05 14
	16547 16547 100 33.3333 normal random 0.3 10000 0.5 0.05 14
synthetic_16547_16547_1671147_avg100.994_std127.8539_random_bw4961.8631_skew162.8415_neigh0.531_cross0.5242_n14.mtx
	16547 16547 100 33.3333 normal random 0.3 1000 0.5 0.5 14
	16547 16547 100 33.3333 normal random 0.3 10000 0.5 0.5 14
synthetic_16547_16547_1671147_avg100.994_std127.8539_random_bw4941.5594_skew162.8415_neigh0.5371_cross0.9419_n14.mtx
	16547 16547 100 33.3333 normal random 0.3 1000 0.5 0.95 14
	16547 16547 100 33.3333 normal random 0.3 10000 0.5 0.95 14
synthetic_16547_16547_1671147_avg100.994_std127.8539_random_bw4967.178_skew162.8415_neigh0.9636_cross0.0844_n14.mtx
	16547 16547 100 33.3333 normal random 0.3 1000 0.95 0.05 14
	16547 16547 100 33.3333 normal random 0.3 10000 0.95 0.05 14
synthetic_16547_16547_1671147_avg100.994_std127.8539_random_bw4968.95_skew162.8415_neigh0.9623_cross0.5141_n14.mtx
	16547 16547 100 33.3333 normal random 0.3 1000 0.95 0.5 14
	16547 16547 100 33.3333 normal random 0.3 10000 0.95 0.5 14
synthetic_16547_16547_1671147_avg100.994_std127.8539_random_bw4963.5979_skew162.8415_neigh0.9676_cross0.9414_n14.mtx
	16547 16547 100 33.3333 normal random 0.3 1000 0.95 0.95 14
	16547 16547 100 33.3333 normal random 0.3 10000 0.95 0.95 14
synthetic_16547_16547_1671147_avg100.994_std127.8539_random_bw9929.3434_skew162.8415_neigh0.0872_cross0.0771_n14.mtx
	16547 16547 100 33.3333 normal random 0.6 1000 0.05 0.05 14
	16547 16547 100 33.3333 normal random 0.6 10000 0.05 0.05 14
synthetic_16547_16547_1671147_avg100.994_std127.8539_random_bw9929.0548_skew162.8415_neigh0.0876_cross0.5096_n14.mtx
	16547 16547 100 33.3333 normal random 0.6 1000 0.05 0.5 14
	16547 16547 100 33.3333 normal random 0.6 10000 0.05 0.5 14
synthetic_16547_16547_1671147_avg100.994_std127.8539_random_bw9925.6572_skew162.8415_neigh0.0901_cross0.9408_n14.mtx
	16547 16547 100 33.3333 normal random 0.6 1000 0.05 0.95 14
	16547 16547 100 33.3333 normal random 0.6 10000 0.05 0.95 14
synthetic_16547_16547_1671147_avg100.994_std127.8539_random_bw9926.1704_skew162.8415_neigh0.5201_cross0.0743_n14.mtx
	16547 16547 100 33.3333 normal random 0.6 1000 0.5 0.05 14
	16547 16547 100 33.3333 normal random 0.6 10000 0.5 0.05 14
synthetic_16547_16547_1671147_avg100.994_std127.8539_random_bw9923.7849_skew162.8415_neigh0.519_cross0.5084_n14.mtx
	16547 16547 100 33.3333 normal random 0.6 1000 0.5 0.5 14
	16547 16547 100 33.3333 normal random 0.6 10000 0.5 0.5 14
synthetic_16547_16547_1671147_avg100.994_std127.8539_random_bw9877.9093_skew162.8415_neigh0.5257_cross0.94_n14.mtx
	16547 16547 100 33.3333 normal random 0.6 1000 0.5 0.95 14
	16547 16547 100 33.3333 normal random 0.6 10000 0.5 0.95 14
synthetic_16547_16547_1671147_avg100.994_std127.8539_random_bw9926.0379_skew162.8415_neigh0.9575_cross0.0657_n14.mtx
	16547 16547 100 33.3333 normal random 0.6 1000 0.95 0.05 14
	16547 16547 100 33.3333 normal random 0.6 10000 0.95 0.05 14
synthetic_16547_16547_1671147_avg100.994_std127.8539_random_bw9934.51_skew162.8415_neigh0.9547_cross0.5028_n14.mtx
	16547 16547 100 33.3333 normal random 0.6 1000 0.95 0.5 14
	16547 16547 100 33.3333 normal random 0.6 10000 0.95 0.5 14
synthetic_16547_16547_1671147_avg100.994_std127.8539_random_bw9898.4649_skew162.8415_neigh0.9627_cross0.9422_n14.mtx
	16547 16547 100 33.3333 normal random 0.6 1000 0.95 0.95 14
	16547 16547 100 33.3333 normal random 0.6 10000 0.95 0.95 14
synthetic_12192_12192_1231292_avg100.9918_std109.5072_random_bw618.2721_skew119.7227_neigh0.3672_cross0.4312_n14.mtx
	12192 12192 100 33.3333 normal random 0.05 1000 0.05 0.05 14
	12192 12192 100 33.3333 normal random 0.05 10000 0.05 0.05 14
synthetic_12192_12192_1231292_avg100.9918_std109.5072_random_bw618.3376_skew119.7227_neigh0.3678_cross0.6954_n14.mtx
	12192 12192 100 33.3333 normal random 0.05 1000 0.05 0.5 14
	12192 12192 100 33.3333 normal random 0.05 10000 0.05 0.5 14
synthetic_12192_12192_1231292_avg100.9918_std109.5072_random_bw615.2431_skew119.7227_neigh0.3796_cross0.9641_n14.mtx
	12192 12192 100 33.3333 normal random 0.05 1000 0.05 0.95 14
	12192 12192 100 33.3333 normal random 0.05 10000 0.05 0.95 14
synthetic_12192_12192_1231292_avg100.9918_std109.5072_random_bw616.615_skew119.7227_neigh0.6978_cross0.3856_n14.mtx
	12192 12192 100 33.3333 normal random 0.05 1000 0.5 0.05 14
	12192 12192 100 33.3333 normal random 0.05 10000 0.5 0.05 14
synthetic_12192_12192_1231292_avg100.9918_std109.5072_random_bw616.3878_skew119.7227_neigh0.6965_cross0.6707_n14.mtx
	12192 12192 100 33.3333 normal random 0.05 1000 0.5 0.5 14
	12192 12192 100 33.3333 normal random 0.05 10000 0.5 0.5 14
synthetic_12192_12192_1231292_avg100.9918_std109.5072_random_bw616.4596_skew119.7227_neigh0.6938_cross0.9611_n14.mtx
	12192 12192 100 33.3333 normal random 0.05 1000 0.5 0.95 14
	12192 12192 100 33.3333 normal random 0.05 10000 0.5 0.95 14
synthetic_12192_12192_1231292_avg100.9918_std109.5072_random_bw615.1392_skew119.7227_neigh1.0558_cross0.3368_n14.mtx
	12192 12192 100 33.3333 normal random 0.05 1000 0.95 0.05 14
	12192 12192 100 33.3333 normal random 0.05 10000 0.95 0.05 14
synthetic_12192_12192_1231292_avg100.9918_std109.5072_random_bw615.1413_skew119.7227_neigh1.0542_cross0.6485_n14.mtx
	12192 12192 100 33.3333 normal random 0.05 1000 0.95 0.5 14
	12192 12192 100 33.3333 normal random 0.05 10000 0.95 0.5 14
synthetic_12192_12192_1231292_avg100.9918_std109.5072_random_bw614.1861_skew119.7227_neigh1.0535_cross0.9595_n14.mtx
	12192 12192 100 33.3333 normal random 0.05 1000 0.95 0.95 14
	12192 12192 100 33.3333 normal random 0.05 10000 0.95 0.95 14
synthetic_12192_12192_1231292_avg100.9918_std109.5072_random_bw3659.4954_skew119.7227_neigh0.1194_cross0.1216_n14.mtx
	12192 12192 100 33.3333 normal random 0.3 1000 0.05 0.05 14
	12192 12192 100 33.3333 normal random 0.3 10000 0.05 0.05 14
synthetic_12192_12192_1231292_avg100.9918_std109.5072_random_bw3658.9445_skew119.7227_neigh0.1186_cross0.5359_n14.mtx
	12192 12192 100 33.3333 normal random 0.3 1000 0.05 0.5 14
	12192 12192 100 33.3333 normal random 0.3 10000 0.05 0.5 14
synthetic_12192_12192_1231292_avg100.9918_std109.5072_random_bw3636.56_skew119.7227_neigh0.1345_cross0.946_n14.mtx
	12192 12192 100 33.3333 normal random 0.3 1000 0.05 0.95 14
	12192 12192 100 33.3333 normal random 0.3 10000 0.05 0.95 14
synthetic_12192_12192_1231292_avg100.9918_std109.5072_random_bw3658.1873_skew119.7227_neigh0.5396_cross0.1127_n14.mtx
	12192 12192 100 33.3333 normal random 0.3 1000 0.5 0.05 14
	12192 12192 100 33.3333 normal random 0.3 10000 0.5 0.05 14
synthetic_12192_12192_1231292_avg100.9918_std109.5072_random_bw3659.0087_skew119.7227_neigh0.5405_cross0.5268_n14.mtx
	12192 12192 100 33.3333 normal random 0.3 1000 0.5 0.5 14
	12192 12192 100 33.3333 normal random 0.3 10000 0.5 0.5 14
synthetic_12192_12192_1231292_avg100.9918_std109.5072_random_bw3657.3989_skew119.7227_neigh0.5422_cross0.9441_n14.mtx
	12192 12192 100 33.3333 normal random 0.3 1000 0.5 0.95 14
	12192 12192 100 33.3333 normal random 0.3 10000 0.5 0.95 14
synthetic_12192_12192_1231292_avg100.9918_std109.5072_random_bw3661.6893_skew119.7227_neigh0.9678_cross0.1037_n14.mtx
	12192 12192 100 33.3333 normal random 0.3 1000 0.95 0.05 14
	12192 12192 100 33.3333 normal random 0.3 10000 0.95 0.05 14
synthetic_12192_12192_1231292_avg100.9918_std109.5072_random_bw3659.1432_skew119.7227_neigh0.9666_cross0.5246_n14.mtx
	12192 12192 100 33.3333 normal random 0.3 1000 0.95 0.5 14
	12192 12192 100 33.3333 normal random 0.3 10000 0.95 0.5 14
synthetic_12192_12192_1231292_avg100.9918_std109.5072_random_bw3653.0574_skew119.7227_neigh0.9795_cross0.9439_n14.mtx
	12192 12192 100 33.3333 normal random 0.3 1000 0.95 0.95 14
	12192 12192 100 33.3333 normal random 0.3 10000 0.95 0.95 14
synthetic_32985_32985_1682185_avg50.9985_std181.3397_random_bw1648.7396_skew645.7839_neigh0.1404_cross0.1279_n14.mtx
	32985 32985 50 16.6667 normal random 0.05 1000 0.05 0.05 14
	32985 32985 50 16.6667 normal random 0.05 10000 0.05 0.05 14
synthetic_32985_32985_1682185_avg50.9985_std181.3397_random_bw1648.6627_skew645.7839_neigh0.1414_cross0.5357_n14.mtx
	32985 32985 50 16.6667 normal random 0.05 1000 0.05 0.5 14
	32985 32985 50 16.6667 normal random 0.05 10000 0.05 0.5 14
synthetic_32985_32985_1682185_avg50.9985_std181.3397_random_bw1646.0977_skew645.7839_neigh0.1458_cross0.9454_n14.mtx
	32985 32985 50 16.6667 normal random 0.05 1000 0.05 0.95 14
	32985 32985 50 16.6667 normal random 0.05 10000 0.05 0.95 14
synthetic_32985_32985_1682185_avg50.9985_std181.3397_random_bw1650.103_skew645.7839_neigh0.5508_cross0.1176_n14.mtx
	32985 32985 50 16.6667 normal random 0.05 1000 0.5 0.05 14
	32985 32985 50 16.6667 normal random 0.05 10000 0.5 0.05 14
synthetic_32985_32985_1682185_avg50.9985_std181.3397_random_bw1650.7457_skew645.7839_neigh0.5509_cross0.529_n14.mtx
	32985 32985 50 16.6667 normal random 0.05 1000 0.5 0.5 14
	32985 32985 50 16.6667 normal random 0.05 10000 0.5 0.5 14
synthetic_32985_32985_1682185_avg50.9985_std181.3397_random_bw1649.7049_skew645.7839_neigh0.5482_cross0.9435_n14.mtx
	32985 32985 50 16.6667 normal random 0.05 1000 0.5 0.95 14
	32985 32985 50 16.6667 normal random 0.05 10000 0.5 0.95 14
synthetic_32985_32985_1682185_avg50.9985_std181.3397_random_bw1649.6961_skew645.7839_neigh0.9687_cross0.1052_n14.mtx
	32985 32985 50 16.6667 normal random 0.05 1000 0.95 0.05 14
	32985 32985 50 16.6667 normal random 0.05 10000 0.95 0.05 14
synthetic_32985_32985_1682185_avg50.9985_std181.3397_random_bw1650.069_skew645.7839_neigh0.9694_cross0.5216_n14.mtx
	32985 32985 50 16.6667 normal random 0.05 1000 0.95 0.5 14
	32985 32985 50 16.6667 normal random 0.05 10000 0.95 0.5 14
synthetic_32985_32985_1682185_avg50.9985_std181.3397_random_bw1653.6086_skew645.7839_neigh0.9681_cross0.9421_n14.mtx
	32985 32985 50 16.6667 normal random 0.05 1000 0.95 0.95 14
	32985 32985 50 16.6667 normal random 0.05 10000 0.95 0.95 14
synthetic_6944_6944_354094_avg50.9928_std82.7247_random_bw349.2687_skew135.1761_neigh0.6836_cross0.6526_n14.mtx
	6944 6944 50 16.6667 normal random 0.05 1000 0.5 0.5 14
	6944 6944 50 16.6667 normal random 0.05 10000 0.5 0.5 14
synthetic_6944_6944_354094_avg50.9928_std82.7247_random_bw348.4783_skew135.1761_neigh0.6768_cross0.9613_n14.mtx
	6944 6944 50 16.6667 normal random 0.05 1000 0.5 0.95 14
	6944 6944 50 16.6667 normal random 0.05 10000 0.5 0.95 14
synthetic_6944_6944_354094_avg50.9928_std82.7247_random_bw350.6825_skew135.1761_neigh1.0394_cross0.2969_n14.mtx
	6944 6944 50 16.6667 normal random 0.05 1000 0.95 0.05 14
	6944 6944 50 16.6667 normal random 0.05 10000 0.95 0.05 14
synthetic_6944_6944_354094_avg50.9928_std82.7247_random_bw351.6332_skew135.1761_neigh1.0346_cross0.6278_n14.mtx
	6944 6944 50 16.6667 normal random 0.05 1000 0.95 0.5 14
	6944 6944 50 16.6667 normal random 0.05 10000 0.95 0.5 14
synthetic_6944_6944_354094_avg50.9928_std82.7247_random_bw349.7228_skew135.1761_neigh1.0248_cross0.9547_n14.mtx
	6944 6944 50 16.6667 normal random 0.05 1000 0.95 0.95 14
	6944 6944 50 16.6667 normal random 0.05 10000 0.95 0.95 14
synthetic_6944_6944_354094_avg50.9928_std82.7247_random_bw2081.984_skew135.1761_neigh0.1303_cross0.1115_n14.mtx
	6944 6944 50 16.6667 normal random 0.3 1000 0.05 0.05 14
	6944 6944 50 16.6667 normal random 0.3 10000 0.05 0.05 14
synthetic_6944_6944_354094_avg50.9928_std82.7247_random_bw2081.2392_skew135.1761_neigh0.1297_cross0.5306_n14.mtx
	6944 6944 50 16.6667 normal random 0.3 1000 0.05 0.5 14
	6944 6944 50 16.6667 normal random 0.3 10000 0.05 0.5 14
synthetic_6944_6944_354094_avg50.9928_std82.7247_random_bw2080.482_skew135.1761_neigh0.1356_cross0.9406_n14.mtx
	6944 6944 50 16.6667 normal random 0.3 1000 0.05 0.95 14
	6944 6944 50 16.6667 normal random 0.3 10000 0.05 0.95 14
synthetic_6944_6944_354094_avg50.9928_std82.7247_random_bw2084.1923_skew135.1761_neigh0.5463_cross0.1035_n14.mtx
	6944 6944 50 16.6667 normal random 0.3 1000 0.5 0.05 14
	6944 6944 50 16.6667 normal random 0.3 10000 0.5 0.05 14
synthetic_6944_6944_354094_avg50.9928_std82.7247_random_bw2080.1381_skew135.1761_neigh0.5512_cross0.527_n14.mtx
	6944 6944 50 16.6667 normal random 0.3 1000 0.5 0.5 14
	6944 6944 50 16.6667 normal random 0.3 10000 0.5 0.5 14
synthetic_6944_6944_354094_avg50.9928_std82.7247_random_bw2078.5251_skew135.1761_neigh0.546_cross0.9439_n14.mtx
	6944 6944 50 16.6667 normal random 0.3 1000 0.5 0.95 14
	6944 6944 50 16.6667 normal random 0.3 10000 0.5 0.95 14
synthetic_6944_6944_354094_avg50.9928_std82.7247_random_bw2083.3308_skew135.1761_neigh0.9674_cross0.0913_n14.mtx
	6944 6944 50 16.6667 normal random 0.3 1000 0.95 0.05 14
	6944 6944 50 16.6667 normal random 0.3 10000 0.95 0.05 14
synthetic_6944_6944_354094_avg50.9928_std82.7247_random_bw2081.4002_skew135.1761_neigh0.9651_cross0.5202_n14.mtx
	6944 6944 50 16.6667 normal random 0.3 1000 0.95 0.5 14
	6944 6944 50 16.6667 normal random 0.3 10000 0.95 0.5 14
synthetic_6944_6944_354094_avg50.9928_std82.7247_random_bw2083.5675_skew135.1761_neigh0.9762_cross0.9381_n14.mtx
	6944 6944 50 16.6667 normal random 0.3 1000 0.95 0.95 14
	6944 6944 50 16.6667 normal random 0.3 10000 0.95 0.95 14
synthetic_6944_6944_354094_avg50.9928_std82.7247_random_bw4162.8416_skew135.1761_neigh0.1088_cross0.0822_n14.mtx
	6944 6944 50 16.6667 normal random 0.6 1000 0.05 0.05 14
	6944 6944 50 16.6667 normal random 0.6 10000 0.05 0.05 14
synthetic_6944_6944_354094_avg50.9928_std82.7247_random_bw4159.8442_skew135.1761_neigh0.1094_cross0.5101_n14.mtx
	6944 6944 50 16.6667 normal random 0.6 1000 0.05 0.5 14
	6944 6944 50 16.6667 normal random 0.6 10000 0.05 0.5 14
synthetic_6944_6944_354094_avg50.9928_std82.7247_random_bw4161.2523_skew135.1761_neigh0.114_cross0.9437_n14.mtx
	6944 6944 50 16.6667 normal random 0.6 1000 0.05 0.95 14
	6944 6944 50 16.6667 normal random 0.6 10000 0.05 0.95 14
synthetic_6944_6944_354094_avg50.9928_std82.7247_random_bw4165.2946_skew135.1761_neigh0.5325_cross0.0791_n14.mtx
	6944 6944 50 16.6667 normal random 0.6 1000 0.5 0.05 14
	6944 6944 50 16.6667 normal random 0.6 10000 0.5 0.05 14
synthetic_6944_6944_354094_avg50.9928_std82.7247_random_bw4165.1861_skew135.1761_neigh0.5342_cross0.5014_n14.mtx
	6944 6944 50 16.6667 normal random 0.6 1000 0.5 0.5 14
	6944 6944 50 16.6667 normal random 0.6 10000 0.5 0.5 14
synthetic_6944_6944_354094_avg50.9928_std82.7247_random_bw4153.084_skew135.1761_neigh0.5285_cross0.9428_n14.mtx
	6944 6944 50 16.6667 normal random 0.6 1000 0.5 0.95 14
	6944 6944 50 16.6667 normal random 0.6 10000 0.5 0.95 14
synthetic_6944_6944_354094_avg50.9928_std82.7247_random_bw4155.1953_skew135.1761_neigh0.9598_cross0.0703_n14.mtx
	6944 6944 50 16.6667 normal random 0.6 1000 0.95 0.05 14
	6944 6944 50 16.6667 normal random 0.6 10000 0.95 0.05 14
synthetic_6944_6944_354094_avg50.9928_std82.7247_random_bw4159.9846_skew135.1761_neigh0.9577_cross0.5043_n14.mtx
	6944 6944 50 16.6667 normal random 0.6 1000 0.95 0.5 14
	6944 6944 50 16.6667 normal random 0.6 10000 0.95 0.5 14
synthetic_6944_6944_354094_avg50.9928_std82.7247_random_bw4174.7474_skew135.1761_neigh0.9568_cross0.9382_n14.mtx
	6944 6944 50 16.6667 normal random 0.6 1000 0.95 0.95 14
	6944 6944 50 16.6667 normal random 0.6 10000 0.95 0.95 14
synthetic_2445_2445_1224445_avg500.7955_std39.327_random_bw951.764_skew3.8822_neigh1.0608_cross0.8944_n14.mtx
	2445 2445 500 166.6667 normal random 0.3 1000 0.05 0.05 14
	2445 2445 500 166.6667 normal random 0.3 10000 0.05 0.05 14
synthetic_2445_2445_1224445_avg500.7955_std39.327_random_bw951.3624_skew3.8822_neigh1.0599_cross0.9421_n14.mtx
	2445 2445 500 166.6667 normal random 0.3 1000 0.05 0.5 14
	2445 2445 500 166.6667 normal random 0.3 10000 0.05 0.5 14
synthetic_2445_2445_1224445_avg500.7955_std39.327_random_bw943.7791_skew3.8822_neigh1.0794_cross0.9922_n14.mtx
	2445 2445 500 166.6667 normal random 0.3 1000 0.05 0.95 14
	2445 2445 500 166.6667 normal random 0.3 10000 0.05 0.95 14
synthetic_2445_2445_1224445_avg500.7955_std39.327_random_bw838.0613_skew3.8822_neigh1.293_cross0.9109_n14.mtx
	2445 2445 500 166.6667 normal random 0.3 1000 0.5 0.05 14
	2445 2445 500 166.6667 normal random 0.3 10000 0.5 0.05 14
synthetic_2445_2445_1224445_avg500.7955_std39.327_random_bw837.7885_skew3.8822_neigh1.2944_cross0.9533_n14.mtx
	2445 2445 500 166.6667 normal random 0.3 1000 0.5 0.5 14
	2445 2445 500 166.6667 normal random 0.3 10000 0.5 0.5 14
synthetic_2445_2445_1224445_avg500.7955_std39.327_random_bw836.8528_skew3.8822_neigh1.2953_cross0.993_n14.mtx
	2445 2445 500 166.6667 normal random 0.3 1000 0.5 0.95 14
	2445 2445 500 166.6667 normal random 0.3 10000 0.5 0.95 14
synthetic_2445_2445_1224445_avg500.7955_std39.327_random_bw779.1611_skew3.8822_neigh1.4748_cross0.9023_n14.mtx
	2445 2445 500 166.6667 normal random 0.3 1000 0.95 0.05 14
	2445 2445 500 166.6667 normal random 0.3 10000 0.95 0.05 14
synthetic_2445_2445_1224445_avg500.7955_std39.327_random_bw779.1166_skew3.8822_neigh1.474_cross0.9478_n14.mtx
	2445 2445 500 166.6667 normal random 0.3 1000 0.95 0.5 14
	2445 2445 500 166.6667 normal random 0.3 10000 0.95 0.5 14
synthetic_2445_2445_1224445_avg500.7955_std39.327_random_bw777.5591_skew3.8822_neigh1.4835_cross0.9939_n14.mtx
	2445 2445 500 166.6667 normal random 0.3 1000 0.95 0.95 14
	2445 2445 500 166.6667 normal random 0.3 10000 0.95 0.95 14
synthetic_12192_12192_1231292_avg100.9918_std109.5072_random_bw7314.2611_skew119.7227_neigh0.0943_cross0.0858_n14.mtx
	12192 12192 100 33.3333 normal random 0.6 1000 0.05 0.05 14
	12192 12192 100 33.3333 normal random 0.6 10000 0.05 0.05 14
synthetic_12192_12192_1231292_avg100.9918_std109.5072_random_bw7312.7158_skew119.7227_neigh0.0939_cross0.5112_n14.mtx
	12192 12192 100 33.3333 normal random 0.6 1000 0.05 0.5 14
	12192 12192 100 33.3333 normal random 0.6 10000 0.05 0.5 14
synthetic_12192_12192_1231292_avg100.9918_std109.5072_random_bw7266.0737_skew119.7227_neigh0.1065_cross0.9396_n14.mtx
	12192 12192 100 33.3333 normal random 0.6 1000 0.05 0.95 14
	12192 12192 100 33.3333 normal random 0.6 10000 0.05 0.95 14
synthetic_12192_12192_1231292_avg100.9918_std109.5072_random_bw7313.9002_skew119.7227_neigh0.5247_cross0.0765_n14.mtx
	12192 12192 100 33.3333 normal random 0.6 1000 0.5 0.05 14
	12192 12192 100 33.3333 normal random 0.6 10000 0.5 0.05 14
synthetic_12192_12192_1231292_avg100.9918_std109.5072_random_bw7310.4951_skew119.7227_neigh0.5248_cross0.5106_n14.mtx
	12192 12192 100 33.3333 normal random 0.6 1000 0.5 0.5 14
	12192 12192 100 33.3333 normal random 0.6 10000 0.5 0.5 14
synthetic_12192_12192_1231292_avg100.9918_std109.5072_random_bw7312.2337_skew119.7227_neigh0.5254_cross0.9442_n14.mtx
	12192 12192 100 33.3333 normal random 0.6 1000 0.5 0.95 14
	12192 12192 100 33.3333 normal random 0.6 10000 0.5 0.95 14
synthetic_12192_12192_1231292_avg100.9918_std109.5072_random_bw7315.5819_skew119.7227_neigh0.9598_cross0.0753_n14.mtx
	12192 12192 100 33.3333 normal random 0.6 1000 0.95 0.05 14
	12192 12192 100 33.3333 normal random 0.6 10000 0.95 0.05 14
synthetic_12192_12192_1231292_avg100.9918_std109.5072_random_bw7310.8912_skew119.7227_neigh0.9589_cross0.5105_n14.mtx
	12192 12192 100 33.3333 normal random 0.6 1000 0.95 0.5 14
	12192 12192 100 33.3333 normal random 0.6 10000 0.95 0.5 14
synthetic_12192_12192_1231292_avg100.9918_std109.5072_random_bw7287.352_skew119.7227_neigh0.9661_cross0.9427_n14.mtx
	12192 12192 100 33.3333 normal random 0.6 1000 0.95 0.95 14
	12192 12192 100 33.3333 normal random 0.6 10000 0.95 0.95 14
synthetic_2445_2445_1224445_avg500.7955_std39.327_random_bw1467.5284_skew3.8822_neigh0.7033_cross0.7228_n14.mtx
	2445 2445 500 166.6667 normal random 0.6 1000 0.05 0.05 14
	2445 2445 500 166.6667 normal random 0.6 10000 0.05 0.05 14
synthetic_2445_2445_1224445_avg500.7955_std39.327_random_bw1466.735_skew3.8822_neigh0.7045_cross0.8483_n14.mtx
	2445 2445 500 166.6667 normal random 0.6 1000 0.05 0.5 14
	2445 2445 500 166.6667 normal random 0.6 10000 0.05 0.5 14
synthetic_2445_2445_1224445_avg500.7955_std39.327_random_bw1449.9902_skew3.8822_neigh0.7239_cross0.9825_n14.mtx
	2445 2445 500 166.6667 normal random 0.6 1000 0.05 0.95 14
	2445 2445 500 166.6667 normal random 0.6 10000 0.05 0.95 14
synthetic_2445_2445_1224445_avg500.7955_std39.327_random_bw1468.584_skew3.8822_neigh0.9251_cross0.6714_n14.mtx
	2445 2445 500 166.6667 normal random 0.6 1000 0.5 0.05 14
	2445 2445 500 166.6667 normal random 0.6 10000 0.5 0.05 14
synthetic_2445_2445_1224445_avg500.7955_std39.327_random_bw1467.7828_skew3.8822_neigh0.9256_cross0.8231_n14.mtx
	2445 2445 500 166.6667 normal random 0.6 1000 0.5 0.5 14
	2445 2445 500 166.6667 normal random 0.6 10000 0.5 0.5 14
synthetic_2445_2445_1224445_avg500.7955_std39.327_random_bw1464.8777_skew3.8822_neigh0.9311_cross0.9764_n14.mtx
	2445 2445 500 166.6667 normal random 0.6 1000 0.5 0.95 14
	2445 2445 500 166.6667 normal random 0.6 10000 0.5 0.95 14
synthetic_2445_2445_1224445_avg500.7955_std39.327_random_bw1469.9947_skew3.8822_neigh1.1905_cross0.6037_n14.mtx
	2445 2445 500 166.6667 normal random 0.6 1000 0.95 0.05 14
	2445 2445 500 166.6667 normal random 0.6 10000 0.95 0.05 14
synthetic_2445_2445_1224445_avg500.7955_std39.327_random_bw1469.7501_skew3.8822_neigh1.19_cross0.7929_n14.mtx
	2445 2445 500 166.6667 normal random 0.6 1000 0.95 0.5 14
	2445 2445 500 166.6667 normal random 0.6 10000 0.95 0.5 14
synthetic_2445_2445_1224445_avg500.7955_std39.327_random_bw1465.3317_skew3.8822_neigh1.2014_cross0.9753_n14.mtx
	2445 2445 500 166.6667 normal random 0.6 1000 0.95 0.95 14
	2445 2445 500 166.6667 normal random 0.6 10000 0.95 0.95 14
synthetic_32985_32985_1682185_avg50.9985_std181.3397_random_bw9887.7_skew645.7839_neigh0.0966_cross0.0633_n14.mtx
	32985 32985 50 16.6667 normal random 0.3 1000 0.05 0.05 14
	32985 32985 50 16.6667 normal random 0.3 10000 0.05 0.05 14
synthetic_32985_32985_1682185_avg50.9985_std181.3397_random_bw9891.8079_skew645.7839_neigh0.0963_cross0.5037_n14.mtx
	32985 32985 50 16.6667 normal random 0.3 1000 0.05 0.5 14
	32985 32985 50 16.6667 normal random 0.3 10000 0.05 0.5 14
synthetic_32985_32985_1682185_avg50.9985_std181.3397_random_bw9858.4076_skew645.7839_neigh0.0997_cross0.941_n14.mtx
	32985 32985 50 16.6667 normal random 0.3 1000 0.05 0.95 14
	32985 32985 50 16.6667 normal random 0.3 10000 0.05 0.95 14
synthetic_32985_32985_1682185_avg50.9985_std181.3397_random_bw9888.625_skew645.7839_neigh0.5237_cross0.0607_n14.mtx
	32985 32985 50 16.6667 normal random 0.3 1000 0.5 0.05 14
	32985 32985 50 16.6667 normal random 0.3 10000 0.5 0.05 14
synthetic_32985_32985_1682185_avg50.9985_std181.3397_random_bw9885.7_skew645.7839_neigh0.5232_cross0.506_n14.mtx
	32985 32985 50 16.6667 normal random 0.3 1000 0.5 0.5 14
	32985 32985 50 16.6667 normal random 0.3 10000 0.5 0.5 14
synthetic_32985_32985_1682185_avg50.9985_std181.3397_random_bw9879.415_skew645.7839_neigh0.5243_cross0.9409_n14.mtx
	32985 32985 50 16.6667 normal random 0.3 1000 0.5 0.95 14
	32985 32985 50 16.6667 normal random 0.3 10000 0.5 0.95 14
synthetic_32985_32985_1682185_avg50.9985_std181.3397_random_bw9878.4353_skew645.7839_neigh0.9549_cross0.058_n14.mtx
	32985 32985 50 16.6667 normal random 0.3 1000 0.95 0.05 14
	32985 32985 50 16.6667 normal random 0.3 10000 0.95 0.05 14
synthetic_32985_32985_1682185_avg50.9985_std181.3397_random_bw9886.214_skew645.7839_neigh0.9548_cross0.4996_n14.mtx
	32985 32985 50 16.6667 normal random 0.3 1000 0.95 0.5 14
	32985 32985 50 16.6667 normal random 0.3 10000 0.95 0.5 14
synthetic_32985_32985_1682185_avg50.9985_std181.3397_random_bw9843.704_skew645.7839_neigh0.953_cross0.943_n14.mtx
	32985 32985 50 16.6667 normal random 0.3 1000 0.95 0.95 14
	32985 32985 50 16.6667 normal random 0.3 10000 0.95 0.95 14
synthetic_32985_32985_1682185_avg50.9985_std181.3397_random_bw19777.8973_skew645.7839_neigh0.0919_cross0.0546_n14.mtx
	32985 32985 50 16.6667 normal random 0.6 1000 0.05 0.05 14
	32985 32985 50 16.6667 normal random 0.6 10000 0.05 0.05 14
synthetic_32985_32985_1682185_avg50.9985_std181.3397_random_bw19779.4286_skew645.7839_neigh0.0911_cross0.4994_n14.mtx
	32985 32985 50 16.6667 normal random 0.6 1000 0.05 0.5 14
	32985 32985 50 16.6667 normal random 0.6 10000 0.05 0.5 14
synthetic_32985_32985_1682185_avg50.9985_std181.3397_random_bw19751.913_skew645.7839_neigh0.0957_cross0.9395_n14.mtx
	32985 32985 50 16.6667 normal random 0.6 1000 0.05 0.95 14
	32985 32985 50 16.6667 normal random 0.6 10000 0.05 0.95 14
synthetic_32985_32985_1682185_avg50.9985_std181.3397_random_bw19770.5721_skew645.7839_neigh0.5211_cross0.0572_n14.mtx
	32985 32985 50 16.6667 normal random 0.6 1000 0.5 0.05 14
	32985 32985 50 16.6667 normal random 0.6 10000 0.5 0.05 14
synthetic_32985_32985_1682185_avg50.9985_std181.3397_random_bw19773.4853_skew645.7839_neigh0.5219_cross0.5026_n14.mtx
	32985 32985 50 16.6667 normal random 0.6 1000 0.5 0.5 14
	32985 32985 50 16.6667 normal random 0.6 10000 0.5 0.5 14
synthetic_32985_32985_1682185_avg50.9985_std181.3397_random_bw19741.6415_skew645.7839_neigh0.5209_cross0.9407_n14.mtx
	32985 32985 50 16.6667 normal random 0.6 1000 0.5 0.95 14
	32985 32985 50 16.6667 normal random 0.6 10000 0.5 0.95 14
synthetic_32985_32985_1682185_avg50.9985_std181.3397_random_bw19748.8954_skew645.7839_neigh0.953_cross0.0545_n14.mtx
	32985 32985 50 16.6667 normal random 0.6 1000 0.95 0.05 14
	32985 32985 50 16.6667 normal random 0.6 10000 0.95 0.05 14
synthetic_32985_32985_1682185_avg50.9985_std181.3397_random_bw19743.7183_skew645.7839_neigh0.9536_cross0.4993_n14.mtx
	32985 32985 50 16.6667 normal random 0.6 1000 0.95 0.5 14
	32985 32985 50 16.6667 normal random 0.6 10000 0.95 0.5 14
synthetic_32985_32985_1682185_avg50.9985_std181.3397_random_bw19709.6564_skew645.7839_neigh0.9541_cross0.9417_n14.mtx
	32985 32985 50 16.6667 normal random 0.6 1000 0.95 0.95 14
	32985 32985 50 16.6667 normal random 0.6 10000 0.95 0.95 14
synthetic_41665_41665_2124865_avg50.9988_std203.8727_random_bw12488.3869_skew815.98_neigh0.0945_cross0.0605_n14.mtx
	41665 41665 50 16.6667 normal random 0.3 1000 0.05 0.05 14
	41665 41665 50 16.6667 normal random 0.3 10000 0.05 0.05 14
synthetic_41665_41665_2124865_avg50.9988_std203.8727_random_bw12490.1674_skew815.98_neigh0.0946_cross0.5006_n14.mtx
	41665 41665 50 16.6667 normal random 0.3 1000 0.05 0.5 14
	41665 41665 50 16.6667 normal random 0.3 10000 0.05 0.5 14
synthetic_41665_41665_2124865_avg50.9988_std203.8727_random_bw12486.3375_skew815.98_neigh0.094_cross0.9405_n14.mtx
	41665 41665 50 16.6667 normal random 0.3 1000 0.05 0.95 14
	41665 41665 50 16.6667 normal random 0.3 10000 0.05 0.95 14
synthetic_41665_41665_2124865_avg50.9988_std203.8727_random_bw12494.4572_skew815.98_neigh0.5234_cross0.0576_n14.mtx
	41665 41665 50 16.6667 normal random 0.3 1000 0.5 0.05 14
	41665 41665 50 16.6667 normal random 0.3 10000 0.5 0.05 14
synthetic_41665_41665_2124865_avg50.9988_std203.8727_random_bw12492.8627_skew815.98_neigh0.5233_cross0.5001_n14.mtx
	41665 41665 50 16.6667 normal random 0.3 1000 0.5 0.5 14
	41665 41665 50 16.6667 normal random 0.3 10000 0.5 0.5 14
synthetic_41665_41665_2124865_avg50.9988_std203.8727_random_bw12479.779_skew815.98_neigh0.5264_cross0.9411_n14.mtx
	41665 41665 50 16.6667 normal random 0.3 1000 0.5 0.95 14
	41665 41665 50 16.6667 normal random 0.3 10000 0.5 0.95 14
synthetic_41665_41665_2124865_avg50.9988_std203.8727_random_bw12477.2726_skew815.98_neigh0.9535_cross0.0576_n14.mtx
	41665 41665 50 16.6667 normal random 0.3 1000 0.95 0.05 14
	41665 41665 50 16.6667 normal random 0.3 10000 0.95 0.05 14
synthetic_41665_41665_2124865_avg50.9988_std203.8727_random_bw12475.4249_skew815.98_neigh0.9541_cross0.502_n14.mtx
	41665 41665 50 16.6667 normal random 0.3 1000 0.95 0.5 14
	41665 41665 50 16.6667 normal random 0.3 10000 0.95 0.5 14
synthetic_41665_41665_2124865_avg50.9988_std203.8727_random_bw12486.0112_skew815.98_neigh0.9593_cross0.9421_n14.mtx
	41665 41665 50 16.6667 normal random 0.3 1000 0.95 0.95 14
	41665 41665 50 16.6667 normal random 0.3 10000 0.95 0.95 14
synthetic_41665_41665_2124865_avg50.9988_std203.8727_random_bw24974.7666_skew815.98_neigh0.0909_cross0.0519_n14.mtx
	41665 41665 50 16.6667 normal random 0.6 1000 0.05 0.05 14
	41665 41665 50 16.6667 normal random 0.6 10000 0.05 0.05 14
synthetic_41665_41665_2124865_avg50.9988_std203.8727_random_bw24976.4243_skew815.98_neigh0.0907_cross0.4959_n14.mtx
	41665 41665 50 16.6667 normal random 0.6 1000 0.05 0.5 14
	41665 41665 50 16.6667 normal random 0.6 10000 0.05 0.5 14
synthetic_41665_41665_2124865_avg50.9988_std203.8727_random_bw24971.3037_skew815.98_neigh0.0914_cross0.9405_n14.mtx
	41665 41665 50 16.6667 normal random 0.6 1000 0.05 0.95 14
	41665 41665 50 16.6667 normal random 0.6 10000 0.05 0.95 14
synthetic_41665_41665_2124865_avg50.9988_std203.8727_random_bw24982.3527_skew815.98_neigh0.5212_cross0.0542_n14.mtx
	41665 41665 50 16.6667 normal random 0.6 1000 0.5 0.05 14
	41665 41665 50 16.6667 normal random 0.6 10000 0.5 0.05 14
synthetic_41665_41665_2124865_avg50.9988_std203.8727_random_bw24968.7557_skew815.98_neigh0.5205_cross0.5002_n14.mtx
	41665 41665 50 16.6667 normal random 0.6 1000 0.5 0.5 14
	41665 41665 50 16.6667 normal random 0.6 10000 0.5 0.5 14
synthetic_41665_41665_2124865_avg50.9988_std203.8727_random_bw24919.4036_skew815.98_neigh0.5239_cross0.9409_n14.mtx
	41665 41665 50 16.6667 normal random 0.6 1000 0.5 0.95 14
	41665 41665 50 16.6667 normal random 0.6 10000 0.5 0.95 14
synthetic_41665_41665_2124865_avg50.9988_std203.8727_random_bw24949.1239_skew815.98_neigh0.9527_cross0.0532_n14.mtx
	41665 41665 50 16.6667 normal random 0.6 1000 0.95 0.05 14
	41665 41665 50 16.6667 normal random 0.6 10000 0.95 0.05 14
synthetic_41665_41665_2124865_avg50.9988_std203.8727_random_bw24967.3373_skew815.98_neigh0.9527_cross0.4972_n14.mtx
	41665 41665 50 16.6667 normal random 0.6 1000 0.95 0.5 14
	41665 41665 50 16.6667 normal random 0.6 10000 0.95 0.5 14
synthetic_41665_41665_2124865_avg50.9988_std203.8727_random_bw24846.1167_skew815.98_neigh0.9556_cross0.9416_n14.mtx
	41665 41665 50 16.6667 normal random 0.6 1000 0.95 0.95 14
	41665 41665 50 16.6667 normal random 0.6 10000 0.95 0.95 14
synthetic_698_698_340181_avg487.3653_std148.2854_random_bw542.1662_skew0.4322_neigh1.8635_cross0.907_n14.mtx
	698 698 500 166.6667 normal random 0.05 0 0.05 0.05 14
	698 698 500 166.6667 normal random 0.3 0 0.05 0.05 14
	698 698 500 166.6667 normal random 0.6 0 0.05 0.05 14
synthetic_698_698_340181_avg487.3653_std148.2854_random_bw523.9312_skew0.4322_neigh1.9062_cross0.8706_n14.mtx
	698 698 500 166.6667 normal random 0.05 0 0.05 0.5 14
	698 698 500 166.6667 normal random 0.3 0 0.05 0.5 14
	698 698 500 166.6667 normal random 0.6 0 0.05 0.5 14
synthetic_698_698_340181_avg487.3653_std148.2854_random_bw521.6117_skew0.4322_neigh1.9209_cross0.8491_n14.mtx
	698 698 500 166.6667 normal random 0.05 0 0.05 0.95 14
	698 698 500 166.6667 normal random 0.3 0 0.05 0.95 14
	698 698 500 166.6667 normal random 0.6 0 0.05 0.95 14
synthetic_698_698_348428_avg499.1805_std7.6163_random_bw499.2006_skew0.3983_neigh1.9959_cross0.9976_n14.mtx
	698 698 500 166.6667 normal random 0.05 100 0.05 0.5 14
	698 698 500 166.6667 normal random 0.3 100 0.05 0.5 14
	698 698 500 166.6667 normal random 0.6 100 0.05 0.5 14
synthetic_698_698_348428_avg499.1805_std7.6163_random_bw499.4327_skew0.3983_neigh1.9951_cross0.9973_n14.mtx
	698 698 500 166.6667 normal random 0.05 100 0.05 0.95 14
	698 698 500 166.6667 normal random 0.3 100 0.05 0.95 14
	698 698 500 166.6667 normal random 0.6 100 0.05 0.95 14
synthetic_2445_2445_1221754_avg499.6949_std39.3649_random_bw499.6949_skew3.893_neigh1.996_cross0.9991_n14.mtx
	2445 2445 500 166.6667 normal random 0.05 100 0.05 0.05 14
	2445 2445 500 166.6667 normal random 0.05 100 0.5 0.05 14
	2445 2445 500 166.6667 normal random 0.05 100 0.95 0.05 14
synthetic_4191_4191_2099190_avg500.8805_std57.0077_random_bw500.8805_skew7.3673_neigh1.996_cross0.9993_n14.mtx
	4191 4191 500 166.6667 normal random 0.05 1000 0.05 0.95 14
	4191 4191 500 166.6667 normal random 0.05 1000 0.5 0.95 14
	4191 4191 500 166.6667 normal random 0.05 1000 0.95 0.5 14
	4191 4191 500 166.6667 normal random 0.05 1000 0.95 0.95 14
synthetic_4191_4191_2099191_avg500.8807_std57.0077_random_bw500.8807_skew7.3673_neigh1.996_cross0.9993_n14.mtx
	4191 4191 500 166.6667 normal random 0.05 10000 0.05 0.95 14
	4191 4191 500 166.6667 normal random 0.05 10000 0.5 0.95 14
	4191 4191 500 166.6667 normal random 0.05 10000 0.95 0.5 14
	4191 4191 500 166.6667 normal random 0.05 10000 0.95 0.95 14
synthetic_698_698_348428_avg499.1805_std7.6163_random_bw499.1805_skew0.3983_neigh1.996_cross0.998_n14.mtx
	698 698 500 166.6667 normal random 0.05 100 0.05 0.05 14
	698 698 500 166.6667 normal random 0.05 100 0.5 0.05 14
	698 698 500 166.6667 normal random 0.3 100 0.05 0.05 14
	698 698 500 166.6667 normal random 0.3 100 0.5 0.05 14
	698 698 500 166.6667 normal random 0.6 100 0.05 0.05 14
synthetic_4191_4191_2099190_avg500.8805_std57.0077_random_bw500.8805_skew7.3673_neigh1.996_cross0.9996_n14.mtx
	4191 4191 500 166.6667 normal random 0.05 1000 0.05 0.05 14
	4191 4191 500 166.6667 normal random 0.05 1000 0.05 0.5 14
	4191 4191 500 166.6667 normal random 0.05 1000 0.5 0.05 14
	4191 4191 500 166.6667 normal random 0.05 1000 0.5 0.5 14
	4191 4191 500 166.6667 normal random 0.05 1000 0.95 0.05 14
synthetic_4191_4191_2099191_avg500.8807_std57.0077_random_bw500.8807_skew7.3673_neigh1.996_cross0.9996_n14.mtx
	4191 4191 500 166.6667 normal random 0.05 10000 0.05 0.05 14
	4191 4191 500 166.6667 normal random 0.05 10000 0.05 0.5 14
	4191 4191 500 166.6667 normal random 0.05 10000 0.5 0.05 14
	4191 4191 500 166.6667 normal random 0.05 10000 0.5 0.5 14
	4191 4191 500 166.6667 normal random 0.05 10000 0.95 0.05 14
synthetic_1571_1571_786571_avg500.6817_std27.0124_random_bw500.6817_skew2.1377_neigh1.996_cross0.9989_n14.mtx
	1571 1571 500 166.6667 normal random 0.05 1000 0.05 0.05 14
	1571 1571 500 166.6667 normal random 0.05 1000 0.95 0.05 14
	1571 1571 500 166.6667 normal random 0.05 1000 0.95 0.5 14
	1571 1571 500 166.6667 normal random 0.05 10000 0.05 0.05 14
	1571 1571 500 166.6667 normal random 0.05 10000 0.95 0.05 14
	1571 1571 500 166.6667 normal random 0.05 10000 0.95 0.5 14
	1571 1571 500 166.6667 normal random 0.3 1000 0.05 0.05 14
	1571 1571 500 166.6667 normal random 0.3 10000 0.05 0.05 14
synthetic_3318_3318_1661818_avg500.8493_std48.9145_random_bw500.8493_skew5.6247_neigh1.996_cross0.9994_n14.mtx
	3318 3318 500 166.6667 normal random 0.05 1000 0.05 0.05 14
	3318 3318 500 166.6667 normal random 0.05 1000 0.05 0.5 14
	3318 3318 500 166.6667 normal random 0.05 1000 0.5 0.05 14
	3318 3318 500 166.6667 normal random 0.05 1000 0.95 0.05 14
	3318 3318 500 166.6667 normal random 0.05 10000 0.05 0.05 14
	3318 3318 500 166.6667 normal random 0.05 10000 0.05 0.5 14
	3318 3318 500 166.6667 normal random 0.05 10000 0.5 0.05 14
	3318 3318 500 166.6667 normal random 0.05 10000 0.95 0.05 14
synthetic_2445_2445_1224445_avg500.7955_std39.327_random_bw500.7955_skew3.8822_neigh1.996_cross0.9993_n14.mtx
	2445 2445 500 166.6667 normal random 0.05 1000 0.05 0.05 14
	2445 2445 500 166.6667 normal random 0.05 1000 0.5 0.05 14
	2445 2445 500 166.6667 normal random 0.05 1000 0.95 0.05 14
	2445 2445 500 166.6667 normal random 0.05 1000 0.95 0.5 14
	2445 2445 500 166.6667 normal random 0.05 10000 0.05 0.05 14
	2445 2445 500 166.6667 normal random 0.05 10000 0.5 0.05 14
	2445 2445 500 166.6667 normal random 0.05 10000 0.95 0.05 14
	2445 2445 500 166.6667 normal random 0.05 10000 0.95 0.5 14
synthetic_698_698_349198_avg500.2837_std7.489_random_bw500.2837_skew0.3952_neigh1.996_cross0.9982_n14.mtx
	698 698 500 166.6667 normal random 0.05 1000 0.05 0.05 14
	698 698 500 166.6667 normal random 0.05 1000 0.5 0.05 14
	698 698 500 166.6667 normal random 0.05 10000 0.05 0.05 14
	698 698 500 166.6667 normal random 0.05 10000 0.5 0.05 14
	698 698 500 166.6667 normal random 0.3 1000 0.05 0.05 14
	698 698 500 166.6667 normal random 0.3 1000 0.5 0.05 14
	698 698 500 166.6667 normal random 0.3 10000 0.05 0.05 14
	698 698 500 166.6667 normal random 0.3 10000 0.5 0.05 14
	698 698 500 166.6667 normal random 0.6 1000 0.05 0.05 14
	698 698 500 166.6667 normal random 0.6 10000 0.05 0.05 14
synthetic_3318_3318_1661818_avg500.8493_std48.9145_random_bw500.8493_skew5.6247_neigh1.996_cross0.9991_n14.mtx
	3318 3318 500 166.6667 normal random 0.05 1000 0.05 0.95 14
	3318 3318 500 166.6667 normal random 0.05 1000 0.5 0.5 14
	3318 3318 500 166.6667 normal random 0.05 1000 0.5 0.95 14
	3318 3318 500 166.6667 normal random 0.05 1000 0.95 0.5 14
	3318 3318 500 166.6667 normal random 0.05 1000 0.95 0.95 14
	3318 3318 500 166.6667 normal random 0.05 10000 0.05 0.95 14
	3318 3318 500 166.6667 normal random 0.05 10000 0.5 0.5 14
	3318 3318 500 166.6667 normal random 0.05 10000 0.5 0.95 14
	3318 3318 500 166.6667 normal random 0.05 10000 0.95 0.5 14
	3318 3318 500 166.6667 normal random 0.05 10000 0.95 0.95 14
synthetic_2445_2445_1224445_avg500.7955_std39.327_random_bw500.7955_skew3.8822_neigh1.996_cross0.9989_n14.mtx
	2445 2445 500 166.6667 normal random 0.05 1000 0.05 0.5 14
	2445 2445 500 166.6667 normal random 0.05 1000 0.05 0.95 14
	2445 2445 500 166.6667 normal random 0.05 1000 0.5 0.5 14
	2445 2445 500 166.6667 normal random 0.05 1000 0.5 0.95 14
	2445 2445 500 166.6667 normal random 0.05 1000 0.95 0.95 14
	2445 2445 500 166.6667 normal random 0.05 10000 0.05 0.5 14
	2445 2445 500 166.6667 normal random 0.05 10000 0.05 0.95 14
	2445 2445 500 166.6667 normal random 0.05 10000 0.5 0.5 14
	2445 2445 500 166.6667 normal random 0.05 10000 0.5 0.95 14
	2445 2445 500 166.6667 normal random 0.05 10000 0.95 0.95 14
synthetic_1571_1571_786571_avg500.6817_std27.0124_random_bw500.6817_skew2.1377_neigh1.996_cross0.9983_n14.mtx
	1571 1571 500 166.6667 normal random 0.05 1000 0.05 0.5 14
	1571 1571 500 166.6667 normal random 0.05 1000 0.05 0.95 14
	1571 1571 500 166.6667 normal random 0.05 1000 0.5 0.05 14
	1571 1571 500 166.6667 normal random 0.05 1000 0.5 0.5 14
	1571 1571 500 166.6667 normal random 0.05 1000 0.5 0.95 14
	1571 1571 500 166.6667 normal random 0.05 1000 0.95 0.95 14
	1571 1571 500 166.6667 normal random 0.05 10000 0.05 0.5 14
	1571 1571 500 166.6667 normal random 0.05 10000 0.05 0.95 14
	1571 1571 500 166.6667 normal random 0.05 10000 0.5 0.05 14
	1571 1571 500 166.6667 normal random 0.05 10000 0.5 0.5 14
	1571 1571 500 166.6667 normal random 0.05 10000 0.5 0.95 14
	1571 1571 500 166.6667 normal random 0.05 10000 0.95 0.95 14
	1571 1571 500 166.6667 normal random 0.3 1000 0.05 0.5 14
	1571 1571 500 166.6667 normal random 0.3 1000 0.05 0.95 14
	1571 1571 500 166.6667 normal random 0.3 10000 0.05 0.5 14
	1571 1571 500 166.6667 normal random 0.3 10000 0.05 0.95 14
synthetic_698_698_349198_avg500.2837_std7.489_random_bw500.2837_skew0.3952_neigh1.996_cross0.9979_n14.mtx
	698 698 500 166.6667 normal random 0.05 1000 0.05 0.5 14
	698 698 500 166.6667 normal random 0.05 1000 0.05 0.95 14
	698 698 500 166.6667 normal random 0.05 1000 0.5 0.5 14
	698 698 500 166.6667 normal random 0.05 1000 0.5 0.95 14
	698 698 500 166.6667 normal random 0.05 1000 0.95 0.05 14
	698 698 500 166.6667 normal random 0.05 1000 0.95 0.5 14
	698 698 500 166.6667 normal random 0.05 1000 0.95 0.95 14
	698 698 500 166.6667 normal random 0.05 10000 0.05 0.5 14
	698 698 500 166.6667 normal random 0.05 10000 0.05 0.95 14
	698 698 500 166.6667 normal random 0.05 10000 0.5 0.5 14
	698 698 500 166.6667 normal random 0.05 10000 0.5 0.95 14
	698 698 500 166.6667 normal random 0.05 10000 0.95 0.05 14
	698 698 500 166.6667 normal random 0.05 10000 0.95 0.5 14
	698 698 500 166.6667 normal random 0.05 10000 0.95 0.95 14
	698 698 500 166.6667 normal random 0.3 1000 0.05 0.5 14
	698 698 500 166.6667 normal random 0.3 1000 0.05 0.95 14
	698 698 500 166.6667 normal random 0.3 1000 0.5 0.5 14
	698 698 500 166.6667 normal random 0.3 1000 0.5 0.95 14
	698 698 500 166.6667 normal random 0.3 1000 0.95 0.05 14
	698 698 500 166.6667 normal random 0.3 1000 0.95 0.5 14
	698 698 500 166.6667 normal random 0.3 1000 0.95 0.95 14
	698 698 500 166.6667 normal random 0.3 10000 0.05 0.5 14
	698 698 500 166.6667 normal random 0.3 10000 0.05 0.95 14
	698 698 500 166.6667 normal random 0.3 10000 0.5 0.5 14
	698 698 500 166.6667 normal random 0.3 10000 0.5 0.95 14
	698 698 500 166.6667 normal random 0.3 10000 0.95 0.05 14
	698 698 500 166.6667 normal random 0.3 10000 0.95 0.5 14
	698 698 500 166.6667 normal random 0.3 10000 0.95 0.95 14
	698 698 500 166.6667 normal random 0.6 1000 0.05 0.5 14
	698 698 500 166.6667 normal random 0.6 1000 0.05 0.95 14
	698 698 500 166.6667 normal random 0.6 10000 0.05 0.5 14
	698 698 500 166.6667 normal random 0.6 10000 0.05 0.95 14
